0 3 5 31
1 3 5 17
2 3 5 47
3 3 7 31
4 3 5 17
5 3 5 41
6 3 5 11
7 3 5 23
8 3 5 13
9 3 5 13
10 3 7 17
11 3 5 23
12 3 5 7
13 3 5 23
14 3 5 61
15 3 5 17
16 3 5 53
17 3 5 11
18 3 5 37
19 3 5 29
20 3 5 59
21 3 5 31
22 3 5 17
23 3 5 19
24 3 19 31
25 3 5 31
26 3 5 17
27 3 5 7
28 3 5 11
29 3 5 17
30 3 5 61
31 3 5 31
32 3 5 59
33 3 5 11
34 3 5 13
35 3 5 17
36 3 5 7
37 3 5 17
38 3 5 13
39 3 5 53
40 3 5 17
41 3 5 13
42 3 5 19
43 3 11 13
44 3 5 13
45 3 5 19
46 3 5 41
47 3 5 29
48 3 5 7
49 3 5 11
50 3 5 19
51 3 5 11
52 3 5 29
53 3 5 11
54 3 5 17
55 3 5 43
56 3 5 43
57 3 5 17
58 3 5 11
59 3 5 47
60 3 13 37
61 3 5 47
62 3 5 53
63 3 5 43
64 3 5 29
65 3 5 17
66 3 5 23
67 3 5 11
68 3 5 13
69 3 5 41
70 3 7 11
71 3 5 13
72 3 7 13
73 3 13 29
74 3 5 61
75 3 5 31
76 3 7 19
77 3 5 61
78 3 5 19
79 3 7 23
80 3 11 59
81 3 5 11
82 3 5 61
83 3 7 23
84 3 5 43
85 3 13 41
86 3 5 7
87 3 5 41
88 3 5 37
89 3 5 7
90 3 5 11
91 3 5 11
92 3 13 61
93 3 5 19
94 3 17 23
95 5 7 41
96 3 5 29
97 3 5 37
98 3 5 13
99 3 5 41
100 3 5 47
101 3 5 7
102 3 5 23
103 3 5 13
104 3 5 23
105 3 5 61
106 3 5 11
107 3 5 23
108 3 5 13
109 3 5 7
110 3 5 31
111 3 5 11
112 3 5 23
113 3 5 7
114 3 5 17
115 3 5 7
116 3 5 23
117 3 5 13
118 3 5 59
119 3 5 59
120 3 7 41
121 3 5 11
122 3 5 11
123 3 5 11
124 3 13 59
125 3 5 17
126 3 5 13
127 3 5 11
128 3 5 29
129 3 11 23
130 3 5 23
131 3 5 61
132 3 5 13
133 3 5 37
134 3 5 59
135 3 5 59
136 3 5 13
137 3 5 11
138 3 5 53
139 3 13 17
140 3 11 37
141 3 5 17
142 3 5 19
143 3 5 17
144 3 5 13
145 3 5 41
146 3 5 17
147 3 5 17
148 3 5 13
149 3 5 13
150 3 5 7
151 3 5 13
152 3 5 37
153 3 5 7
154 3 5 13
155 3 5 11
156 3 5 17
157 3 5 11
158 3 5 11
159 3 5 29
160 3 5 17
161 3 11 31
162 3 5 47
163 3 5 47
164 3 5 7
165 3 5 47
166 3 5 13
167 3 5 31
168 3 5 7
169 3 5 11
170 3 5 23
171 3 5 31
172 3 5 23
173 3 5 7
174 3 11 19
175 3 5 61
176 3 5 17
177 3 5 23
178 3 5 13
179 3 5 31
180 3 7 59
181 3 11 23
182 3 5 17
183 3 5 23
184 3 5 19
185 3 5 13
186 3 5 29
187 3 5 13
188 3 5 11
189 3 5 11
190 3 5 7
191 3 5 7
192 3 5 11
193 3 7 23
194 3 5 11
195 3 5 7
196 3 5 7
197 3 5 7
198 3 17 29
199 3 5 7
200 3 11 37
201 3 5 13
202 3 5 13
203 3 7 11
204 3 5 19
205 3 5 7
206 3 5 11
207 3 7 61
208 3 5 37
209 3 5 37
210 3 7 23
211 3 5 19
212 3 5 13
213 3 5 7
214 3 5 17
215 3 5 7
216 3 13 31
217 3 11 41
218 3 5 19
219 3 5 7
220 3 5 31
221 3 7 59
222 3 5 53
223 3 5 23
224 3 5 17
225 3 7 37
226 3 5 29
227 3 5 7
228 3 5 11
229 3 5 59
230 3 5 7
231 3 5 19
232 3 11 41
233 3 5 7
234 3 5 11
235 3 13 53
236 3 5 23
237 3 5 59
238 3 5 7
239 3 5 7
240 3 11 31
241 3 5 17
242 3 5 47
243 3 5 13
244 3 5 19
245 3 5 11
246 3 5 11
247 3 5 37
248 3 5 7
249 3 5 31
250 3 5 13
251 3 5 47
252 3 5 47
253 3 13 29
254 3 7 23
255 3 5 13
256 3 5 17
257 3 5 13
258 3 7 53
259 3 5 29
260 3 5 17
261 3 5 17
262 5 7 11
263 3 5 13
264 3 13 23
265 3 5 7
266 3 5 7
267 3 5 31
268 3 5 19
269 3 5 11
270 3 5 11
271 3 5 29
272 3 5 7
273 3 5 13
274 3 5 43
275 3 5 11
276 3 5 59
277 3 5 11
278 3 5 37
279 3 7 11
280 3 5 7
281 3 5 23
282 3 5 31
283 3 5 19
284 3 5 29
285 3 5 7
286 3 5 11
287 3 5 13
288 3 5 23
289 3 5 11
290 3 5 7
291 3 5 17
292 3 17 23
293 3 17 23
294 3 5 19
295 3 5 11
296 3 5 13
297 3 5 7
298 3 5 61
299 3 5 13
300 3 5 7
301 3 5 31
302 3 5 37
303 3 5 13
304 3 5 31
305 3 7 53
306 3 5 7
307 3 5 61
308 3 5 11
309 3 5 17
310 3 5 13
311 3 7 43
312 3 5 43
313 3 5 53
314 3 11 13
315 3 5 53
316 3 5 29
317 3 5 29
318 3 5 11
319 3 5 11
320 3 5 11
321 3 5 31
322 3 5 13
323 3 5 17
324 3 5 11
325 3 5 13
326 5 7 11
327 3 5 29
328 3 5 7
329 3 5 11
330 3 5 53
331 3 5 13
332 3 5 13
333 3 5 13
334 3 5 7
335 3 5 31
336 3 5 61
337 5 7 43
338 3 5 23
339 3 5 41
340 3 11 37
341 3 5 53
342 3 5 17
343 3 5 11
344 3 5 13
345 3 5 11
346 3 5 23
347 3 5 13
348 3 5 7
349 3 5 13
350 3 5 13
351 3 5 23
352 3 13 19
353 3 5 19
354 3 7 13
355 3 5 31
356 3 5 17
357 3 5 37
358 3 5 23
359 3 5 19
360 3 5 11
361 3 5 13
362 3 5 41
363 3 5 7
364 3 5 31
365 3 5 31
366 3 5 7
367 3 5 13
368 3 5 11
369 3 7 11
370 3 5 11
371 3 5 43
372 3 5 7
373 3 5 7
374 3 7 37
375 3 5 29
376 3 5 13
377 3 5 19
378 3 5 13
379 3 5 23
380 3 5 7
381 3 5 7
382 3 5 53
383 3 23 37
384 3 5 17
385 3 5 7
386 3 5 29
387 3 7 17
388 3 5 11
389 3 5 31
390 3 11 31
391 3 7 23
392 3 7 41
393 3 5 23
394 3 5 61
395 3 5 13
396 3 11 19
397 3 5 7
398 3 5 13
399 3 5 43
400 3 5 19
401 3 5 11
402 3 5 31
403 3 5 7
404 3 5 23
405 3 5 7
406 3 11 47
407 3 5 13
408 3 7 53
409 3 5 11
410 3 5 7
411 3 5 41
412 3 5 19
413 3 5 31
414 3 5 7
415 3 5 17
416 3 5 7
417 3 5 7
418 3 5 19
419 3 7 13
420 3 7 13
421 3 5 23
422 3 5 59
423 3 5 29
424 3 5 23
425 3 5 13
426 3 5 17
427 3 5 23
428 3 5 7
429 3 5 7
430 3 5 7
431 3 5 59
432 3 5 13
433 3 5 61
434 3 5 53
435 3 5 23
436 3 5 23
437 3 5 7
438 3 5 61
439 3 5 11
440 3 5 13
441 3 7 13
442 3 5 61
443 3 5 37
444 3 13 59
445 3 5 17
446 3 7 31
447 3 5 7
448 3 23 53
449 3 13 29
450 3 5 13
451 3 5 11
452 3 5 11
453 3 5 17
454 3 5 7
455 3 5 59
456 3 5 11
457 3 13 47
458 3 5 13
459 3 5 17
460 3 5 17
461 3 5 59
462 3 5 47
463 3 5 43
464 3 5 13
465 3 5 23
466 3 5 7
467 3 5 7
468 3 5 19
469 3 5 59
470 3 5 11
471 3 5 7
472 3 5 31
473 3 7 11
474 3 5 13
475 3 5 19
476 3 5 11
477 3 5 7
478 3 5 7
479 3 5 13
480 3 5 31
481 3 5 31
482 3 5 41
483 3 5 11
484 3 5 31
485 3 5 7
486 3 11 37
487 3 5 7
488 3 5 7
489 3 5 7
490 3 7 13
491 3 17 19
492 3 5 17
493 3 5 7
494 3 5 7
495 3 5 29
496 3 5 17
497 3 7 37
498 3 5 19
499 3 5 29
500 3 5 13
501 3 5 37
502 3 11 17
503 3 5 31
504 3 5 31
505 3 5 11
506 3 5 7
507 3 5 19
508 3 5 13
509 3 7 19
510 3 5 17
511 3 5 23
512 3 17 31
513 3 5 7
514 3 5 11
515 3 5 13
516 3 5 17
517 3 5 37
518 3 5 23
519 3 5 13
520 3 5 17
521 3 5 17
522 3 5 19
523 3 5 13
524 3 5 7
525 3 5 31
526 3 5 13
527 3 5 41
528 3 5 41
529 3 5 31
530 3 5 17
531 3 5 53
532 3 5 19
533 3 5 13
534 3 5 41
535 3 5 7
536 3 5 53
537 3 5 43
538 3 5 47
539 3 5 17
540 3 5 37
541 3 5 53
542 3 5 7
543 3 5 7
544 3 5 13
545 3 5 17
546 3 5 43
547 3 5 23
548 3 5 7
549 3 7 53
550 3 5 23
551 3 5 31
552 3 5 19
553 3 5 17
554 3 19 53
555 3 5 7
556 3 5 11
557 3 5 47
558 3 5 17
559 3 5 13
560 3 7 17
561 3 5 41
562 3 5 7
563 3 5 13
564 3 5 31
565 3 5 7
566 3 5 53
567 3 5 11
568 3 5 31
569 3 5 7
570 3 7 31
571 3 5 19
572 3 5 19
573 3 13 19
574 3 7 13
575 3 31 47
576 3 5 13
577 3 5 7
578 3 5 23
579 3 5 19
580 3 5 7
581 3 5 7
582 3 5 23
583 3 11 13
584 3 5 23
585 3 11 53
586 3 5 23
587 3 5 17
588 3 5 13
589 3 5 11
590 3 5 11
591 3 5 23
592 3 7 19
593 3 5 13
594 3 5 41
595 3 5 13
596 3 5 17
597 3 7 11
598 3 11 19
599 3 5 11
600 3 5 41
601 3 5 19
602 3 5 31
603 3 5 41
604 3 5 29
605 3 5 11
606 3 5 7
607 3 5 13
608 3 5 59
609 3 17 61
610 3 7 61
611 3 5 17
612 3 5 13
613 3 13 41
614 3 5 19
615 3 5 17
616 3 7 23
617 3 5 7
618 3 7 43
619 3 5 17
620 3 5 29
621 3 5 7
622 3 5 7
623 3 5 13
624 3 5 29
625 3 5 37
626 3 5 41
627 3 5 11
628 3 5 53
629 3 7 11
630 3 5 13
631 3 7 23
632 3 5 29
633 3 13 43
634 3 5 29
635 3 5 7
636 3 5 13
637 3 5 13
638 3 5 19
639 3 7 17
640 3 5 7
641 3 5 31
642 3 5 61
643 3 5 11
644 3 13 53
645 3 5 7
646 3 5 19
647 3 5 59
648 3 11 29
649 3 5 37
650 3 7 37
651 3 5 23
652 3 5 11
653 3 5 41
654 3 13 17
655 3 5 13
656 3 5 13
657 3 13 19
658 3 5 7
659 3 5 19
660 3 5 29
661 3 5 41
662 3 7 31
663 3 5 17
664 3 19 23
665 3 5 23
666 3 5 19
667 3 5 19
668 3 5 37
669 3 5 53
670 3 5 13
671 3 5 19
672 3 5 19
673 3 5 13
674 3 5 7
675 3 5 23
676 3 13 19
677 3 7 13
678 3 5 41
679 3 5 17
680 3 5 13
681 3 5 29
682 3 5 11
683 3 5 11
684 3 5 31
685 3 5 59
686 3 5 13
687 3 5 59
688 3 5 29
689 3 5 11
690 3 23 29
691 3 11 53
692 3 5 19
693 3 17 59
694 3 5 29
695 3 5 7
696 3 5 7
697 3 5 23
698 3 5 47
699 3 5 11
700 3 13 19
701 3 5 7
702 3 5 19
703 3 11 59
704 3 7 53
705 3 5 7
706 3 5 11
707 3 5 19
708 3 5 43
709 3 5 11
710 3 5 43
711 3 11 37
712 3 5 37
713 3 5 59
714 3 5 7
715 3 5 29
716 3 5 17
717 3 5 17
718 3 5 11
719 3 5 37
720 3 5 7
721 3 5 13
722 3 5 11
723 3 5 13
724 3 5 7
725 3 5 7
726 3 5 29
727 3 11 61
728 3 5 23
729 3 5 13
730 3 5 7
731 3 5 13
732 3 5 13
733 3 5 11
734 3 5 13
735 3 5 7
736 3 5 7
737 3 5 7
738 3 5 17
739 3 5 17
740 3 7 11
741 3 5 19
742 3 13 19
743 3 5 41
744 3 5 11
745 3 5 37
746 3 5 37
747 3 19 37
748 3 11 41
749 3 5 11
750 3 11 17
751 3 5 31
752 3 5 53
753 3 5 29
754 3 5 31
755 3 5 13
756 3 5 23
757 3 5 29
758 3 5 7
759 3 5 37
760 3 5 41
761 3 5 29
762 3 5 47
763 3 5 47
764 3 5 19
765 3 5 11
766 3 7 13
767 3 5 7
768 3 7 11
769 3 5 37
770 3 5 7
771 3 5 19
772 3 5 11
773 3 5 17
774 3 5 11
775 3 5 19
776 3 5 47
777 3 7 61
778 3 5 13
779 3 5 29
780 3 5 7
781 3 7 37
782 3 5 7
783 3 5 37
784 3 5 37
785 3 5 13
786 3 5 61
787 3 5 7
788 3 23 29
789 3 11 29
790 3 5 13
791 3 5 7
792 3 23 29
793 3 5 23
794 3 5 17
795 3 5 53
796 3 5 23
797 3 5 7
798 3 5 23
799 3 5 7
800 3 5 11
801 3 5 13
802 3 5 7
803 3 5 19
804 3 5 11
805 3 5 13
806 3 5 7
807 3 5 41
808 3 5 13
809 3 5 11
810 3 5 23
811 3 5 7
812 3 5 19
813 3 7 23
814 3 5 17
815 3 5 13
816 3 5 29
817 3 5 61
818 3 5 23
819 3 5 19
820 3 5 17
821 3 11 13
822 3 5 17
823 3 5 17
824 3 5 11
825 3 5 7
826 3 17 59
827 3 5 53
828 3 5 17
829 3 11 23
830 3 5 29
831 3 5 7
832 3 5 17
833 3 5 19
834 3 5 61
835 3 5 7
836 3 5 43
837 3 11 53
838 3 5 11
839 3 5 13
840 3 7 41
841 3 5 11
842 3 5 47
843 3 5 7
844 3 5 13
845 3 5 19
846 3 5 17
847 3 5 11
848 3 5 11
849 3 5 17
850 3 5 23
851 3 7 13
852 3 5 7
853 3 5 11
854 3 5 17
855 3 5 13
856 3 5 13
857 3 5 7
858 3 5 23
859 3 5 13
860 3 5 13
861 3 5 41
862 3 5 47
863 3 5 13
864 3 5 7
865 3 5 11
866 3 5 29
867 3 5 19
868 3 5 61
869 3 5 17
870 3 5 11
871 3 5 13
872 3 5 7
873 3 17 19
874 3 5 11
875 3 5 13
876 3 5 43
877 3 5 7
878 3 5 11
879 3 7 37
880 3 5 61
881 3 5 19
882 3 7 23
883 3 5 7
884 3 5 53
885 3 5 47
886 3 13 61
887 3 5 47
888 3 5 17
889 3 5 11
890 3 5 7
891 3 5 31
892 3 5 13
893 3 5 13
894 3 5 13
895 3 5 23
896 3 11 47
897 3 5 7
898 3 5 13
899 3 5 11
900 3 5 29
901 3 7 41
902 3 5 11
903 3 7 31
904 3 5 7
905 3 7 13
906 3 5 37
907 3 5 11
908 3 5 13
909 3 5 17
910 3 5 11
911 3 5 13
912 3 11 13
913 3 5 7
914 3 5 11
915 3 5 41
916 3 5 19
917 3 5 13
918 3 11 13
919 3 7 41
920 3 5 17
921 3 5 43
922 3 5 43
923 3 5 29
924 3 5 29
925 3 5 17
926 3 5 19
927 3 5 41
928 3 5 61
929 3 5 19
930 3 5 11
931 3 5 31
932 3 7 29
933 3 5 37
934 3 5 7
935 3 11 47
936 3 5 13
937 3 5 13
938 3 5 13
939 3 5 29
940 3 13 37
941 3 5 43
942 3 5 17
943 3 7 37
944 3 5 23
945 3 5 23
946 3 5 37
947 3 5 7
948 3 5 23
949 3 5 37
950 3 5 7
951 3 5 47
952 3 5 17
953 3 5 13
954 3 17 31
955 3 5 7
956 3 5 7
957 3 11 43
958 3 5 17
959 3 5 11
960 3 5 17
961 3 5 7
962 3 7 31
963 3 5 59
964 3 7 19
965 3 11 17
966 3 5 23
967 3 5 31
968 3 5 7
969 3 5 7
970 3 5 47
971 3 5 11
972 3 5 41
973 3 5 19
974 3 5 7
975 3 5 7
976 3 5 13
977 3 7 37
978 3 7 53
979 3 5 11
980 3 11 29
981 3 5 23
982 3 5 11
983 3 5 7
984 3 5 7
985 3 5 17
986 3 5 43
987 3 5 11
988 3 5 7
989 3 5 7
990 3 5 7
991 3 5 17
992 3 5 37
993 3 7 19
994 3 5 7
995 3 5 7
996 3 5 7
997 3 5 11
998 3 5 11
999 3 5 13
1000 3 19 43
1001 3 5 19
1002 3 11 47
1003 3 5 13
1004 3 5 29
1005 3 5 37
1006 3 5 47
1007 3 5 31
1008 3 5 31
1009 3 5 19
1010 3 5 11
1011 3 5 37
1012 3 5 23
1013 3 5 61
1014 3 5 13
1015 3 11 19
1016 3 5 7
1017 3 5 7
1018 3 5 7
1019 3 5 17
1020 3 5 11
1021 3 5 41
1022 3 5 37
1023 3 5 13
