1024 3 5 23
1025 3 7 53
1026 3 5 19
1027 3 5 11
1028 3 5 47
1029 3 5 31
1030 3 5 13
1031 3 5 7
1032 3 5 13
1033 3 5 11
1034 3 7 13
1035 3 5 13
1036 3 5 11
1037 3 5 37
1038 3 5 17
1039 3 5 7
1040 3 5 13
1041 3 5 43
1042 3 5 29
1043 3 5 23
1044 3 5 41
1045 3 5 11
1046 3 5 13
1047 3 5 59
1048 3 11 41
1049 3 5 19
1050 3 11 37
1051 3 5 11
1052 3 5 23
1053 3 5 37
1054 3 5 31
1055 3 5 11
1056 3 5 13
1057 3 5 31
1058 3 7 61
1059 3 5 13
1060 3 5 43
1061 3 5 13
1062 3 5 7
1063 3 5 7
1064 3 5 31
1065 3 5 31
1066 3 5 17
1067 3 5 7
1068 3 5 31
1069 3 5 7
1070 3 5 19
1071 3 5 37
1072 3 5 29
1073 3 5 53
1074 3 5 53
1075 3 11 59
1076 3 5 43
1077 3 5 19
1078 3 5 53
1079 3 5 11
1080 3 7 17
1081 3 5 17
1082 3 5 23
1083 3 5 13
1084 3 5 7
1085 3 5 61
1086 3 5 17
1087 3 13 29
1088 3 11 31
1089 3 5 19
1090 3 5 11
1091 3 5 37
1092 3 5 7
1093 3 5 11
1094 3 5 41
1095 3 5 13
1096 3 5 37
1097 3 5 23
1098 3 5 19
1099 3 5 11
1100 3 5 13
1101 3 5 17
1102 3 19 29
1103 3 5 37
1104 3 5 23
1105 3 5 11
1106 3 5 11
1107 3 5 37
1108 3 7 11
1109 3 5 29
1110 3 5 7
1111 3 5 7
1112 3 5 17
1113 3 7 19
1114 3 5 37
1115 3 5 11
1116 3 5 43
1117 3 7 41
1118 3 5 23
1119 3 5 13
1120 3 5 11
1121 3 5 7
1122 3 5 7
1123 3 7 53
1124 3 11 31
1125 3 5 47
1126 3 5 13
1127 3 5 7
1128 3 5 13
1129 3 5 43
1130 3 11 59
1131 3 5 31
1132 3 5 43
1133 3 5 31
1134 3 5 11
1135 3 5 43
1136 3 5 13
1137 3 5 29
1138 3 11 13
1139 3 5 47
1140 3 5 59
1141 3 7 47
1142 3 5 19
1143 3 5 11
1144 3 5 13
1145 3 5 17
1146 3 5 19
1147 3 5 17
1148 3 5 29
1149 3 5 23
1150 3 5 11
1151 3 5 7
1152 3 5 11
1153 3 5 11
1154 3 5 31
1155 3 5 23
1156 3 5 13
1157 3 7 59
1158 3 5 43
1159 3 5 11
1160 3 5 7
1161 3 13 19
1162 3 5 13
1163 3 5 17
1164 3 5 7
1165 3 5 37
1166 3 5 7
1167 3 5 11
1168 3 5 31
1169 3 5 13
1170 3 5 29
1171 3 5 29
1172 3 7 13
1173 3 5 13
1174 3 11 19
1175 3 5 11
1176 3 5 23
1177 3 5 61
1178 3 5 11
1179 3 5 7
1180 3 5 7
1181 3 5 13
1182 3 5 29
1183 3 11 41
1184 3 13 47
1185 3 5 41
1186 3 7 19
1187 3 5 29
1188 3 5 7
1189 3 5 13
1190 3 5 19
1191 3 5 11
1192 3 7 11
1193 3 5 43
1194 3 5 37
1195 3 5 13
1196 3 11 31
1197 3 5 11
1198 3 5 59
1199 3 5 29
1200 3 7 59
1201 3 5 31
1202 3 5 13
1203 3 5 7
1204 3 5 17
1205 3 5 59
1206 3 5 11
1207 3 7 37
1208 3 5 43
1209 3 5 17
1210 3 5 11
1211 3 5 23
1212 3 5 11
1213 3 5 61
1214 3 5 19
1215 3 5 13
1216 3 7 59
1217 3 5 29
1218 3 5 47
1219 3 13 53
1220 3 5 11
1221 3 5 43
1222 3 5 13
1223 3 5 7
1224 3 5 13
1225 3 5 17
1226 3 5 7
1227 3 5 19
1228 3 5 23
1229 3 5 13
1230 3 5 19
1231 3 5 43
1232 3 5 7
1233 5 7 29
1234 3 5 31
1235 3 11 13
1236 3 5 29
1237 3 5 19
1238 3 17 41
1239 3 5 23
1240 3 5 7
1241 3 5 17
1242 3 5 23
1243 3 5 41
1244 3 5 11
1245 3 5 29
1246 3 13 17
1247 3 11 43
1248 3 5 17
1249 3 5 31
1250 3 23 37
1251 3 5 31
1252 3 5 7
1253 3 5 23
1254 3 5 13
1255 3 5 29
1256 3 5 17
1257 3 11 37
1258 3 5 11
1259 3 5 19
1260 3 5 11
1261 3 5 31
1262 3 5 47
1263 3 13 29
1264 3 5 23
1265 3 5 23
1266 3 5 7
1267 3 5 41
1268 3 5 17
1269 3 5 13
1270 3 5 19
1271 3 5 23
1272 3 7 29
1273 3 5 17
1274 3 5 53
1275 3 5 47
1276 3 5 23
1277 3 5 13
1278 3 5 13
1279 3 5 17
1280 3 5 11
1281 3 5 29
1282 3 5 29
1283 3 13 19
1284 3 5 19
1285 3 5 47
1286 3 5 11
1287 3 5 41
1288 3 11 17
1289 3 5 19
1290 3 5 11
1291 3 5 53
1292 3 7 37
1293 3 5 7
1294 3 5 23
1295 3 5 7
1296 3 5 43
1297 3 5 7
1298 3 5 41
1299 3 5 7
1300 3 5 7
1301 3 47 59
1302 3 5 13
1303 3 5 11
1304 3 5 23
1305 3 5 11
1306 3 5 11
1307 3 5 31
1308 3 5 59
1309 3 5 7
1310 3 5 31
1311 3 5 17
1312 3 5 43
1313 3 5 41
1314 3 5 11
1315 3 5 19
1316 3 5 7
1317 3 5 11
1318 3 5 7
1319 3 5 13
1320 3 5 31
1321 3 7 53
1322 3 5 11
1323 3 5 37
1324 3 5 19
1325 3 5 13
1326 3 5 37
1327 3 5 11
1328 3 5 7
1329 3 5 7
1330 3 5 11
1331 3 7 19
1332 3 5 17
1333 3 5 17
1334 3 5 43
1335 3 5 11
1336 3 5 47
1337 3 5 7
1338 3 5 13
1339 3 5 17
1340 3 5 13
1341 3 5 37
1342 3 5 7
1343 3 5 47
1344 3 5 23
1345 3 5 7
1346 3 5 43
1347 3 5 13
1348 3 5 11
1349 3 5 11
1350 3 5 19
1351 3 5 19
1352 3 5 23
1353 3 5 7
1354 3 7 17
1355 3 5 37
1356 3 7 13
1357 3 5 29
1358 3 7 13
1359 3 7 17
1360 3 5 47
1361 3 5 19
1362 3 5 13
1363 3 5 13
1364 3 5 11
1365 3 5 23
1366 3 5 43
1367 3 5 13
1368 3 5 41
1369 3 5 31
1370 3 5 17
1371 3 5 7
1372 3 5 11
1373 3 5 11
1374 3 5 17
1375 3 5 13
1376 3 5 13
1377 3 5 31
1378 3 5 37
1379 3 5 7
1380 3 5 31
1381 3 5 17
1382 3 5 31
1383 3 5 23
1384 3 13 43
1385 3 5 19
1386 3 5 13
1387 3 5 17
1388 3 5 17
1389 3 5 7
1390 3 5 31
1391 3 5 7
1392 3 5 29
1393 3 13 43
1394 3 5 13
1395 3 5 17
1396 3 7 53
1397 3 5 17
1398 3 5 23
1399 3 5 11
1400 3 11 13
1401 3 5 11
1402 3 5 29
1403 3 5 53
1404 3 5 13
1405 3 5 31
1406 3 5 11
1407 3 5 59
1408 3 5 23
1409 3 5 41
1410 3 5 17
1411 3 7 41
1412 3 5 17
1413 3 5 17
1414 3 5 11
1415 3 5 37
1416 3 5 13
1417 3 5 13
1418 3 5 17
1419 3 7 29
1420 3 5 41
1421 3 5 47
1422 3 5 29
1423 3 5 7
1424 3 5 29
1425 3 5 29
1426 3 5 7
1427 3 5 31
1428 3 5 13
1429 3 5 7
1430 3 5 7
1431 3 31 61
1432 3 11 53
1433 3 5 7
1434 3 11 13
1435 3 5 11
1436 3 5 11
1437 3 5 29
1438 3 5 7
1439 3 5 7
1440 3 5 13
1441 3 5 37
1442 3 5 17
1443 3 11 59
1444 3 5 13
1445 3 5 31
1446 3 5 7
1447 3 5 23
1448 3 5 43
1449 3 7 53
1450 3 5 53
1451 3 5 59
1452 3 5 37
1453 3 5 29
1454 3 5 37
1455 3 5 13
1456 3 5 41
1457 3 5 37
1458 3 5 53
1459 3 5 37
1460 3 7 13
1461 3 5 23
1462 3 13 61
1463 3 5 11
1464 3 5 11
1465 3 5 13
1466 3 5 19
1467 3 11 59
1468 3 5 19
1469 3 13 17
1470 3 5 7
1471 3 5 31
1472 3 5 13
1473 3 7 13
1474 3 5 19
1475 3 5 17
1476 3 5 29
1477 3 5 11
1478 3 5 11
1479 3 13 31
1480 3 5 19
1481 3 5 53
1482 3 11 53
1483 3 7 61
1484 3 5 11
1485 3 13 17
1486 3 5 23
1487 3 5 19
1488 3 5 7
1489 3 5 13
1490 3 5 47
1491 3 5 53
1492 3 5 11
1493 3 5 13
1494 3 5 11
1495 3 5 31
1496 3 5 11
1497 3 5 7
1498 3 7 11
1499 3 5 17
1500 3 11 61
1501 3 5 19
1502 3 5 7
1503 3 5 23
1504 3 5 13
1505 3 5 7
1506 3 5 37
1507 3 5 13
1508 3 5 61
1509 3 5 17
1510 3 5 13
1511 3 5 11
1512 3 11 19
1513 3 5 19
1514 3 5 23
1515 3 7 13
1516 3 11 29
1517 3 5 17
1518 3 5 11
1519 3 5 13
1520 3 5 11
1521 3 5 13
1522 3 5 53
1523 3 7 59
1524 3 5 7
1525 3 5 29
1526 3 5 17
1527 3 5 13
1528 3 5 17
1529 3 5 53
1530 3 5 17
1531 3 5 13
1532 3 5 13
1533 3 5 41
1534 3 5 19
1535 3 11 41
1536 3 5 31
1537 3 5 13
1538 3 5 11
1539 3 5 13
1540 3 11 59
1541 3 5 61
1542 3 5 41
1543 3 5 23
1544 3 5 19
1545 3 13 17
1546 3 7 13
1547 3 5 23
1548 3 5 11
1549 3 5 47
1550 3 5 43
1551 3 7 23
1552 3 5 11
1553 3 5 61
1554 3 5 17
1555 3 5 23
1556 3 5 13
1557 3 5 23
1558 3 5 37
1559 3 5 7
1560 3 7 17
1561 3 19 41
1562 3 5 29
1563 3 5 7
1564 3 5 59
1565 3 5 59
1566 3 5 11
1567 3 5 53
1568 3 5 53
1569 3 5 29
1570 3 17 29
1571 3 5 37
1572 3 5 17
1573 3 5 43
1574 3 5 29
1575 3 5 11
1576 3 5 7
1577 3 7 31
1578 3 5 23
1579 3 5 17
1580 3 5 43
1581 3 5 17
1582 3 5 23
1583 3 5 19
1584 3 5 19
1585 3 5 23
1586 3 13 47
1587 3 5 19
1588 3 5 19
1589 3 5 17
1590 3 5 7
1591 3 5 23
1592 3 5 41
1593 3 7 29
1594 3 5 19
1595 3 11 43
1596 3 5 17
1597 3 5 19
1598 3 5 29
1599 3 5 13
1600 3 7 13
1601 3 5 7
1602 3 5 59
1603 3 7 29
1604 3 5 23
1605 3 5 29
1606 3 5 17
1607 3 7 31
1608 3 5 7
1609 3 5 59
1610 3 13 19
1611 3 5 13
1612 3 5 17
1613 3 5 17
1614 3 5 11
1615 3 5 37
1616 3 5 19
1617 3 5 13
1618 3 23 37
1619 3 5 13
1620 3 5 11
1621 3 5 61
1622 3 11 19
1623 3 5 7
1624 3 5 11
1625 3 5 17
1626 3 5 11
1627 3 5 23
1628 3 5 11
1629 3 5 13
1630 3 7 37
1631 3 5 7
1632 3 5 7
1633 3 5 37
1634 3 5 17
1635 3 7 19
1636 3 5 13
1637 3 7 31
1638 3 7 43
1639 3 5 53
1640 3 5 11
1641 3 5 17
1642 3 5 13
1643 3 5 53
1644 3 5 7
1645 3 5 11
1646 3 5 17
1647 3 5 7
1648 3 5 11
1649 3 5 7
1650 3 5 41
1651 3 5 61
1652 3 7 61
1653 3 5 7
1654 3 5 11
1655 3 7 19
1656 3 5 53
1657 3 5 37
1658 3 5 7
1659 3 17 19
1660 3 5 29
1661 3 7 31
1662 3 7 17
1663 3 5 13
1664 3 5 43
1665 3 5 11
1666 3 5 31
1667 3 5 13
1668 3 5 19
1669 3 5 59
1670 3 5 7
1671 3 5 29
1672 3 5 11
1673 3 5 19
1674 3 13 37
1675 3 5 59
1676 3 5 31
1677 3 5 7
1678 3 5 13
1679 3 5 11
1680 3 7 13
1681 3 5 19
1682 3 13 23
1683 3 5 11
1684 3 5 29
1685 3 7 31
1686 3 5 29
1687 3 5 7
1688 3 5 31
1689 3 5 31
1690 3 7 53
1691 3 5 53
1692 3 5 29
1693 3 7 17
1694 3 5 43
1695 3 5 19
1696 3 5 23
1697 3 5 29
1698 3 5 19
1699 3 5 47
1700 3 5 13
1701 5 7 29
1702 3 7 13
1703 3 5 13
1704 3 7 29
1705 3 5 19
1706 3 7 47
1707 3 5 7
1708 3 11 59
1709 3 5 13
1710 3 5 11
1711 3 5 7
1712 3 5 13
1713 3 5 19
1714 3 11 13
1715 3 5 13
1716 3 5 23
1717 3 5 23
1718 3 5 13
1719 3 5 17
1720 3 5 41
1721 3 5 43
1722 3 7 61
1723 3 5 41
1724 3 5 31
1725 3 5 13
1726 3 5 61
1727 3 5 29
1728 3 5 61
1729 3 5 17
1730 3 5 19
1731 3 5 37
1732 3 5 17
1733 3 11 19
1734 3 5 23
1735 3 5 7
1736 3 5 43
1737 3 5 31
1738 3 5 17
1739 3 5 7
1740 3 5 31
1741 3 5 13
1742 3 5 17
1743 3 7 13
1744 3 5 37
1745 3 5 7
1746 3 5 53
1747 3 5 23
1748 3 5 37
1749 5 7 37
1750 3 5 19
1751 3 5 13
1752 3 5 61
1753 3 5 11
1754 3 5 23
1755 3 5 19
1756 3 5 41
1757 3 11 23
1758 3 5 17
1759 3 5 7
1760 3 5 7
1761 3 5 13
1762 3 5 11
1763 3 13 17
1764 3 5 23
1765 3 7 17
1766 3 13 23
1767 3 5 11
1768 3 5 11
1769 3 5 11
1770 3 5 19
1771 3 5 19
1772 3 5 7
1773 3 11 43
1774 3 5 23
1775 3 11 47
1776 3 5 7
1777 3 7 11
1778 3 5 7
1779 3 5 43
1780 3 13 41
1781 3 5 11
1782 3 5 7
1783 3 5 13
1784 3 11 31
1785 3 5 41
1786 3 5 13
1787 3 5 19
1788 3 5 29
1789 3 5 11
1790 3 5 13
1791 3 5 31
1792 3 5 59
1793 3 5 19
1794 3 5 13
1795 3 5 13
1796 3 17 43
1797 3 5 11
1798 3 5 37
1799 3 5 7
1800 3 5 31
1801 3 5 11
1802 3 5 23
1803 3 5 11
1804 3 5 19
1805 3 5 11
1806 3 5 17
1807 3 5 43
1808 3 5 11
1809 3 5 19
1810 3 5 43
1811 3 5 23
1812 3 13 61
1813 3 5 13
1814 3 5 7
1815 3 5 17
1816 3 5 13
1817 3 13 31
1818 3 5 13
1819 3 5 13
1820 3 5 7
1821 3 5 7
1822 3 5 19
1823 3 5 31
1824 3 5 53
1825 3 5 11
1826 3 5 29
1827 3 5 29
1828 3 5 31
1829 3 5 11
1830 3 5 17
1831 3 5 7
1832 3 5 17
1833 3 5 23
1834 3 5 7
1835 3 5 61
1836 3 5 13
1837 3 11 19
1838 3 5 7
1839 3 11 47
1840 3 5 11
1841 3 5 37
1842 3 5 37
1843 3 7 41
1844 3 5 61
1845 3 5 29
1846 3 5 19
1847 3 5 37
1848 3 5 17
1849 3 5 11
1850 3 5 17
1851 3 5 23
1852 3 5 11
1853 3 5 23
1854 3 5 11
1855 3 5 29
1856 3 5 19
1857 3 5 13
1858 3 5 47
1859 3 5 29
1860 3 7 19
1861 3 5 11
1862 3 19 41
1863 3 7 47
1864 3 5 23
1865 3 5 47
1866 3 5 11
1867 3 5 7
1868 3 5 11
1869 3 5 31
1870 3 5 23
1871 3 5 7
1872 3 5 37
1873 3 17 29
1874 3 5 7
1875 3 5 11
1876 3 5 19
1877 3 5 31
1878 3 5 61
1879 3 5 31
1880 3 5 19
1881 3 5 7
1882 3 5 37
1883 3 19 43
1884 3 5 41
1885 3 5 29
1886 3 5 41
1887 3 13 23
1888 3 5 23
1889 3 5 19
1890 3 17 19
1891 3 5 11
1892 3 5 7
1893 3 5 29
1894 3 5 13
1895 3 11 37
1896 3 5 11
1897 3 11 61
1898 3 5 11
1899 3 5 11
1900 3 5 41
1901 3 11 23
1902 3 11 31
1903 3 5 43
1904 3 5 19
1905 3 5 11
1906 3 5 17
1907 3 5 19
1908 3 5 13
1909 3 41 43
1910 3 5 31
1911 3 7 13
1912 3 5 13
1913 3 5 13
1914 3 17 61
1915 3 5 31
1916 3 5 13
1917 3 5 23
1918 3 5 17
1919 3 13 47
1920 3 5 17
1921 3 11 13
1922 3 5 31
1923 3 5 53
1924 3 5 13
1925 3 5 29
1926 3 5 11
1927 3 5 47
1928 3 5 19
1929 3 5 29
1930 3 5 13
1931 3 5 19
1932 3 5 31
1933 3 11 37
1934 3 5 19
1935 3 5 23
1936 3 5 29
1937 3 5 11
1938 3 7 13
1939 3 5 19
1940 3 5 11
1941 3 5 19
1942 3 5 19
1943 3 11 23
1944 3 5 31
1945 3 13 23
1946 3 5 37
1947 3 5 13
1948 3 13 19
1949 3 13 61
1950 3 5 13
1951 3 5 23
1952 3 5 59
1953 3 7 43
1954 3 5 19
1955 3 11 23
1956 3 5 41
1957 3 5 7
1958 3 17 19
1959 3 5 7
1960 3 5 37
1961 3 5 7
1962 3 5 7
1963 3 5 41
1964 3 5 17
1965 3 11 29
1966 3 5 13
1967 3 5 47
1968 3 5 41
1969 3 5 43
1970 3 7 53
1971 3 5 13
1972 3 5 23
1973 3 5 23
1974 3 5 13
1975 3 7 23
1976 3 5 13
1977 3 5 11
1978 3 13 31
1979 3 5 53
1980 3 5 7
1981 3 5 17
1982 3 7 61
1983 3 5 7
1984 3 5 13
1985 3 5 17
1986 3 7 37
1987 3 5 13
1988 3 5 23
1989 3 5 43
1990 3 5 19
1991 3 7 31
1992 3 7 11
1993 3 11 17
1994 3 11 37
1995 3 5 31
1996 3 5 47
1997 3 5 41
1998 3 5 13
1999 3 7 47
2000 3 5 29
2001 3 5 7
2002 3 5 19
2003 3 5 37
2004 3 5 19
2005 3 5 13
2006 3 5 53
2007 3 5 47
2008 3 13 23
2009 3 5 53
2010 3 5 47
2011 3 5 13
2012 3 5 7
2013 3 5 37
2014 3 5 13
2015 3 7 23
2016 3 5 7
2017 3 5 59
2018 3 7 61
2019 3 11 19
2020 3 5 13
2021 3 5 13
2022 3 5 17
2023 3 5 31
2024 3 5 13
2025 3 5 11
2026 3 5 17
2027 3 17 29
2028 3 5 31
2029 3 5 17
2030 3 5 13
2031 3 5 13
2032 3 5 7
2033 3 5 13
2034 3 5 41
2035 3 7 13
2036 3 5 7
2037 3 7 19
2038 3 5 7
2039 3 5 37
2040 3 5 11
2041 3 5 31
2042 3 5 19
2043 3 5 37
2044 3 11 29
2045 3 5 41
2046 3 5 17
2047 3 5 17
