2048 3 5 29
2049 3 5 43
2050 3 5 7
2051 3 5 11
2052 3 11 41
2053 3 5 13
2054 3 5 17
2055 3 5 37
2056 3 17 23
2057 3 5 17
2058 3 7 11
2059 3 5 13
2060 3 5 13
2061 3 5 19
2062 3 5 31
2063 3 7 19
2064 3 5 17
2065 3 5 7
2066 3 11 13
2067 3 5 13
2068 3 5 13
2069 3 5 17
2070 3 7 17
2071 3 5 7
2072 3 5 7
2073 3 5 7
2074 3 5 11
2075 3 5 11
2076 3 5 17
2077 3 5 17
2078 3 11 19
2079 3 5 13
2080 3 5 31
2081 3 5 7
2082 3 5 41
2083 3 5 23
2084 3 11 53
2085 3 5 7
2086 3 5 29
2087 3 5 13
2088 3 7 17
2089 3 5 7
2090 3 5 7
2091 3 5 13
2092 3 5 31
2093 3 5 11
2094 3 5 47
2095 3 5 43
2096 3 5 61
2097 3 5 13
2098 3 5 11
2099 3 5 13
2100 3 5 47
2101 3 5 41
2102 3 5 17
2103 3 7 47
2104 3 5 37
2105 3 5 19
2106 3 5 7
2107 3 5 61
2108 3 5 13
2109 3 5 7
2110 3 5 13
2111 3 5 13
2112 3 5 53
2113 3 5 17
2114 3 5 31
2115 3 5 23
2116 3 11 37
2117 3 5 7
2118 3 11 47
2119 3 13 59
2120 3 5 43
2121 3 5 13
2122 3 5 29
2123 3 5 11
2124 3 5 7
2125 3 5 7
2126 3 5 23
2127 3 5 17
2128 3 7 43
2129 3 5 43
2130 3 5 29
2131 3 5 13
2132 3 5 23
2133 3 5 7
2134 3 5 7
2135 3 5 43
2136 3 5 41
2137 3 5 23
2138 3 5 43
2139 3 5 19
2140 3 5 7
2141 3 5 43
2142 3 5 29
2143 3 5 43
2144 3 5 11
2145 3 5 37
2146 3 7 11
2147 3 5 17
2148 3 5 29
2149 3 5 59
2150 3 5 7
2151 3 7 13
2152 3 5 11
2153 3 5 13
2154 3 5 13
2155 3 5 19
2156 3 5 17
2157 3 5 11
2158 3 5 19
2159 3 7 59
2160 3 5 7
2161 3 5 37
2162 3 19 47
2163 3 5 59
2164 3 5 17
2165 3 5 59
2166 3 5 7
2167 3 5 61
2168 3 5 11
2169 3 5 23
2170 3 5 11
2171 3 5 7
2172 3 5 61
2173 3 5 13
2174 3 5 13
2175 3 5 13
2176 3 17 59
2177 3 5 31
2178 3 5 17
2179 3 5 23
2180 3 5 31
2181 3 5 11
2182 3 5 11
2183 3 5 13
2184 3 5 11
2185 3 5 11
2186 3 5 7
2187 3 5 31
2188 3 5 29
2189 3 5 7
2190 3 5 17
2191 3 7 23
2192 3 5 11
2193 3 5 19
2194 3 5 41
2195 3 5 43
2196 3 13 37
2197 3 5 7
2198 3 5 19
2199 3 5 13
2200 3 5 7
2201 3 5 11
2202 3 5 7
2203 3 5 53
2204 3 5 13
2205 3 5 37
2206 3 5 19
2207 3 5 59
2208 3 17 47
2209 3 5 7
2210 3 5 61
2211 3 5 13
2212 3 5 37
2213 3 5 11
2214 3 5 11
2215 3 7 43
2216 3 5 11
2217 3 5 47
2218 3 5 17
2219 3 5 13
2220 3 5 41
2221 3 5 13
2222 3 5 13
2223 3 5 29
2224 3 13 17
2225 3 5 7
2226 3 7 19
2227 3 5 7
2228 3 11 59
2229 3 5 7
2230 3 5 53
2231 3 5 37
2232 3 5 37
2233 3 7 43
2234 3 5 13
2235 3 7 37
2236 3 5 13
2237 3 5 11
2238 3 5 13
2239 3 5 13
2240 3 7 17
2241 3 5 7
2242 3 5 59
2243 3 5 29
2244 3 5 23
2245 3 5 37
2246 3 13 31
2247 3 5 23
2248 3 17 29
2249 3 5 31
2250 3 5 7
2251 3 5 53
2252 3 5 13
2253 3 5 7
2254 3 19 59
2255 3 5 7
2256 3 5 17
2257 3 5 29
2258 3 5 31
2259 3 5 41
2260 3 5 37
2261 3 13 41
2262 3 5 13
2263 3 5 37
2264 3 5 41
2265 3 11 23
2266 3 5 13
2267 3 5 59
2268 3 5 11
2269 3 5 53
2270 3 5 23
2271 3 5 53
2272 3 5 19
2273 3 5 7
2274 3 5 11
2275 3 5 59
2276 3 5 19
2277 3 5 61
2278 3 7 11
2279 3 5 13
2280 3 5 17
2281 3 5 17
2282 3 5 23
2283 3 5 43
2284 3 5 13
2285 3 5 41
2286 3 5 7
2287 3 5 17
2288 3 5 53
2289 3 5 13
2290 3 5 37
2291 3 5 17
2292 3 23 59
2293 3 5 37
2294 3 5 11
2295 3 5 37
2296 3 13 17
2297 3 5 31
2298 3 5 23
2299 3 5 7
2300 3 31 43
2301 3 5 53
2302 3 5 13
2303 3 5 17
2304 3 7 31
2305 3 5 31
2306 3 5 11
2307 3 11 29
2308 3 5 19
2309 3 5 11
2310 3 5 11
2311 3 5 11
2312 3 5 29
2313 3 5 19
2314 3 5 13
2315 3 5 23
2316 3 5 13
2317 3 5 19
2318 3 5 7
2319 3 5 17
2320 3 5 17
2321 3 5 53
2322 3 5 19
2323 3 5 53
2324 3 5 17
2325 3 5 13
2326 3 5 37
2327 3 5 29
2328 3 5 19
2329 3 5 17
2330 3 5 19
2331 3 5 17
2332 3 5 17
2333 3 5 11
2334 3 5 7
2335 3 5 29
2336 3 5 37
2337 3 5 17
2338 3 7 11
2339 3 19 29
2340 3 7 11
2341 3 5 11
2342 3 5 41
2343 3 5 29
2344 3 11 13
2345 3 5 17
2346 3 5 13
2347 3 5 13
2348 3 5 11
2349 3 5 23
2350 3 5 13
2351 3 5 7
2352 3 5 13
2353 3 13 43
2354 3 7 11
2355 3 5 31
2356 3 5 17
2357 3 7 29
2358 3 5 7
2359 3 5 31
2360 3 5 23
2361 3 5 29
2362 3 7 41
2363 3 5 13
2364 3 5 29
2365 3 5 17
2366 3 5 17
2367 3 13 19
2368 3 5 37
2369 3 5 11
2370 3 5 41
2371 3 5 13
2372 3 5 31
2373 3 5 19
2374 3 13 17
2375 3 5 17
2376 3 5 31
2377 3 5 37
2378 3 5 11
2379 3 7 41
2380 3 5 43
2381 3 5 17
2382 3 5 29
2383 3 5 11
2384 3 5 19
2385 3 5 43
2386 3 5 47
2387 3 5 47
2388 3 17 19
2389 3 5 11
2390 3 7 13
2391 3 5 7
2392 3 11 31
2393 3 5 11
2394 3 5 11
2395 3 5 11
2396 3 7 53
2397 3 5 7
2398 3 5 29
2399 3 5 19
2400 3 5 19
2401 3 5 31
2402 3 7 19
2403 3 5 41
2404 3 5 59
2405 3 5 37
2406 3 5 59
2407 3 5 41
2408 3 5 23
2409 3 5 19
2410 3 5 19
2411 3 13 31
2412 3 7 29
2413 3 7 17
2414 3 5 13
2415 3 7 41
2416 3 5 23
2417 3 5 17
2418 3 5 7
2419 3 5 11
2420 3 5 11
2421 3 11 19
2422 3 5 7
2423 3 5 13
2424 3 5 37
2425 3 5 17
2426 3 5 11
2427 3 5 59
2428 3 5 7
2429 3 5 53
2430 3 5 7
2431 3 5 13
2432 3 5 29
2433 3 11 13
2434 3 5 19
2435 3 5 7
2436 3 5 13
2437 3 5 13
2438 3 17 23
2439 3 5 13
2440 3 5 43
2441 3 5 23
2442 3 7 41
2443 3 5 13
2444 3 11 31
2445 3 5 11
2446 3 5 13
2447 3 7 37
2448 3 5 23
2449 3 5 19
2450 3 5 31
2451 3 5 13
2452 3 5 11
2453 3 5 13
2454 3 5 23
2455 3 5 7
2456 3 5 7
2457 3 5 19
2458 3 11 31
2459 3 5 59
2460 3 5 13
2461 3 5 7
2462 3 5 19
2463 3 5 53
2464 3 19 43
2465 3 7 53
2466 3 5 13
2467 3 5 11
2468 3 7 29
2469 3 5 7
2470 3 5 19
2471 3 5 47
2472 3 5 7
2473 3 19 29
2474 3 13 41
2475 3 5 31
2476 3 5 37
2477 3 11 47
2478 3 5 17
2479 3 5 17
2480 3 7 19
2481 3 5 29
2482 3 5 7
2483 3 5 43
2484 3 5 13
2485 3 5 13
2486 3 5 13
2487 3 5 29
2488 3 5 11
2489 3 5 37
2490 3 5 13
2491 3 5 31
2492 3 5 17
2493 3 5 41
2494 3 5 43
2495 3 5 53
2496 3 5 13
2497 3 13 37
2498 3 5 7
2499 3 5 29
2500 3 5 11
2501 3 5 11
2502 3 5 41
2503 3 5 17
2504 3 5 19
2505 3 5 11
2506 3 5 23
2507 3 5 43
2508 3 5 41
2509 3 5 29
2510 3 5 7
2511 3 5 47
2512 3 5 41
2513 3 5 17
2514 3 5 7
2515 3 5 7
2516 3 5 23
2517 3 11 17
2518 3 5 13
2519 3 5 53
2520 3 5 17
2521 3 7 53
2522 3 5 11
2523 3 11 29
2524 3 5 11
2525 3 5 7
2526 3 11 19
2527 3 5 29
2528 3 7 37
2529 3 5 47
2530 3 5 7
2531 3 5 47
2532 3 5 37
2533 3 5 7
2534 3 7 13
2535 3 7 11
2536 3 5 11
2537 3 5 23
2538 3 5 17
2539 3 11 17
2540 3 5 11
2541 3 5 29
2542 3 5 37
2543 3 5 17
2544 3 5 11
2545 3 5 23
2546 3 5 17
2547 3 5 29
2548 3 5 13
2549 3 5 43
2550 3 5 11
2551 3 5 11
2552 3 5 7
2553 3 5 47
2554 3 5 11
2555 3 5 29
2556 3 5 37
2557 3 5 29
2558 3 5 11
2559 3 5 13
2560 3 5 53
2561 3 5 19
2562 3 7 17
2563 3 5 23
2564 3 5 7
2565 3 11 23
2566 3 5 53
2567 3 5 23
2568 3 5 37
2569 3 5 59
2570 3 5 37
2571 3 5 53
2572 3 5 11
2573 3 5 37
2574 3 5 19
2575 3 5 17
2576 3 5 23
2577 3 5 13
2578 3 5 29
2579 3 5 11
2580 3 5 59
2581 3 5 29
2582 3 5 19
2583 3 5 19
2584 3 5 7
2585 3 5 17
2586 3 17 23
2587 3 5 23
2588 3 7 11
2589 3 5 13
2590 3 5 37
2591 3 5 13
2592 3 5 47
2593 3 5 7
2594 3 7 53
2595 3 5 47
2596 3 5 17
2597 3 5 19
2598 3 5 7
2599 3 5 23
2600 3 11 13
2601 3 5 13
2602 3 5 23
2603 3 5 11
2604 3 5 41
2605 3 5 13
2606 3 5 7
2607 3 11 53
2608 3 5 31
2609 3 5 19
2610 3 5 7
2611 3 5 7
2612 3 5 41
2613 3 5 17
2614 3 13 31
2615 3 5 11
2616 3 7 13
2617 3 5 17
2618 3 5 11
2619 3 5 11
2620 3 7 31
2621 3 5 37
2622 3 5 29
2623 3 5 11
2624 3 5 37
2625 3 5 29
2626 3 5 13
2627 3 5 29
2628 3 5 61
2629 3 11 53
2630 3 5 31
2631 3 17 59
2632 3 5 11
2633 3 5 11
2634 3 5 17
2635 3 11 43
2636 3 5 13
2637 3 5 13
2638 3 5 37
2639 3 5 11
2640 3 5 59
2641 3 5 23
2642 3 5 47
2643 3 5 19
2644 3 5 7
2645 3 7 23
2646 3 5 7
2647 3 5 11
2648 3 5 37
2649 3 5 61
2650 3 5 41
2651 3 5 29
2652 3 5 11
2653 3 5 11
2654 3 7 31
2655 3 5 19
2656 3 5 53
2657 3 5 31
2658 3 5 31
2659 3 5 61
2660 3 17 29
2661 3 5 13
2662 3 5 13
2663 3 5 19
2664 3 17 19
2665 3 5 11
2666 3 5 7
2667 3 11 13
2668 3 5 11
2669 3 5 61
2670 3 5 7
2671 3 5 11
2672 3 5 7
2673 3 5 37
2674 3 5 17
2675 3 5 11
2676 3 5 31
2677 3 17 37
2678 3 5 11
2679 3 5 7
2680 3 5 23
2681 3 5 19
2682 3 5 13
2683 3 5 29
2684 3 17 23
2685 3 5 19
2686 3 5 11
2687 3 5 17
2688 3 5 61
2689 3 5 7
2690 3 5 7
2691 3 5 7
2692 3 7 31
2693 3 5 13
2694 3 5 17
2695 3 11 17
2696 3 5 59
2697 3 5 23
2698 3 5 19
2699 3 13 17
2700 3 5 7
2701 3 5 17
2702 3 5 41
2703 3 5 7
2704 3 5 41
2705 3 7 59
2706 3 5 7
2707 3 5 41
2708 3 5 37
2709 3 5 31
2710 3 5 7
2711 3 5 59
2712 3 5 19
2713 3 5 61
2714 3 5 11
2715 3 5 17
2716 3 5 13
2717 3 5 29
2718 3 5 37
2719 3 5 7
2720 3 5 13
2721 3 5 23
2722 3 7 11
2723 3 5 11
2724 3 5 17
2725 3 7 43
2726 3 5 13
2727 3 5 17
2728 3 5 29
2729 3 11 13
2730 3 5 37
2731 3 5 53
2732 3 5 19
2733 3 5 41
2734 3 5 43
2735 3 5 13
2736 3 7 17
2737 3 5 11
2738 3 5 11
2739 3 5 7
2740 3 5 43
2741 3 5 59
2742 3 5 13
2743 3 5 31
2744 3 5 23
2745 3 5 31
2746 3 5 11
2747 3 13 31
2748 3 5 17
2749 3 11 37
2750 3 5 61
2751 3 5 17
2752 3 5 19
2753 3 13 59
2754 3 5 11
2755 3 5 37
2756 3 5 29
2757 3 5 7
2758 3 13 37
2759 3 5 13
2760 3 5 7
2761 3 5 7
2762 3 7 31
2763 3 5 7
2764 3 5 13
2765 3 5 53
2766 3 5 13
2767 3 5 23
2768 3 5 13
2769 3 5 11
2770 3 13 29
2771 3 5 31
2772 3 5 11
2773 3 5 17
2774 3 5 41
2775 3 5 23
2776 3 5 29
2777 3 5 47
2778 3 5 13
2779 3 5 13
2780 3 5 13
2781 3 5 7
2782 3 5 7
2783 3 7 17
2784 3 5 31
2785 3 5 7
2786 3 5 23
2787 3 7 43
2788 3 5 11
2789 3 5 17
2790 3 5 11
2791 3 5 43
2792 3 5 23
2793 3 5 43
2794 3 5 23
2795 3 5 37
2796 3 7 41
2797 3 5 43
2798 3 5 61
2799 3 5 19
2800 3 5 37
2801 3 5 11
2802 3 5 61
2803 3 7 13
2804 3 7 47
2805 3 5 37
2806 3 5 11
2807 3 11 17
2808 3 5 29
2809 3 5 29
2810 3 5 37
2811 3 5 19
2812 3 17 23
2813 3 5 43
2814 3 5 7
2815 3 13 43
2816 3 5 13
2817 3 5 29
2818 3 5 11
2819 3 5 53
2820 3 5 43
2821 3 5 29
2822 3 11 47
2823 3 5 7
2824 3 5 61
2825 3 5 31
2826 3 5 29
2827 3 5 13
2828 3 7 13
2829 3 5 31
2830 3 5 11
2831 3 5 43
2832 3 5 7
2833 3 5 43
2834 3 5 47
2835 3 5 17
2836 3 13 31
2837 3 5 17
2838 3 5 61
2839 3 5 61
2840 3 5 7
2841 3 5 17
2842 3 5 11
2843 3 5 53
2844 3 5 13
2845 3 5 11
2846 3 5 37
2847 3 5 17
2848 3 5 23
2849 3 5 13
2850 3 7 41
2851 3 5 61
2852 3 5 13
2853 3 5 11
2854 3 5 7
2855 3 5 59
2856 3 5 7
2857 3 5 13
2858 3 5 11
2859 3 5 31
2860 3 5 7
2861 3 5 29
2862 3 5 13
2863 3 5 11
2864 3 7 61
2865 3 5 7
2866 3 5 31
2867 3 5 43
2868 3 7 41
2869 3 5 61
2870 3 5 7
2871 3 5 17
2872 3 5 29
2873 3 5 31
2874 3 5 11
2875 3 11 31
2876 3 5 7
2877 3 5 19
2878 3 5 23
2879 3 5 53
2880 3 5 19
2881 3 5 59
2882 3 5 53
2883 3 5 47
2884 3 5 61
2885 3 5 13
2886 3 5 7
2887 3 5 43
2888 3 5 7
2889 3 5 37
2890 3 5 7
2891 3 5 23
2892 3 5 19
2893 3 5 11
2894 3 5 7
2895 3 7 29
2896 3 11 19
2897 3 5 17
2898 3 5 43
2899 3 5 7
2900 3 5 47
2901 3 5 13
2902 3 5 17
2903 3 5 29
2904 3 5 41
2905 3 5 37
2906 3 5 11
2907 3 5 47
2908 3 11 13
2909 3 7 13
2910 3 5 17
2911 3 5 37
2912 3 5 23
2913 3 5 53
2914 3 5 7
2915 3 7 37
2916 3 11 23
2917 3 5 17
2918 3 5 61
2919 3 5 17
2920 3 5 13
2921 3 5 43
2922 3 5 29
2923 3 5 13
2924 3 5 7
2925 3 5 37
2926 3 13 17
2927 3 5 41
2928 3 5 7
2929 3 5 29
2930 3 5 19
2931 3 5 13
2932 3 5 23
2933 3 5 19
2934 3 5 11
2935 3 5 23
2936 3 5 61
2937 3 5 13
2938 3 7 13
2939 3 5 29
2940 3 5 23
2941 3 5 13
2942 3 5 29
2943 3 13 41
2944 3 5 17
2945 3 5 13
2946 3 5 47
2947 3 5 41
2948 3 5 31
2949 3 5 7
2950 3 5 53
2951 3 5 17
2952 3 13 19
2953 3 13 61
2954 3 5 31
2955 3 5 23
2956 3 5 43
2957 3 5 11
2958 3 5 37
2959 3 5 7
2960 3 5 37
2961 3 5 31
2962 3 5 29
2963 3 7 61
2964 3 7 53
2965 3 5 13
2966 3 5 7
2967 3 29 47
2968 3 5 17
2969 3 5 29
2970 3 5 11
2971 3 5 19
2972 3 5 29
2973 3 5 29
2974 3 5 13
2975 3 5 13
2976 3 5 23
2977 3 5 11
2978 3 5 59
2979 3 11 13
2980 3 5 11
2981 3 5 17
2982 3 5 43
2983 3 5 23
2984 3 5 19
2985 3 5 47
2986 3 5 43
2987 3 5 11
2988 3 5 7
2989 3 11 19
2990 3 5 11
2991 3 5 13
2992 3 5 19
2993 3 5 43
2994 3 5 7
2995 3 5 29
2996 3 5 11
2997 3 11 29
2998 3 5 19
2999 3 5 41
3000 3 5 17
3001 3 5 11
3002 3 5 37
3003 3 5 11
3004 3 5 17
3005 3 5 13
3006 3 5 7
3007 3 5 11
3008 3 5 29
3009 3 5 7
3010 3 5 23
3011 3 5 47
3012 3 5 19
3013 3 5 13
3014 3 5 29
3015 3 5 37
3016 3 5 61
3017 3 5 17
3018 3 5 11
3019 3 5 7
3020 3 5 13
3021 3 5 13
3022 3 7 23
3023 3 5 23
3024 3 5 13
3025 3 5 17
3026 3 5 7
3027 3 5 7
3028 3 5 19
3029 3 5 13
3030 3 5 7
3031 3 5 31
3032 3 5 31
3033 3 5 19
3034 3 5 31
3035 3 5 11
3036 3 5 11
3037 3 5 17
3038 3 5 19
3039 3 5 17
3040 3 13 53
3041 3 7 19
3042 3 5 29
3043 3 5 17
3044 3 17 23
3045 3 5 17
3046 3 7 53
3047 3 5 11
3048 3 7 23
3049 3 5 7
3050 3 13 31
3051 3 13 37
3052 3 5 13
3053 3 7 13
3054 3 5 43
3055 3 7 13
3056 3 5 13
3057 3 5 59
3058 3 7 11
3059 3 5 29
3060 3 5 7
3061 3 5 11
3062 3 5 31
3063 3 5 7
3064 3 5 7
3065 3 5 11
3066 3 5 13
3067 3 5 31
3068 3 5 13
3069 3 5 17
3070 3 5 41
3071 3 5 13
