3072 3 7 47
3073 3 5 11
3074 3 5 23
3075 3 5 7
3076 3 5 19
3077 3 5 7
3078 3 7 11
3079 3 5 29
3080 3 5 13
3081 3 5 7
3082 3 5 37
3083 3 5 61
3084 3 5 19
3085 3 5 13
3086 3 13 47
3087 3 5 11
3088 3 5 41
3089 3 5 7
3090 3 5 13
3091 3 5 19
3092 3 5 11
3093 3 5 7
3094 3 5 13
3095 3 5 11
3096 3 5 11
3097 3 7 41
3098 3 5 7
3099 3 5 7
3100 3 5 19
3101 3 5 23
3102 3 5 13
3103 3 5 31
3104 3 5 23
3105 3 5 43
3106 3 5 11
3107 3 5 13
3108 3 5 29
3109 3 5 11
3110 3 5 7
3111 3 7 11
3112 3 13 53
3113 3 5 13
3114 3 5 11
3115 3 5 7
3116 3 5 11
3117 3 5 29
3118 3 5 53
3119 3 5 13
3120 3 5 11
3121 3 5 41
3122 3 5 19
3123 3 5 29
3124 3 5 7
3125 3 5 11
3126 3 5 7
3127 3 5 11
3128 3 5 41
3129 3 5 23
3130 3 5 7
3131 3 5 53
3132 3 5 7
3133 3 19 23
3134 3 5 11
3135 3 11 31
3136 3 5 43
3137 3 7 13
3138 3 5 31
3139 3 5 13
3140 3 5 11
3141 3 5 37
3142 3 5 13
3143 3 5 7
3144 3 5 17
3145 3 5 11
3146 3 5 11
3147 3 5 7
3148 3 5 7
3149 3 7 43
3150 3 5 11
3151 3 11 41
3152 3 5 11
3153 3 5 7
3154 3 5 41
3155 3 5 7
3156 3 5 41
3157 3 5 11
3158 3 7 11
3159 3 5 17
3160 3 5 53
3161 3 5 29
3162 3 7 31
3163 3 5 11
3164 3 31 59
3165 3 5 23
3166 3 5 19
3167 3 5 13
3168 3 5 19
3169 3 5 23
3170 3 5 7
3171 3 11 13
3172 3 5 59
3173 3 5 23
3174 3 11 31
3175 3 5 7
3176 3 5 13
3177 3 5 59
3178 3 5 29
3179 3 5 17
3180 3 5 7
3181 3 5 17
3182 3 5 29
3183 3 5 41
3184 3 5 7
3185 3 13 31
3186 3 5 29
3187 3 5 7
3188 3 5 13
3189 3 5 19
3190 3 5 31
3191 3 5 7
3192 3 5 19
3193 3 7 31
3194 3 5 17
3195 3 5 61
3196 3 5 43
3197 3 5 23
3198 3 5 7
3199 3 5 13
3200 3 5 7
3201 3 5 53
3202 3 7 37
3203 3 5 61
3204 3 17 43
3205 3 5 31
3206 3 5 59
3207 3 7 11
3208 3 5 11
3209 3 5 41
3210 3 5 11
3211 3 5 47
3212 3 5 29
3213 3 5 29
3214 3 5 7
3215 3 5 11
3216 3 5 17
3217 3 5 7
3218 3 5 7
3219 3 5 17
3220 3 5 17
3221 3 5 41
3222 3 5 19
3223 3 17 61
3224 3 5 43
3225 3 7 19
3226 3 5 53
3227 3 5 19
3228 3 5 31
3229 3 5 17
3230 3 13 17
3231 3 5 37
3232 3 5 19
3233 3 5 59
3234 3 5 17
3235 3 5 13
3236 3 5 17
3237 3 5 43
3238 3 5 59
3239 3 13 37
3240 3 5 13
3241 3 5 19
3242 3 5 23
3243 3 5 11
3244 3 13 17
3245 3 5 7
3246 3 5 7
3247 3 5 31
3248 3 5 11
3249 3 5 23
3250 3 5 7
3251 3 37 61
3252 3 5 11
3253 3 5 7
3254 3 5 23
3255 3 5 13
3256 3 5 23
3257 3 5 11
3258 3 5 29
3259 3 5 7
3260 3 29 37
3261 3 5 19
3262 3 5 17
3263 3 5 19
3264 3 5 23
3265 3 5 19
3266 3 5 59
3267 3 5 11
3268 3 5 11
3269 3 5 17
3270 3 5 11
3271 3 5 13
3272 3 5 11
3273 3 5 23
3274 3 5 13
3275 3 11 17
3276 3 5 29
3277 3 11 17
3278 3 5 19
3279 3 5 13
3280 3 5 37
3281 3 5 41
3282 3 5 17
3283 3 13 61
3284 3 5 23
3285 3 5 41
3286 3 11 53
3287 3 5 23
3288 3 5 11
3289 3 7 13
3290 3 5 7
3291 3 5 53
3292 3 5 17
3293 3 29 59
3294 3 5 11
3295 3 5 13
3296 3 5 7
3297 3 5 19
3298 3 5 17
3299 3 5 37
3300 3 5 11
3301 3 5 17
3302 3 5 59
3303 3 5 7
3304 3 5 41
3305 3 5 41
3306 3 5 41
3307 3 5 11
3308 3 5 11
3309 3 5 7
3310 3 5 7
3311 3 7 61
3312 3 5 37
3313 3 5 29
3314 3 5 7
3315 3 17 47
3316 3 5 23
3317 3 5 19
3318 3 7 43
3319 3 5 13
3320 3 5 19
3321 3 11 37
3322 3 5 11
3323 3 5 19
3324 3 7 31
3325 3 5 47
3326 3 5 17
3327 3 5 23
3328 3 13 19
3329 3 7 11
3330 3 5 7
3331 3 5 17
3332 3 5 17
3333 3 5 23
3334 3 5 29
3335 3 5 13
3336 3 5 11
3337 3 7 59
3338 3 5 13
3339 3 5 7
3340 3 7 11
3341 3 5 17
3342 3 5 13
3343 3 11 23
3344 3 5 23
3345 3 5 17
3346 3 5 17
3347 3 5 41
3348 3 17 59
3349 3 17 23
3350 3 5 7
3351 3 5 7
3352 3 5 19
3353 3 5 13
3354 3 5 29
3355 3 5 37
3356 3 5 17
3357 3 5 7
3358 3 5 19
3359 3 13 37
3360 3 5 17
3361 3 5 11
3362 3 5 23
3363 3 5 11
3364 3 5 37
3365 3 7 53
3366 3 5 37
3367 3 7 19
3368 3 5 19
3369 3 5 23
3370 3 5 7
3371 3 5 23
3372 3 7 29
3373 3 7 43
3374 3 5 7
3375 3 5 13
3376 3 5 17
3377 3 5 7
3378 3 5 53
3379 3 5 13
3380 3 5 17
3381 3 5 23
3382 3 5 13
3383 3 5 19
3384 3 5 13
3385 3 5 17
3386 3 5 7
3387 3 5 19
3388 3 5 23
3389 3 5 11
3390 3 7 41
3391 3 5 23
3392 3 5 59
3393 3 7 29
3394 3 5 19
3395 3 5 43
3396 3 5 11
3397 3 5 23
3398 3 5 29
3399 3 5 23
3400 3 7 37
3401 3 7 17
3402 3 5 7
3403 3 5 13
3404 3 5 7
3405 3 5 17
3406 3 5 23
3407 3 5 7
3408 3 5 29
3409 3 7 41
3410 3 5 31
3411 3 5 11
3412 3 5 31
3413 3 5 13
3414 3 5 7
3415 3 5 31
3416 3 5 19
3417 3 5 11
3418 3 5 13
3419 3 5 37
3420 3 5 17
3421 3 5 31
3422 3 5 11
3423 3 11 13
3424 3 5 59
3425 3 5 19
3426 3 5 29
3427 3 5 7
3428 3 5 13
3429 3 5 23
3430 3 13 61
3431 3 5 7
3432 3 5 13
3433 3 5 37
3434 3 11 43
3435 3 5 43
3436 3 5 17
3437 3 5 37
3438 3 13 53
3439 3 7 31
3440 3 5 29
3441 3 7 43
3442 3 5 29
3443 3 5 43
3444 3 11 43
3445 3 5 53
3446 3 5 17
3447 3 5 29
3448 3 11 13
3449 3 5 31
3450 3 5 13
3451 3 5 13
3452 3 11 29
3453 3 5 7
3454 3 5 11
3455 3 7 13
3456 3 5 13
3457 3 5 11
3458 3 5 11
3459 5 7 13
3460 3 5 37
3461 3 5 17
3462 3 7 31
3463 3 17 29
3464 3 5 23
3465 3 7 47
3466 3 5 7
3467 3 5 29
3468 3 11 53
3469 3 5 31
3470 3 5 11
3471 3 5 37
3472 3 5 7
3473 3 5 7
3474 3 5 13
3475 3 5 17
3476 3 5 13
3477 3 5 17
3478 3 7 17
3479 3 5 23
3480 3 5 37
3481 3 5 23
3482 3 5 43
3483 3 5 23
3484 3 13 41
3485 3 13 37
3486 3 5 7
3487 3 5 11
3488 3 5 13
3489 3 5 11
3490 3 7 23
3491 3 5 41
3492 3 5 13
3493 3 11 19
3494 3 5 19
3495 3 5 7
3496 3 5 7
3497 3 5 37
3498 3 5 11
3499 3 5 47
3500 3 5 19
3501 3 5 13
3502 3 5 17
3503 3 5 7
3504 3 5 17
3505 3 11 59
3506 3 5 31
3507 3 5 7
3508 3 5 59
3509 3 13 47
3510 3 5 19
3511 3 5 59
3512 3 5 29
3513 3 5 23
3514 3 5 13
3515 3 5 23
3516 3 5 13
3517 3 5 7
3518 3 5 17
3519 3 5 29
3520 3 5 7
3521 3 5 19
3522 3 5 7
3523 3 5 37
3524 3 5 7
3525 3 5 17
3526 3 5 17
3527 3 11 53
3528 3 5 37
3529 3 5 31
3530 3 7 43
3531 3 5 13
3532 3 5 17
3533 3 5 7
3534 3 5 13
3535 3 5 37
3536 3 11 59
3537 3 5 37
3538 3 5 29
3539 3 5 13
3540 3 5 19
3541 3 5 11
3542 3 5 23
3543 3 5 7
3544 3 5 17
3545 3 5 13
3546 3 5 7
3547 3 5 11
3548 3 5 31
3549 3 5 19
3550 3 5 29
3551 3 5 13
3552 3 11 59
3553 3 5 19
3554 3 5 13
3555 3 5 17
3556 3 5 11
3557 3 5 19
3558 3 5 7
3559 3 13 23
3560 3 5 7
3561 3 5 43
3562 3 5 7
3563 3 5 19
3564 3 5 11
3565 3 5 7
3566 3 5 19
3567 3 5 7
3568 3 5 19
3569 3 5 11
3570 3 5 7
3571 3 5 7
3572 3 5 19
3573 3 13 41
3574 3 5 17
3575 3 5 13
3576 3 5 7
3577 3 5 19
3578 3 5 17
3579 3 5 7
3580 3 5 31
3581 3 5 13
3582 3 5 11
3583 3 5 11
3584 3 5 11
3585 3 5 43
3586 3 5 19
3587 3 7 23
3588 3 5 19
3589 3 5 31
3590 3 5 37
3591 3 11 31
3592 3 5 7
3593 3 5 17
3594 3 5 29
3595 3 5 7
3596 3 5 17
3597 3 5 41
3598 3 5 11
3599 3 5 29
3600 3 11 31
3601 3 5 11
3602 3 5 19
3603 3 5 29
3604 3 5 13
3605 3 5 11
3606 3 5 11
3607 3 5 31
3608 3 29 43
3609 3 5 7
3610 3 5 19
3611 3 5 17
3612 3 5 11
3613 3 5 17
3614 3 5 61
3615 3 5 7
3616 3 11 59
3617 3 5 13
3618 3 5 37
3619 3 5 7
3620 3 5 11
3621 3 5 19
3622 3 5 13
3623 3 5 11
3624 3 5 61
3625 3 5 7
3626 3 5 31
3627 3 29 53
3628 3 5 53
3629 3 11 19
3630 3 7 47
3631 3 5 17
3632 3 7 19
3633 3 5 7
3634 3 7 11
3635 3 11 19
3636 3 5 19
3637 3 5 13
3638 3 5 37
3639 3 5 23
3640 3 5 11
3641 3 5 7
3642 3 5 11
3643 3 5 13
3644 3 5 11
3645 3 5 19
3646 3 11 23
3647 3 5 13
3648 3 5 7
3649 3 7 11
3650 3 5 13
3651 3 5 43
3652 3 5 43
3653 3 5 13
3654 3 5 59
3655 3 7 59
3656 3 5 11
3657 3 17 23
3658 3 5 7
3659 3 5 13
3660 3 5 13
3661 3 5 29
3662 3 5 19
3663 3 5 23
3664 3 5 19
3665 3 5 61
3666 3 5 13
3667 3 11 23
3668 3 5 7
3669 3 13 59
3670 3 13 41
3671 3 5 37
3672 3 5 31
3673 3 5 43
3674 3 5 17
3675 3 7 17
3676 3 5 23
3677 3 7 41
3678 3 5 43
3679 3 5 7
3680 3 5 7
3681 3 7 11
3682 3 5 31
3683 3 5 11
3684 3 5 11
3685 3 5 43
3686 3 5 41
3687 3 5 11
3688 3 5 31
3689 3 5 17
3690 3 5 17
3691 3 5 43
3692 3 5 11
3693 3 5 31
3694 3 5 13
3695 3 11 37
3696 3 7 17
3697 3 5 23
3698 3 5 19
3699 3 7 19
3700 3 5 7
3701 3 5 13
3702 3 5 37
3703 3 5 7
3704 3 5 23
3705 3 5 37
3706 3 7 31
3707 3 5 11
3708 3 5 17
3709 3 5 11
3710 3 5 31
3711 3 5 47
3712 3 5 43
3713 3 11 23
3714 3 5 17
3715 3 5 19
3716 3 5 13
3717 3 5 13
3718 3 5 13
3719 3 5 11
3720 3 5 31
3721 3 5 41
3722 3 5 13
3723 3 5 13
3724 3 5 11
3725 3 5 19
3726 3 5 7
3727 3 5 7
3728 3 5 13
3729 3 5 41
3730 3 5 29
3731 3 5 13
3732 3 5 13
3733 3 5 59
3734 3 5 23
3735 3 5 13
3736 3 5 41
3737 3 37 41
3738 3 5 17
3739 3 11 19
3740 3 5 41
3741 3 5 17
3742 3 11 61
3743 3 5 41
3744 3 5 7
3745 3 5 13
3746 3 5 41
3747 3 5 7
3748 3 7 13
3749 3 5 7
3750 3 5 61
3751 3 7 23
3752 3 5 11
3753 3 5 13
3754 3 5 13
3755 3 5 61
3756 3 5 37
3757 3 5 43
3758 3 5 13
3759 3 5 7
3760 3 5 41
3761 3 5 13
3762 3 11 43
3763 3 5 23
3764 3 7 23
3765 3 11 53
3766 3 5 17
3767 3 5 41
3768 3 5 31
3769 3 11 43
3770 3 5 7
3771 3 5 47
3772 3 5 7
3773 3 5 11
3774 3 5 17
3775 3 5 13
3776 3 11 23
3777 3 5 41
3778 3 11 37
3779 3 5 47
3780 3 7 31
3781 3 19 29
3782 3 5 7
3783 3 5 59
3784 3 5 23
3785 3 5 7
3786 3 5 17
3787 3 5 17
3788 3 5 23
3789 3 17 19
3790 3 5 23
3791 3 5 43
3792 3 5 53
3793 3 5 19
3794 3 5 19
3795 3 5 29
3796 3 5 19
3797 3 5 7
3798 3 5 29
3799 3 5 13
3800 3 5 41
3801 3 5 29
3802 3 5 19
3803 3 11 13
3804 3 5 43
3805 3 5 13
3806 3 5 19
3807 3 5 37
3808 3 5 13
3809 3 5 31
3810 3 5 41
3811 3 5 41
3812 3 5 7
3813 3 5 29
3814 3 5 7
3815 3 5 17
3816 3 7 37
3817 3 5 7
3818 3 7 17
3819 3 5 47
3820 3 5 7
3821 3 5 19
3822 3 5 11
3823 3 5 17
3824 3 5 41
3825 3 5 7
3826 3 5 11
3827 3 5 7
3828 3 5 29
3829 3 5 41
3830 3 5 19
3831 3 5 11
3832 3 5 23
3833 3 5 41
3834 3 5 47
3835 3 5 59
3836 3 11 31
3837 3 5 11
3838 3 5 11
3839 3 11 13
3840 3 11 13
3841 3 5 17
3842 3 7 19
3843 3 5 31
3844 3 7 19
3845 3 7 29
3846 3 5 7
3847 3 5 11
3848 3 5 13
3849 3 5 17
3850 3 5 11
3851 3 5 11
3852 3 5 47
3853 3 23 37
3854 3 5 43
3855 3 7 13
3856 3 5 29
3857 3 5 13
3858 3 11 37
3859 3 5 37
3860 3 5 13
3861 3 5 11
3862 3 11 13
3863 3 7 13
3864 3 13 37
3865 3 5 19
3866 3 11 31
3867 3 5 43
3868 3 17 47
3869 3 5 11
3870 3 5 61
3871 3 5 7
3872 3 5 41
3873 3 5 29
3874 3 11 53
3875 3 5 29
3876 3 5 11
3877 3 5 29
3878 3 5 19
3879 3 5 17
3880 3 5 23
3881 3 5 11
3882 3 5 17
3883 3 5 7
3884 3 5 11
3885 3 5 47
3886 3 5 29
3887 3 5 17
3888 3 5 41
3889 3 5 53
3890 3 5 37
3891 3 7 59
3892 3 5 11
3893 3 5 29
3894 3 5 7
3895 3 5 23
3896 3 5 23
3897 3 5 29
3898 3 17 29
3899 3 5 41
3900 3 5 29
3901 3 5 47
3902 3 5 13
3903 3 5 47
3904 3 5 43
3905 3 5 29
3906 3 5 61
3907 3 5 29
3908 3 11 17
3909 3 7 43
3910 3 5 37
3911 3 5 13
3912 3 5 13
3913 3 5 19
3914 3 5 31
3915 3 5 29
3916 3 5 7
3917 3 5 13
3918 3 5 41
3919 3 5 17
3920 3 5 13
3921 3 5 59
3922 3 5 11
3923 3 5 11
3924 3 5 11
3925 3 5 47
3926 3 5 29
3927 3 5 11
3928 3 5 31
3929 3 5 19
3930 3 7 23
3931 3 5 17
3932 3 5 11
3933 3 5 17
3934 3 5 43
3935 3 7 61
3936 3 7 53
3937 3 5 19
3938 3 5 43
3939 3 5 41
3940 3 5 7
3941 3 5 47
3942 3 5 17
3943 3 5 17
3944 3 5 11
3945 3 11 23
3946 3 5 7
3947 3 5 19
3948 3 11 31
3949 3 5 29
3950 3 5 37
3951 3 5 11
3952 3 5 13
3953 3 5 17
3954 3 5 19
3955 3 5 11
3956 3 7 53
3957 3 5 7
3958 3 5 13
3959 3 11 13
3960 3 5 23
3961 3 5 29
3962 3 5 11
3963 3 7 19
3964 3 5 7
3965 3 5 37
3966 3 5 13
3967 3 5 17
3968 3 5 13
3969 3 5 13
3970 3 5 13
3971 3 5 19
3972 3 5 23
3973 3 5 7
3974 3 5 31
3975 3 5 7
3976 3 5 7
3977 3 5 7
3978 3 7 53
3979 3 11 29
3980 3 5 7
3981 3 5 29
3982 3 5 7
3983 3 5 13
3984 3 7 11
3985 3 11 13
3986 3 5 31
3987 3 5 13
3988 3 5 11
3989 3 5 17
3990 3 5 29
3991 3 5 29
3992 3 5 43
3993 3 5 23
3994 3 5 11
3995 3 5 53
3996 3 7 59
3997 3 5 37
3998 3 5 11
3999 3 5 13
4000 3 7 19
4001 3 5 61
4002 3 5 47
4003 3 5 31
4004 3 5 23
4005 3 7 11
4006 3 5 41
4007 3 5 17
4008 3 7 31
4009 3 5 13
4010 3 5 7
4011 3 7 11
4012 3 5 7
4013 3 5 11
4014 3 5 61
4015 3 5 11
4016 3 7 41
4017 3 5 41
4018 3 5 29
4019 3 5 13
4020 3 5 11
4021 3 5 13
4022 3 7 19
4023 3 5 7
4024 3 5 13
4025 3 5 13
4026 3 5 61
4027 3 11 17
4028 3 5 43
4029 3 5 13
4030 3 5 13
4031 3 5 7
4032 3 11 13
4033 3 5 17
4034 3 11 23
4035 3 5 23
4036 3 5 7
4037 3 11 43
4038 3 5 11
4039 3 5 19
4040 3 5 11
4041 3 5 43
4042 3 5 13
4043 3 5 11
4044 3 5 31
4045 3 5 53
4046 3 5 41
4047 3 5 41
4048 3 5 13
4049 3 5 53
4050 3 5 19
4051 3 5 53
4052 3 5 17
4053 3 5 23
4054 3 5 17
4055 3 5 7
4056 3 5 7
4057 3 5 7
4058 3 5 37
4059 3 5 43
4060 3 5 37
4061 3 7 11
4062 3 5 29
4063 3 5 13
4064 3 5 11
4065 3 5 17
4066 3 5 17
4067 3 7 13
4068 3 5 59
4069 3 13 17
4070 3 5 17
4071 3 23 37
4072 3 5 11
4073 3 5 7
4074 3 5 29
4075 3 13 47
4076 3 5 13
4077 3 5 37
4078 3 13 43
4079 3 5 37
4080 3 5 11
4081 3 5 37
4082 3 5 59
4083 3 5 37
4084 3 5 41
4085 3 5 11
4086 3 13 23
4087 3 5 31
4088 3 5 19
4089 3 5 11
4090 3 5 13
4091 3 5 29
4092 3 5 11
4093 3 5 11
4094 3 5 11
4095 3 5 19
