4096 3 5 31
4097 3 5 37
4098 3 23 61
4099 3 5 17
4100 3 5 7
4101 3 5 29
4102 3 11 13
4103 3 7 31
4104 3 5 59
4105 3 13 43
4106 3 5 11
4107 3 7 41
4108 3 5 17
4109 3 5 31
4110 3 5 13
4111 3 13 59
4112 3 5 29
4113 3 5 37
4114 3 5 7
4115 3 5 29
4116 3 5 23
4117 3 5 23
4118 3 13 37
4119 3 5 7
4120 3 5 23
4121 3 5 11
4122 3 5 61
4123 3 5 7
4124 3 5 37
4125 3 5 11
4126 3 7 29
4127 3 5 43
4128 3 5 17
4129 3 5 61
4130 3 5 43
4131 3 5 19
4132 3 5 11
4133 3 17 31
4134 3 5 41
4135 3 7 11
4136 3 5 47
4137 3 5 7
4138 3 5 17
4139 3 11 17
4140 3 5 53
4141 3 5 37
4142 3 5 13
4143 3 5 13
4144 3 7 37
4145 3 11 17
4146 3 7 43
4147 3 5 11
4148 3 5 13
4149 3 7 23
4150 3 5 7
4151 3 5 29
4152 3 5 11
4153 3 5 7
4154 3 5 11
4155 3 13 19
4156 3 5 23
4157 3 11 17
4158 3 5 7
4159 3 5 11
4160 3 5 19
4161 3 5 7
4162 3 5 59
4163 3 5 23
4164 3 13 19
4165 3 5 13
4166 3 5 11
4167 3 5 29
4168 3 5 37
4169 3 5 17
4170 3 5 31
4171 3 5 37
4172 3 5 41
4173 3 5 11
4174 3 7 31
4175 3 5 43
4176 3 5 11
4177 3 5 59
4178 3 5 61
4179 3 5 23
4180 3 5 61
4181 3 5 23
4182 3 5 11
4183 3 5 13
4184 3 5 17
4185 3 11 41
4186 3 5 11
4187 3 5 37
4188 3 11 19
4189 3 5 17
4190 3 13 47
4191 3 5 13
4192 3 7 53
4193 3 5 13
4194 3 5 11
4195 3 5 7
4196 3 7 13
4197 3 5 7
4198 3 5 7
4199 3 5 23
4200 3 13 43
4201 3 5 47
4202 3 5 11
4203 3 5 11
4204 3 5 17
4205 3 5 17
4206 3 5 41
4207 3 5 17
4208 3 5 13
4209 3 5 11
4210 3 5 59
4211 3 5 13
4212 3 5 29
4213 3 5 29
4214 3 5 17
4215 3 5 7
4216 3 5 13
4217 3 5 29
4218 3 5 31
4219 3 7 11
4220 3 5 23
4221 3 23 41
4222 3 5 41
4223 3 5 19
4224 3 5 7
4225 3 5 19
4226 3 5 47
4227 3 17 31
4228 3 5 17
4229 3 5 13
4230 3 5 7
4231 3 5 19
4232 3 11 47
4233 3 5 23
4234 3 11 13
4235 3 5 29
4236 3 19 29
4237 3 5 7
4238 3 5 61
4239 3 19 47
4240 3 5 11
4241 3 5 13
4242 3 5 23
4243 3 5 13
4244 3 5 17
4245 3 5 7
4246 3 5 31
4247 3 5 7
4248 3 5 7
4249 3 5 7
4250 3 5 13
4251 3 5 31
4252 3 7 23
4253 3 5 7
4254 3 11 47
4255 3 5 11
4256 3 11 13
4257 3 5 31
4258 3 5 23
4259 3 5 59
4260 3 11 61
4261 3 5 13
4262 3 5 13
4263 3 5 17
4264 3 5 41
4265 3 5 31
4266 3 5 11
4267 3 5 13
4268 3 11 19
4269 3 5 47
4270 3 5 61
4271 3 5 23
4272 3 5 59
4273 3 5 13
4274 3 5 13
4275 3 5 17
4276 3 13 29
4277 3 5 29
4278 3 7 19
4279 3 5 19
4280 3 5 17
4281 3 5 23
4282 3 5 61
4283 3 5 37
4284 3 5 13
4285 3 5 53
4286 3 7 29
4287 3 5 7
4288 3 5 41
4289 3 5 11
4290 3 5 19
4291 3 5 29
4292 3 5 11
4293 3 5 53
4294 3 5 43
4295 3 5 29
4296 3 5 53
4297 3 5 41
4298 3 5 13
4299 3 5 29
4300 3 5 13
4301 3 5 29
4302 3 5 23
4303 3 5 31
4304 3 5 41
4305 3 5 53
4306 3 5 17
4307 3 5 59
4308 3 13 41
4309 3 5 7
4310 3 19 43
4311 3 5 61
4312 3 5 11
4313 3 5 47
4314 3 5 29
4315 3 5 17
4316 3 5 17
4317 3 7 53
4318 3 5 11
4319 3 5 41
4320 3 5 11
4321 3 5 31
4322 3 5 37
4323 3 5 29
4324 3 5 7
4325 3 5 47
4326 3 5 29
4327 3 5 13
4328 3 5 17
4329 3 11 59
4330 3 5 41
4331 3 5 11
4332 3 5 29
4333 3 5 7
4334 3 5 23
4335 3 5 59
4336 3 7 31
4337 3 5 11
4338 3 5 17
4339 3 5 11
4340 3 5 19
4341 3 5 47
4342 3 5 31
4343 3 5 31
4344 3 5 11
4345 3 5 11
4346 3 5 11
4347 3 11 13
4348 3 5 47
4349 3 5 31
4350 3 5 19
4351 3 5 13
4352 3 5 23
4353 3 5 11
4354 3 5 13
4355 3 5 19
4356 3 5 29
4357 3 11 17
4358 3 5 17
4359 3 5 41
4360 3 5 31
4361 3 5 37
4362 3 5 7
4363 3 5 19
4364 3 5 7
4365 3 5 13
4366 3 5 53
4367 3 5 11
4368 3 5 37
4369 3 5 7
4370 3 5 31
4371 3 5 29
4372 3 11 19
4373 3 5 19
4374 3 5 17
4375 3 5 31
4376 3 5 41
4377 3 13 61
4378 3 5 11
4379 3 5 11
4380 3 5 43
4381 3 5 11
4382 3 5 13
4383 3 5 19
4384 3 5 17
4385 3 5 43
4386 3 5 31
4387 3 5 29
4388 3 13 29
4389 3 5 17
4390 3 7 61
4391 3 5 13
4392 3 7 17
4393 3 5 7
4394 3 7 13
4395 3 5 11
4396 3 5 31
4397 3 5 13
4398 3 5 13
4399 3 5 23
4400 3 5 41
4401 3 5 23
4402 3 7 17
4403 3 5 13
4404 3 5 37
4405 3 5 29
4406 3 5 19
4407 3 5 53
4408 3 5 19
4409 3 5 11
4410 3 5 19
4411 3 5 61
4412 3 5 11
4413 3 5 41
4414 3 5 59
4415 3 5 29
4416 3 13 23
4417 3 5 17
4418 3 5 29
4419 3 5 37
4420 3 7 59
4421 3 5 7
4422 3 5 7
4423 3 5 13
4424 3 5 37
4425 3 5 13
4426 3 5 17
4427 3 5 11
4428 3 11 41
4429 3 5 7
4430 3 5 11
4431 3 5 37
4432 3 5 7
4433 3 5 19
4434 3 5 17
4435 3 11 53
4436 3 5 19
4437 3 5 43
4438 3 5 17
4439 3 7 13
4440 3 5 11
4441 3 5 23
4442 3 5 13
4443 3 5 43
4444 3 5 17
4445 3 5 23
4446 3 5 7
4447 3 5 19
4448 3 7 37
4449 3 5 31
4450 3 5 11
4451 3 5 23
4452 3 5 23
4453 3 5 17
4454 3 5 23
4455 3 5 13
4456 3 7 37
4457 3 19 23
4458 3 5 7
4459 3 5 47
4460 3 5 7
4461 3 5 47
4462 3 5 29
4463 3 5 13
4464 3 5 31
4465 3 5 31
4466 3 5 7
4467 3 5 23
4468 3 5 11
4469 3 5 11
4470 3 5 17
4471 3 5 23
4472 3 5 7
4473 3 5 31
4474 3 5 37
4475 3 5 13
4476 3 5 7
4477 3 5 43
4478 3 5 11
4479 3 13 19
4480 3 5 13
4481 3 13 37
4482 3 5 13
4483 3 5 47
4484 3 7 61
4485 3 5 47
4486 3 5 29
4487 3 17 59
4488 3 5 41
4489 3 11 41
4490 3 5 31
4491 3 17 59
4492 3 5 17
4493 3 5 19
4494 3 5 23
4495 3 5 23
4496 3 5 7
4497 3 5 11
4498 3 5 11
4499 3 5 23
4500 3 5 29
4501 3 5 59
4502 3 31 61
4503 3 5 29
4504 3 5 11
4505 3 5 43
4506 3 7 59
4507 3 5 11
4508 3 5 43
4509 3 5 13
4510 3 5 13
4511 3 5 19
4512 3 5 13
4513 3 5 13
4514 3 5 31
4515 3 5 7
4516 3 5 13
4517 3 5 29
4518 3 5 31
4519 3 5 53
4520 3 7 11
4521 3 5 7
4522 3 5 37
4523 3 5 17
4524 3 5 29
4525 3 5 7
4526 3 7 37
4527 3 5 59
4528 3 5 59
4529 3 7 23
4530 3 5 11
4531 3 7 31
4532 3 5 7
4533 3 5 19
4534 3 5 31
4535 3 5 29
4536 3 13 17
4537 3 5 61
4538 3 5 41
4539 3 5 7
4540 3 5 11
4541 3 5 43
4542 3 5 47
4543 3 5 13
4544 3 5 11
4545 3 13 19
4546 3 5 37
4547 3 5 7
4548 3 5 23
4549 3 5 23
4550 3 5 29
4551 3 5 29
4552 3 13 31
4553 3 5 13
4554 3 5 23
4555 3 5 13
4556 3 5 29
4557 3 5 13
4558 3 7 29
4559 3 5 11
4560 3 5 41
4561 3 5 37
4562 3 5 23
4563 3 7 41
4564 3 5 19
4565 3 5 11
4566 3 5 7
4567 3 5 11
4568 3 5 17
4569 3 5 13
4570 3 5 29
4571 3 5 23
4572 3 5 37
4573 3 5 17
4574 3 5 29
4575 3 5 23
4576 3 5 7
4577 3 5 13
4578 3 7 29
4579 3 5 7
4580 3 5 59
4581 3 5 61
4582 3 5 7
4583 3 5 19
4584 3 5 43
4585 3 5 17
4586 3 5 41
4587 3 5 43
4588 3 5 37
4589 3 5 11
4590 3 5 31
4591 3 5 11
4592 3 5 13
4593 3 5 11
4594 3 7 29
4595 3 5 13
4596 3 5 43
4597 3 7 61
4598 3 5 13
4599 3 5 13
4600 3 5 29
4601 3 5 31
4602 3 5 29
4603 3 5 7
4604 3 5 23
4605 3 5 7
4606 3 5 7
4607 3 5 23
4608 3 5 7
4609 3 5 37
4610 3 5 17
4611 3 5 61
4612 3 11 37
4613 3 5 11
4614 3 5 7
4615 3 5 7
4616 3 5 17
4617 3 5 17
4618 3 5 11
4619 3 5 13
4620 3 5 7
4621 3 5 47
4622 3 5 17
4623 3 5 13
4624 3 11 13
4625 3 5 7
4626 3 5 13
4627 3 5 19
4628 3 5 17
4629 3 5 11
4630 3 5 29
4631 3 5 17
4632 3 5 7
4633 3 5 29
4634 3 7 13
4635 3 5 11
4636 3 5 59
4637 3 5 53
4638 3 7 17
4639 3 5 47
4640 3 5 43
4641 3 7 43
4642 3 5 41
4643 3 5 47
4644 3 5 11
4645 3 5 43
4646 3 5 7
4647 3 5 7
4648 3 5 37
4649 3 5 29
4650 3 5 53
4651 3 17 31
4652 3 5 19
4653 3 5 11
4654 3 5 43
4655 3 5 13
4656 3 13 43
4657 3 5 11
4658 3 7 47
4659 5 7 17
4660 3 5 19
4661 3 5 61
4662 3 5 11
4663 3 5 11
4664 3 5 59
4665 3 5 7
4666 3 5 17
4667 3 5 11
4668 3 5 17
4669 3 5 61
4670 3 5 17
4671 3 5 19
4672 3 5 37
4673 3 5 17
4674 3 5 19
4675 3 7 19
4676 3 5 7
4677 3 5 29
4678 3 11 61
4679 3 7 11
4680 3 5 7
4681 3 5 7
4682 3 5 13
4683 3 5 7
4684 3 5 29
4685 3 5 17
4686 3 11 13
4687 3 13 43
4688 3 5 11
4689 3 5 19
4690 3 5 7
4691 3 11 17
4692 3 5 19
4693 3 5 11
4694 3 7 61
4695 3 5 7
4696 3 5 29
4697 3 5 11
4698 3 5 47
4699 3 5 7
4700 3 5 37
4701 3 5 31
4702 3 5 31
4703 3 5 11
4704 3 5 13
4705 3 5 7
4706 3 5 11
4707 3 5 19
4708 3 13 31
4709 3 5 11
4710 3 5 11
4711 3 5 23
4712 3 5 31
4713 3 5 7
4714 3 7 43
4715 3 5 61
4716 3 5 7
4717 3 5 19
4718 3 7 23
4719 3 5 11
4720 3 5 31
4721 3 5 41
4722 3 5 47
4723 3 5 11
4724 3 5 23
4725 3 5 23
4726 3 5 11
4727 3 7 17
4728 3 7 23
4729 3 5 53
4730 3 5 13
4731 3 5 47
4732 3 13 17
4733 3 5 41
4734 3 5 43
4735 3 5 7
4736 3 5 7
4737 3 5 13
4738 3 5 29
4739 3 5 13
4740 3 5 17
4741 3 5 17
4742 3 5 7
4743 3 5 41
4744 3 5 13
4745 3 5 11
4746 3 5 19
4747 3 5 29
4748 3 7 13
4749 3 5 11
4750 3 11 13
4751 3 5 19
4752 3 5 11
4753 3 5 7
4754 3 5 31
4755 3 5 11
4756 3 11 61
4757 3 5 11
4758 3 5 19
4759 3 5 19
4760 3 5 7
4761 3 19 23
4762 3 5 7
4763 3 5 11
4764 3 5 11
4765 3 5 11
4766 3 11 23
4767 3 5 17
4768 3 5 29
4769 3 5 13
4770 3 11 37
4771 3 5 23
4772 3 5 11
4773 3 5 37
4774 3 5 13
4775 3 5 7
4776 3 5 7
4777 3 5 23
4778 3 5 41
4779 3 5 17
4780 3 5 13
4781 3 11 47
4782 3 13 19
4783 3 5 59
4784 3 5 41
4785 3 5 13
4786 3 11 59
4787 3 5 11
4788 3 5 13
4789 3 5 29
4790 3 11 13
4791 3 7 31
4792 3 7 43
4793 3 5 7
4794 3 5 13
4795 3 5 19
4796 3 5 7
4797 3 5 11
4798 3 5 11
4799 3 11 53
4800 3 11 41
4801 3 5 11
4802 3 5 13
4803 3 5 47
4804 3 5 11
4805 3 5 11
4806 3 5 11
4807 3 5 47
4808 3 5 7
4809 3 5 13
4810 3 5 7
4811 3 5 7
4812 3 23 59
4813 3 5 59
4814 3 5 41
4815 3 5 43
4816 3 5 17
4817 3 5 11
4818 3 5 37
4819 3 5 17
4820 3 31 41
4821 3 5 37
4822 3 5 19
4823 3 5 29
4824 3 5 7
4825 3 5 23
4826 3 5 11
4827 3 5 23
4828 3 5 17
4829 3 11 13
4830 3 5 11
4831 3 5 13
4832 3 5 11
4833 3 5 23
4834 3 5 37
4835 3 5 53
4836 3 5 37
4837 3 5 7
4838 3 5 19
4839 3 13 29
4840 3 5 13
4841 3 5 13
4842 3 5 53
4843 3 5 7
4844 3 5 29
4845 3 5 17
4846 3 5 7
4847 3 5 29
4848 3 7 23
4849 3 7 47
4850 3 5 19
4851 3 5 53
4852 3 5 19
4853 3 17 47
4854 3 5 11
4855 3 5 7
4856 3 5 23
4857 3 5 31
4858 3 5 13
4859 3 5 13
4860 3 5 17
4861 3 5 13
4862 3 5 43
4863 3 5 13
4864 3 5 17
4865 3 5 11
4866 3 13 29
4867 3 13 29
4868 3 5 31
4869 3 5 13
4870 5 11 47
4871 3 5 13
4872 3 5 13
4873 3 5 29
4874 3 5 47
4875 3 5 23
4876 3 5 7
4877 3 5 59
4878 3 5 11
4879 3 11 59
4880 3 5 7
4881 3 5 29
4882 3 5 11
4883 3 5 17
4884 3 7 41
4885 3 5 11
4886 3 5 19
4887 3 5 23
4888 3 5 13
4889 3 5 43
4890 3 5 59
4891 3 5 31
4892 3 5 11
4893 3 5 7
4894 3 5 31
4895 3 5 11
4896 3 5 19
4897 3 5 13
4898 3 5 11
4899 3 7 19
4900 3 5 13
4901 3 17 59
4902 3 5 19
4903 3 5 13
4904 3 5 17
4905 3 7 37
4906 3 5 13
4907 3 5 17
4908 3 5 17
4909 3 5 13
4910 3 5 47
4911 3 5 29
4912 3 5 29
4913 3 19 31
4914 3 5 53
4915 3 5 29
4916 3 5 17
4917 3 5 19
4918 3 11 43
4919 3 5 7
4920 3 11 13
4921 3 5 23
4922 3 5 61
4923 3 5 11
4924 3 5 53
4925 3 5 53
4926 3 5 19
4927 3 5 7
4928 3 7 13
4929 3 7 31
4930 3 5 11
4931 3 5 11
4932 3 5 17
4933 3 5 41
4934 3 5 37
4935 3 7 13
4936 3 5 53
4937 3 5 31
4938 3 5 11
4939 3 11 29
4940 3 5 11
4941 3 5 53
4942 3 5 19
4943 3 5 11
4944 3 11 31
4945 3 5 31
4946 3 5 7
4947 3 5 17
4948 3 11 29
4949 3 5 19
4950 3 5 7
4951 3 5 23
4952 3 5 11
4953 3 5 7
4954 3 5 17
4955 3 5 13
4956 3 5 11
4957 3 11 13
4958 3 5 59
4959 3 5 17
4960 3 5 29
4961 3 5 13
4962 3 7 13
4963 3 11 19
4964 3 5 17
4965 3 5 23
4966 3 5 47
4967 3 13 53
4968 3 5 37
4969 3 5 53
4970 3 5 37
4971 3 5 53
4972 3 5 7
4973 3 5 13
4974 3 5 37
4975 3 5 41
4976 3 5 37
4977 3 5 41
4978 3 5 11
4979 3 5 29
4980 3 5 47
4981 3 5 11
4982 3 5 37
4983 3 5 41
4984 3 11 41
4985 3 5 41
4986 3 5 13
4987 3 11 43
4988 3 29 53
4989 3 5 37
4990 3 5 7
4991 3 5 31
4992 3 5 29
4993 3 5 31
4994 3 5 31
4995 3 5 59
4996 3 5 13
4997 3 5 59
4998 3 5 47
4999 3 5 7
5000 3 5 13
5001 3 5 7
5002 3 5 7
5003 3 5 61
5004 3 5 53
5005 3 7 37
5006 3 5 17
5007 3 7 31
5008 3 5 29
5009 3 5 13
5010 3 5 11
5011 3 5 41
5012 3 5 23
5013 3 5 31
5014 3 5 17
5015 3 5 7
5016 3 7 41
5017 3 5 17
5018 3 5 23
5019 3 5 29
5020 3 11 13
5021 3 7 29
5022 3 5 11
5023 3 5 41
5024 3 5 7
5025 3 5 7
5026 3 5 17
5027 3 5 11
5028 3 5 7
5029 3 5 19
5030 3 5 11
5031 3 5 7
5032 3 5 11
5033 3 5 31
5034 3 5 7
5035 3 5 7
5036 3 5 29
5037 3 5 47
5038 3 5 7
5039 3 5 41
5040 3 5 19
5041 3 5 7
5042 3 5 13
5043 3 5 7
5044 3 5 53
5045 3 5 13
5046 3 5 11
5047 3 5 17
5048 3 5 7
5049 3 5 61
5050 3 5 13
5051 3 5 47
5052 3 7 41
5053 3 7 11
5054 3 5 19
5055 3 5 7
5056 3 5 11
5057 3 5 37
5058 3 5 31
5059 3 5 7
5060 3 5 31
5061 3 5 7
5062 3 5 17
5063 3 5 17
5064 3 5 13
5065 3 5 7
5066 3 5 53
5067 3 5 11
5068 3 5 7
5069 3 5 7
5070 3 5 11
5071 3 5 11
5072 3 5 53
5073 3 5 7
5074 3 5 43
5075 3 5 7
5076 3 5 17
5077 3 11 37
5078 3 5 37
5079 3 5 13
5080 3 5 41
5081 3 5 7
5082 3 5 61
5083 3 5 31
5084 3 5 11
5085 3 11 19
5086 3 5 11
5087 3 5 11
5088 3 5 31
5089 3 11 59
5090 3 5 19
5091 3 7 17
5092 3 5 13
5093 5 7 61
5094 3 5 11
5095 3 5 17
5096 3 5 13
5097 3 5 13
5098 3 5 19
5099 3 5 13
5100 3 5 61
5101 3 5 7
5102 3 5 23
5103 3 13 29
5104 3 5 43
5105 3 5 37
5106 3 5 19
5107 3 5 17
5108 3 5 11
5109 3 5 7
5110 3 5 13
5111 3 11 61
5112 3 5 37
5113 3 5 7
5114 3 13 53
5115 3 11 13
5116 3 13 37
5117 3 7 23
5118 3 5 11
5119 3 5 29
