5120 3 13 23
5121 3 5 31
5122 3 5 19
5123 3 5 19
5124 3 5 11
5125 3 5 7
5126 3 5 37
5127 3 5 7
5128 3 5 13
5129 3 5 11
5130 3 11 13
5131 3 5 41
5132 3 5 7
5133 3 5 41
5134 3 5 17
5135 3 5 13
5136 3 5 47
5137 3 5 41
5138 3 5 19
5139 3 5 53
5140 3 13 37
5141 3 5 31
5142 3 11 13
5143 3 11 23
5144 3 5 13
5145 3 5 41
5146 3 7 13
5147 3 5 11
5148 3 23 29
5149 3 5 53
5150 3 5 29
5151 3 5 19
5152 3 5 11
5153 3 11 41
5154 3 29 59
5155 3 5 17
5156 3 5 23
5157 3 5 29
5158 3 5 61
5159 3 5 17
5160 3 5 23
5161 3 5 13
5162 3 5 7
5163 5 7 31
5164 3 5 13
5165 3 5 43
5166 3 7 29
5167 3 5 29
5168 3 7 41
5169 3 5 7
5170 3 5 7
5171 3 13 47
5172 3 5 37
5173 3 5 43
5174 3 5 17
5175 3 5 41
5176 3 13 41
5177 3 5 11
5178 3 7 59
5179 3 5 7
5180 3 5 7
5181 3 5 7
5182 3 5 19
5183 3 5 7
5184 3 5 19
5185 3 5 61
5186 3 5 13
5187 3 5 11
5188 3 5 17
5189 3 5 31
5190 3 5 19
5191 3 5 7
5192 3 5 7
5193 3 5 43
5194 3 5 13
5195 3 5 13
5196 3 5 13
5197 3 5 41
5198 3 5 13
5199 3 11 61
5200 3 5 43
5201 3 5 41
5202 3 5 17
5203 3 5 37
5204 3 11 29
5205 3 5 61
5206 3 5 23
5207 3 5 43
5208 3 5 29
5209 3 5 13
5210 3 5 11
5211 3 5 43
5212 3 5 23
5213 3 29 59
5214 3 5 11
5215 3 5 29
5216 3 5 37
5217 3 5 7
5218 3 5 7
5219 3 5 11
5220 3 5 13
5221 3 5 13
5222 3 5 31
5223 3 5 13
5224 3 5 43
5225 3 5 7
5226 3 11 59
5227 3 5 11
5228 3 5 19
5229 3 5 13
5230 3 5 23
5231 3 11 41
5232 3 5 7
5233 3 5 29
5234 3 5 7
5235 3 5 29
5236 3 5 11
5237 3 11 37
5238 3 5 13
5239 3 5 11
5240 3 5 29
5241 3 5 13
5242 3 5 13
5243 3 7 19
5244 3 5 7
5245 3 5 19
5246 3 5 19
5247 3 5 41
5248 3 5 13
5249 3 5 59
5250 3 5 23
5251 3 5 23
5252 3 7 37
5253 3 5 19
5254 3 5 47
5255 3 5 7
5256 3 5 19
5257 3 5 17
5258 3 5 11
5259 3 5 13
5260 3 13 41
5261 3 5 11
5262 3 5 7
5263 3 5 7
5264 3 5 19
5265 3 5 61
5266 3 5 41
5267 3 5 13
5268 3 5 17
5269 3 5 19
5270 3 5 13
5271 3 5 47
5272 3 5 19
5273 3 5 7
5274 3 5 7
5275 3 5 13
5276 3 11 29
5277 3 7 43
5278 3 5 17
5279 3 5 13
5280 3 5 13
5281 3 5 13
5282 3 5 11
5283 3 5 7
5284 3 7 11
5285 3 5 11
5286 3 5 11
5287 3 5 31
5288 3 5 11
5289 3 13 17
5290 3 5 41
5291 3 7 59
5292 3 5 17
5293 3 7 29
5294 3 5 11
5295 3 5 29
5296 3 5 53
5297 3 7 59
5298 3 5 19
5299 3 5 11
5300 3 19 59
5301 3 19 31
5302 3 17 41
5303 3 5 7
5304 3 5 7
5305 3 5 13
5306 3 7 31
5307 3 5 13
5308 3 5 13
5309 3 5 53
5310 3 5 7
5311 3 11 41
5312 3 5 7
5313 3 5 17
5314 3 5 23
5315 3 5 59
5316 3 19 59
5317 3 5 13
5318 3 5 7
5319 3 13 19
5320 3 5 7
5321 3 5 11
5322 3 5 13
5323 3 5 59
5324 3 7 13
5325 3 5 7
5326 3 5 29
5327 3 5 13
5328 3 5 7
5329 3 5 17
5330 3 5 41
5331 3 5 13
5332 3 5 13
5333 3 5 53
5334 3 7 41
5335 3 5 7
5336 3 5 13
5337 3 5 17
5338 3 5 19
5339 3 11 13
5340 3 5 19
5341 3 5 29
5342 3 5 23
5343 3 5 29
5344 3 5 59
5345 3 5 11
5346 3 5 11
5347 3 7 11
5348 3 5 43
5349 3 5 23
5350 3 5 19
5351 3 5 13
5352 3 5 11
5353 3 5 13
5354 3 5 17
5355 3 5 11
5356 3 5 7
5357 3 7 37
5358 3 5 11
5359 3 5 11
5360 3 13 19
5361 3 5 17
5362 3 7 11
5363 3 5 13
5364 3 5 17
5365 3 5 19
5366 3 5 41
5367 3 5 59
5368 3 5 13
5369 3 11 19
5370 3 5 41
5371 3 5 23
5372 3 5 11
5373 3 5 13
5374 3 5 11
5375 3 7 29
5376 3 5 29
5377 3 5 13
5378 3 5 11
5379 3 5 7
5380 3 5 7
5381 3 5 13
5382 3 13 37
5383 3 5 37
5384 3 5 41
5385 3 7 37
5386 3 13 29
5387 3 5 11
5388 3 5 43
5389 3 5 7
5390 3 7 61
5391 3 5 29
5392 3 5 17
5393 3 7 13
5394 3 5 29
5395 3 5 37
5396 3 5 31
5397 3 5 19
5398 3 5 23
5399 3 5 7
5400 3 11 47
5401 3 5 17
5402 3 5 11
5403 3 7 23
5404 3 5 31
5405 3 5 11
5406 3 5 11
5407 3 13 43
5408 3 5 11
5409 3 5 17
5410 3 5 17
5411 3 5 13
5412 3 5 31
5413 3 5 29
5414 3 5 43
5415 3 5 31
5416 3 5 61
5417 3 5 7
5418 3 5 11
5419 3 5 43
5420 3 7 31
5421 3 5 29
5422 3 5 41
5423 3 5 61
5424 3 11 37
5425 3 5 29
5426 3 5 7
5427 3 5 7
5428 3 5 19
5429 3 5 7
5430 3 5 7
5431 3 5 31
5432 3 5 19
5433 3 11 23
5434 3 13 43
5435 3 5 43
5436 3 5 7
5437 3 5 7
5438 3 5 31
5439 3 5 11
5440 3 5 23
5441 3 5 29
5442 3 5 37
5443 3 5 11
5444 3 5 7
5445 3 5 11
5446 3 5 11
5447 3 5 19
5448 3 5 7
5449 3 5 7
5450 3 5 47
5451 3 5 53
5452 3 5 43
5453 3 5 13
5454 3 5 23
5455 3 5 11
5456 3 5 61
5457 3 5 31
5458 3 5 7
5459 3 13 61
5460 3 5 7
5461 3 5 7
5462 3 5 7
5463 3 5 23
5464 3 5 59
5465 3 5 31
5466 3 5 13
5467 3 7 29
5468 3 5 19
5469 3 5 13
5470 3 5 13
5471 3 5 17
5472 3 5 19
5473 3 5 59
5474 3 11 23
5475 3 5 53
5476 3 5 7
5477 3 5 13
5478 3 5 13
5479 3 5 7
5480 3 5 23
5481 3 5 11
5482 3 11 43
5483 3 5 31
5484 3 5 17
5485 3 5 7
5486 3 5 13
5487 3 5 11
5488 3 5 31
5489 3 5 7
5490 3 5 7
5491 3 5 19
5492 3 5 59
5493 3 7 17
5494 3 5 47
5495 3 5 23
5496 3 5 7
5497 3 13 19
5498 3 5 11
5499 3 5 31
5500 3 7 47
5501 3 5 37
5502 3 5 7
5503 3 5 43
5504 3 5 29
5505 3 11 47
5506 3 7 13
5507 3 5 7
5508 3 5 37
5509 3 5 7
5510 3 5 37
5511 3 5 29
5512 3 5 31
5513 3 5 23
5514 3 5 17
5515 3 5 43
5516 3 5 29
5517 3 5 37
5518 3 5 17
5519 3 29 53
5520 3 5 23
5521 3 5 11
5522 3 5 7
5523 3 11 19
5524 3 5 29
5525 3 5 29
5526 3 5 19
5527 3 5 11
5528 3 5 37
5529 3 5 31
5530 3 5 17
5531 3 5 7
5532 3 5 13
5533 3 5 13
5534 3 7 11
5535 3 5 29
5536 3 5 29
5537 3 5 7
5538 3 5 23
5539 3 5 37
5540 3 5 11
5541 3 5 59
5542 3 5 19
5543 3 11 41
5544 3 5 23
5545 3 13 31
5546 3 5 37
5547 3 11 17
5548 3 13 53
5549 3 5 17
5550 3 5 29
5551 3 5 19
5552 3 5 29
5553 3 5 37
5554 3 7 59
5555 3 5 11
5556 3 5 37
5557 3 5 17
5558 3 7 37
5559 3 5 13
5560 3 5 31
5561 3 5 19
5562 3 5 7
5563 3 5 29
5564 3 5 17
5565 3 5 17
5566 3 5 23
5567 3 5 13
5568 3 5 61
5569 3 5 41
5570 3 5 11
5571 3 5 29
5572 3 5 41
5573 3 5 47
5574 3 5 31
5575 3 5 29
5576 3 5 17
5577 3 5 61
5578 3 5 31
5579 3 7 31
5580 3 5 37
5581 3 5 29
5582 3 5 7
5583 3 5 11
5584 3 5 7
5585 3 5 59
5586 3 13 29
5587 3 5 7
5588 3 5 11
5589 3 5 61
5590 3 5 37
5591 3 19 47
5592 3 5 11
5593 3 5 31
5594 3 5 7
5595 3 5 19
5596 3 5 11
5597 3 5 13
5598 3 5 31
5599 3 5 47
5600 3 5 43
5601 3 5 13
5602 3 5 11
5603 3 5 7
5604 3 5 31
5605 3 5 31
5606 3 5 7
5607 3 5 7
5608 3 5 7
5609 3 11 23
5610 3 5 13
5611 3 5 29
5612 3 5 41
5613 3 5 23
5614 3 5 37
5615 3 5 17
5616 3 7 29
5617 3 5 23
5618 3 5 7
5619 3 5 19
5620 3 7 29
5621 3 5 11
5622 3 5 7
5623 3 5 19
5624 3 5 61
5625 3 5 17
5626 3 5 13
5627 3 5 29
5628 3 5 17
5629 3 5 11
5630 3 5 7
5631 3 7 17
5632 3 5 23
5633 3 11 37
5634 3 5 19
5635 3 7 47
5636 3 5 19
5637 3 5 11
5638 3 5 7
5639 3 5 7
5640 3 5 59
5641 3 5 19
5642 3 5 29
5643 3 5 19
5644 3 7 53
5645 3 11 23
5646 3 5 7
5647 3 11 19
5648 3 5 7
5649 3 5 17
5650 3 5 17
5651 3 5 43
5652 3 5 31
5653 3 5 41
5654 3 5 53
5655 3 7 59
5656 3 5 41
5657 3 5 7
5658 3 5 11
5659 3 5 61
5660 3 5 13
5661 3 5 13
5662 3 5 13
5663 3 5 29
5664 3 5 17
5665 3 5 11
5666 3 5 17
5667 3 11 47
5668 3 5 43
5669 3 5 17
5670 3 5 11
5671 3 5 7
5672 3 5 19
5673 3 5 7
5674 3 11 13
5675 3 5 43
5676 3 5 11
5677 3 5 13
5678 3 5 23
5679 3 5 23
5680 3 5 19
5681 3 5 13
5682 3 5 31
5683 3 7 61
5684 3 5 19
5685 3 11 19
5686 3 5 29
5687 3 11 43
5688 3 5 17
5689 3 5 7
5690 3 5 11
5691 3 5 23
5692 3 5 17
5693 3 5 47
5694 3 5 23
5695 3 5 13
5696 3 5 29
5697 3 5 43
5698 3 5 13
5699 3 5 31
5700 3 5 17
5701 3 5 29
5702 3 5 13
5703 3 5 13
5704 3 5 59
5705 3 5 7
5706 3 5 7
5707 3 7 61
5708 3 5 53
5709 3 5 13
5710 3 5 11
5711 3 5 7
5712 3 5 31
5713 3 5 31
5714 3 5 29
5715 3 5 11
5716 3 5 31
5717 3 5 41
5718 3 5 31
5719 3 11 13
5720 3 5 31
5721 3 5 11
5722 3 13 43
5723 3 5 53
5724 3 11 19
5725 3 5 23
5726 3 5 47
5727 3 5 47
5728 3 5 17
5729 3 5 29
5730 3 5 19
5731 3 5 43
5732 3 5 61
5733 3 5 19
5734 3 13 37
5735 3 5 59
5736 3 5 17
5737 3 5 11
5738 3 5 13
5739 3 5 13
5740 3 5 23
5741 3 5 13
5742 3 5 19
5743 3 5 13
5744 3 5 7
5745 3 5 43
5746 3 11 29
5747 3 5 13
5748 3 11 23
5749 3 5 11
5750 3 5 11
5751 3 13 59
5752 3 5 7
5753 3 5 61
5754 3 5 29
5755 3 5 41
5756 3 11 19
5757 3 5 47
5758 3 5 7
5759 3 5 37
5760 3 5 47
5761 3 5 7
5762 3 11 41
5763 3 5 29
5764 3 5 7
5765 3 5 41
5766 3 5 29
5767 3 5 13
5768 3 7 11
5769 3 5 7
5770 3 5 43
5771 3 5 19
5772 3 5 13
5773 3 5 17
5774 3 11 41
5775 3 5 17
5776 3 5 47
5777 3 5 7
5778 3 5 11
5779 3 5 7
5780 3 5 23
5781 3 11 29
5782 3 5 13
5783 3 7 41
5784 3 7 29
5785 3 13 23
5786 3 13 61
5787 3 7 19
5788 3 7 23
5789 3 5 29
5790 3 11 31
5791 3 5 59
5792 3 5 11
5793 3 5 23
5794 3 5 17
5795 3 5 31
5796 3 5 23
5797 3 5 11
5798 3 5 29
5799 3 5 11
5800 3 5 59
5801 3 5 13
5802 3 5 23
5803 3 5 7
5804 3 7 11
5805 3 5 41
5806 3 5 29
5807 3 5 13
5808 3 5 41
5809 3 11 37
5810 3 5 13
5811 3 5 11
5812 3 7 11
5813 3 5 19
5814 3 5 41
5815 3 5 7
5816 3 5 11
5817 3 5 11
5818 3 5 11
5819 3 5 7
5820 3 5 17
5821 3 11 31
5822 3 5 11
5823 3 5 11
5824 3 5 19
5825 3 5 23
5826 3 5 13
5827 3 5 13
5828 3 5 13
5829 3 5 13
5830 3 5 11
5831 3 5 31
5832 3 5 17
5833 3 5 43
5834 3 5 23
5835 3 5 41
5836 3 5 7
5837 3 5 19
5838 3 5 31
5839 3 5 11
5840 3 5 11
5841 3 5 23
5842 3 5 23
5843 3 5 11
5844 3 5 11
5845 3 5 61
5846 3 5 7
5847 3 5 41
5848 3 5 43
5849 3 5 13
5850 3 5 17
5851 3 11 31
5852 3 5 7
5853 3 7 31
5854 3 5 13
5855 3 5 31
5856 3 5 23
5857 3 5 29
5858 3 5 29
5859 3 5 61
5860 3 5 11
5861 3 5 13
5862 3 5 11
5863 3 5 47
5864 3 5 23
5865 3 5 13
5866 3 5 31
5867 3 5 11
5868 3 5 13
5869 3 5 29
5870 3 5 13
5871 3 5 53
5872 3 7 43
5873 3 5 11
5874 3 5 11
5875 3 5 13
5876 3 5 59
5877 3 5 11
5878 3 5 43
5879 3 5 13
5880 3 5 13
5881 3 5 17
5882 3 11 43
5883 3 11 37
5884 3 5 37
5885 3 5 7
5886 3 5 19
5887 3 5 29
5888 3 5 37
5889 3 5 11
5890 3 5 17
5891 3 5 13
5892 3 5 19
5893 3 5 7
5894 3 5 13
5895 3 5 7
5896 3 5 17
5897 3 5 11
5898 3 5 7
5899 3 5 7
5900 3 5 7
5901 3 5 7
5902 3 5 37
5903 3 5 11
5904 3 11 19
5905 3 5 59
5906 3 11 13
5907 3 5 7
5908 3 5 11
5909 3 5 17
5910 3 5 7
5911 3 5 43
5912 3 5 7
5913 3 5 17
5914 3 5 23
5915 3 5 7
5916 3 5 59
5917 3 5 7
5918 3 5 11
5919 3 5 61
5920 3 5 37
5921 3 5 17
5922 3 5 11
5923 3 5 19
5924 3 19 31
5925 3 5 13
5926 3 5 43
5927 3 5 47
5928 3 5 31
5929 3 5 23
5930 3 5 17
5931 3 5 29
5932 3 5 29
5933 3 5 7
5934 3 5 7
5935 3 5 11
5936 3 5 19
5937 3 5 43
5938 3 11 47
5939 3 5 41
5940 3 5 31
5941 3 5 17
5942 3 5 37
5943 3 5 7
5944 3 5 13
5945 3 5 61
5946 3 11 19
5947 3 5 13
5948 3 5 13
5949 3 11 37
5950 3 5 31
5951 3 13 29
5952 3 5 19
5953 3 5 11
5954 3 5 47
5955 3 5 11
5956 3 5 41
5957 3 5 59
5958 3 5 31
5959 3 5 13
5960 3 5 7
5961 3 5 11
5962 3 5 17
5963 3 5 31
5964 3 11 17
5965 3 5 11
5966 3 5 7
5967 3 5 11
5968 3 5 23
5969 3 13 31
5970 3 11 47
5971 3 5 29
5972 3 5 13
5973 3 5 23
5974 3 5 17
5975 3 5 11
5976 3 5 11
5977 3 5 7
5978 3 7 43
5979 3 5 43
5980 3 5 29
5981 3 5 43
5982 3 5 7
5983 3 7 47
5984 3 5 59
5985 3 5 7
5986 3 5 7
5987 3 5 59
5988 3 13 43
5989 3 5 19
5990 3 13 19
5991 3 5 43
5992 3 5 13
5993 3 5 11
5994 3 5 17
5995 3 5 11
5996 3 5 41
5997 3 11 41
5998 3 5 17
5999 3 7 31
6000 3 5 13
6001 3 5 61
6002 3 5 11
6003 3 13 17
6004 3 5 7
6005 3 7 11
6006 3 5 31
6007 3 5 7
6008 3 5 7
6009 3 5 59
6010 3 5 31
6011 3 5 53
6012 3 7 59
6013 3 13 53
6014 3 5 7
6015 3 5 11
6016 3 5 31
6017 3 5 19
6018 3 5 17
6019 3 5 13
6020 3 5 23
6021 3 5 17
6022 3 5 43
6023 3 7 41
6024 3 5 11
6025 3 5 53
6026 3 5 31
6027 3 5 29
6028 3 5 23
6029 3 5 13
6030 3 5 17
6031 3 11 29
6032 3 5 13
6033 3 17 19
6034 3 5 23
6035 3 5 17
6036 3 5 17
6037 3 5 17
6038 3 5 7
6039 3 5 13
6040 3 5 13
6041 3 5 53
6042 3 7 11
6043 3 5 13
6044 3 5 13
6045 3 5 7
6046 3 19 53
6047 3 5 31
6048 3 7 29
6049 3 5 43
6050 3 5 7
6051 3 5 43
6052 3 13 17
6053 3 5 7
6054 3 5 53
6055 3 5 53
6056 3 5 53
6057 3 5 7
6058 3 5 7
6059 3 5 13
6060 3 5 13
6061 3 5 29
6062 3 5 31
6063 3 5 17
6064 3 5 23
6065 3 5 47
6066 3 5 11
6067 3 5 37
6068 3 5 17
6069 3 5 13
6070 3 5 11
6071 3 5 61
6072 3 5 19
6073 3 5 31
6074 3 5 7
6075 3 11 37
6076 3 7 13
6077 3 5 7
6078 3 5 7
6079 3 5 17
6080 3 5 37
6081 3 5 7
6082 3 5 7
6083 3 5 19
6084 3 5 13
6085 3 5 37
6086 3 5 37
6087 3 5 17
6088 3 5 7
6089 3 11 13
6090 3 5 11
6091 3 5 19
6092 3 5 41
6093 3 5 11
6094 3 5 19
6095 3 5 13
6096 3 5 11
6097 3 5 43
6098 3 5 59
6099 3 5 29
6100 3 5 23
6101 3 5 11
6102 3 5 11
6103 3 5 7
6104 3 5 17
6105 3 5 11
6106 3 5 41
6107 3 7 11
6108 3 5 17
6109 3 5 19
6110 3 5 41
6111 3 11 23
6112 3 5 13
6113 3 5 61
6114 3 5 13
6115 3 5 13
6116 3 5 11
6117 3 5 13
6118 3 11 59
6119 3 7 19
6120 3 5 7
6121 3 5 11
6122 3 5 11
6123 3 5 13
6124 3 5 23
6125 3 5 19
6126 3 5 7
6127 3 5 23
6128 3 5 59
6129 3 7 11
6130 3 5 37
6131 3 7 23
6132 3 11 19
6133 3 5 13
6134 3 5 7
6135 3 5 29
6136 3 5 41
6137 3 5 23
6138 3 5 19
6139 3 5 47
6140 3 5 7
6141 3 5 13
6142 3 5 41
6143 3 5 59
