6144 3 5 11
6145 3 5 11
6146 3 5 13
6147 3 5 11
6148 3 5 7
6149 3 5 31
6150 3 11 13
6151 3 5 7
6152 3 5 7
6153 3 5 13
6154 3 5 29
6155 3 5 7
6156 3 5 59
6157 3 5 17
6158 3 5 11
6159 3 5 17
6160 3 5 11
6161 3 5 53
6162 3 5 31
6163 3 5 19
6164 3 5 7
6165 3 5 7
6166 3 5 13
6167 3 5 11
6168 3 5 13
6169 3 5 13
6170 3 5 37
6171 3 5 19
6172 3 7 19
6173 3 5 11
6174 3 5 37
6175 3 11 13
6176 3 5 11
6177 3 5 7
6178 3 7 61
6179 3 5 23
6180 3 5 13
6181 3 5 29
6182 3 5 11
6183 3 5 43
6184 3 5 31
6185 3 5 23
6186 3 7 23
6187 3 5 19
6188 3 11 37
6189 3 5 11
6190 3 5 37
6191 3 5 47
6192 3 5 19
6193 3 5 7
6194 3 5 43
6195 3 11 19
6196 3 5 31
6197 3 5 13
6198 3 5 7
6199 3 5 17
6200 3 5 13
6201 3 5 7
6202 3 5 13
6203 3 5 17
6204 3 5 59
6205 3 5 7
6206 3 5 7
6207 3 5 29
6208 3 29 53
6209 3 5 29
6210 3 5 19
6211 3 5 13
6212 3 5 17
6213 3 5 59
6214 3 7 43
6215 3 11 47
6216 3 5 13
6217 3 5 7
6218 3 5 29
6219 5 7 11
6220 3 5 11
6221 3 5 13
6222 3 5 19
6223 3 7 23
6224 3 5 11
6225 3 5 13
6226 3 11 13
6227 3 5 61
6228 3 5 13
6229 3 5 7
6230 3 5 19
6231 3 5 37
6232 3 5 47
6233 3 5 11
6234 3 7 43
6235 3 5 23
6236 3 5 23
6237 3 13 19
6238 3 5 11
6239 3 5 29
6240 3 5 7
6241 3 5 59
6242 3 5 37
6243 3 5 13
6244 3 7 41
6245 3 5 37
6246 3 5 53
6247 3 5 23
6248 3 5 23
6249 3 5 17
6250 3 5 7
6251 3 5 7
6252 3 5 41
6253 3 5 43
6254 3 5 13
6255 3 29 41
6256 3 5 7
6257 3 5 47
6258 3 5 43
6259 3 5 41
6260 3 5 23
6261 3 5 31
6262 3 5 17
6263 3 5 13
6264 3 5 37
6265 3 5 13
6266 3 5 29
6267 3 5 23
6268 3 5 29
6269 3 7 19
6270 3 5 7
6271 3 13 23
6272 3 7 29
6273 3 5 7
6274 3 5 13
6275 3 7 43
6276 3 5 19
6277 3 5 7
6278 3 5 11
6279 3 11 23
6280 3 5 53
6281 3 5 11
6282 3 5 13
6283 3 5 13
6284 3 5 11
6285 3 5 11
6286 3 5 13
6287 3 7 17
6288 3 5 17
6289 3 7 11
6290 3 5 59
6291 3 7 23
6292 3 13 31
6293 3 5 19
6294 3 5 37
6295 3 5 31
6296 3 5 31
6297 3 5 59
6298 3 5 41
6299 3 5 43
6300 3 5 7
6301 3 7 61
6302 3 5 53
6303 3 11 13
6304 3 5 13
6305 3 11 47
6306 3 5 19
6307 3 5 19
6308 3 5 19
6309 3 5 7
6310 3 5 19
6311 3 5 11
6312 3 5 7
6313 3 5 7
6314 3 5 11
6315 3 11 43
6316 3 5 23
6317 3 5 19
6318 3 5 41
6319 3 5 29
6320 3 7 13
6321 3 5 23
6322 3 5 43
6323 3 5 13
6324 3 5 13
6325 3 5 11
6326 3 5 43
6327 3 11 13
6328 3 5 17
6329 3 5 41
6330 3 5 13
6331 3 5 29
6332 3 5 19
6333 3 5 7
6334 3 7 53
6335 3 7 37
6336 3 11 17
6337 3 11 41
6338 3 5 7
6339 3 5 17
6340 3 13 17
6341 3 5 11
6342 3 11 61
6343 3 7 53
6344 3 5 59
6345 3 5 11
6346 3 5 7
6347 3 5 29
6348 3 5 11
6349 3 5 13
6350 3 5 19
6351 3 5 19
6352 3 5 41
6353 3 5 11
6354 3 5 13
6355 3 5 11
6356 3 5 41
6357 3 7 31
6358 3 11 29
6359 3 5 13
6360 3 5 19
6361 3 5 23
6362 3 5 29
6363 3 5 11
6364 3 5 41
6365 3 5 13
6366 3 7 41
6367 3 7 17
6368 3 5 13
6369 3 5 13
6370 3 5 17
6371 3 5 7
6372 3 5 19
6373 3 13 19
6374 3 5 11
6375 3 5 7
6376 3 5 59
6377 3 5 37
6378 3 5 7
6379 3 5 31
6380 3 5 23
6381 3 7 13
6382 3 5 7
6383 3 5 37
6384 3 5 19
6385 3 5 7
6386 3 5 7
6387 3 17 37
6388 3 5 29
6389 3 5 13
6390 3 5 23
6391 3 5 7
6392 3 5 7
6393 3 5 11
6394 3 5 7
6395 3 5 13
6396 3 5 19
6397 3 5 61
6398 3 5 31
6399 3 5 19
6400 3 13 31
6401 3 5 13
6402 3 5 17
6403 3 5 41
6404 3 5 31
6405 3 5 17
6406 3 5 11
6407 3 5 19
6408 3 5 7
6409 5 7 59
6410 3 5 17
6411 3 5 23
6412 3 5 29
6413 3 5 11
6414 3 5 7
6415 3 5 61
6416 3 5 7
6417 3 7 19
6418 3 5 43
6419 3 7 13
6420 3 5 7
6421 3 5 13
6422 3 5 7
6423 3 5 13
6424 3 5 11
6425 3 5 11
6426 3 5 17
6427 3 5 19
6428 3 5 7
6429 3 7 13
6430 3 11 13
6431 3 5 11
6432 3 11 19
6433 3 5 7
6434 3 5 19
6435 3 7 19
6436 3 5 13
6437 3 5 13
6438 3 5 7
6439 3 11 19
6440 3 5 23
6441 3 5 13
6442 3 5 29
6443 3 5 41
6444 3 5 13
6445 3 7 31
6446 3 5 31
6447 3 7 23
6448 3 5 13
6449 3 5 13
6450 3 5 13
6451 3 7 23
6452 3 5 11
6453 3 5 7
6454 3 5 7
6455 3 5 31
6456 3 5 19
6457 3 5 11
6458 3 5 29
6459 3 5 19
6460 3 5 19
6461 3 5 13
6462 3 5 31
6463 3 5 23
6464 3 5 13
6465 3 5 13
6466 3 5 13
6467 3 7 11
6468 3 5 7
6469 3 5 11
6470 3 5 7
6471 3 7 61
6472 3 5 11
6473 3 5 23
6474 3 5 29
6475 3 5 41
6476 3 5 11
6477 3 5 41
6478 3 5 7
6479 3 5 11
6480 3 5 7
6481 3 5 37
6482 3 5 19
6483 3 5 43
6484 3 5 19
6485 3 5 13
6486 3 5 11
6487 3 5 11
6488 3 5 11
6489 3 7 31
6490 3 5 61
6491 3 7 19
6492 3 5 19
6493 3 5 31
6494 3 5 11
6495 3 5 11
6496 3 5 59
6497 3 5 29
6498 3 5 53
6499 3 5 17
6500 3 5 19
6501 3 5 41
6502 3 5 7
6503 3 5 41
6504 3 5 11
6505 3 11 53
6506 3 5 19
6507 3 5 13
6508 3 5 7
6509 3 5 17
6510 3 11 13
6511 3 5 37
6512 3 5 19
6513 3 5 17
6514 3 5 31
6515 3 11 31
6516 3 5 47
6517 3 5 11
6518 3 5 17
6519 3 5 31
6520 3 5 23
6521 3 5 17
6522 3 5 41
6523 3 7 19
6524 3 5 13
6525 3 5 11
6526 3 7 29
6527 3 5 11
6528 3 5 29
6529 3 5 23
6530 3 5 31
6531 3 5 23
6532 3 5 17
6533 3 5 29
6534 3 5 17
6535 3 5 7
6536 3 7 13
6537 3 5 19
6538 3 11 59
6539 3 5 17
6540 3 5 53
6541 3 5 11
6542 3 13 43
6543 3 7 11
6544 3 5 7
6545 3 5 37
6546 3 5 7
6547 3 5 11
6548 3 5 37
6549 3 5 23
6550 3 5 23
6551 3 5 19
6552 3 7 31
6553 3 5 11
6554 3 19 23
6555 3 5 11
6556 3 13 19
6557 3 11 41
6558 3 5 23
6559 3 5 7
6560 3 5 23
6561 3 5 13
6562 3 13 37
6563 3 5 7
6564 3 5 11
6565 3 5 17
6566 3 5 13
6567 3 5 17
6568 3 5 17
6569 3 5 43
6570 3 5 13
6571 3 5 23
6572 3 13 59
6573 3 5 7
6574 3 5 11
6575 3 5 11
6576 3 5 53
6577 3 5 37
6578 3 5 59
6579 3 37 53
6580 3 11 41
6581 3 5 7
6582 3 5 41
6583 3 5 29
6584 3 5 11
6585 3 5 13
6586 3 5 7
6587 3 5 7
6588 3 5 43
6589 3 5 11
6590 3 7 59
6591 3 5 11
6592 3 5 13
6593 3 5 11
6594 3 5 7
6595 3 5 7
6596 3 5 19
6597 3 5 11
6598 3 5 13
6599 3 5 11
6600 3 5 17
6601 3 5 47
6602 3 7 37
6603 3 5 11
6604 3 5 19
6605 3 5 47
6606 3 5 7
6607 3 5 47
6608 3 11 41
6609 3 5 17
6610 3 5 17
6611 3 5 29
6612 3 5 23
6613 3 11 19
6614 3 5 13
6615 3 11 13
6616 3 13 61
6617 3 5 23
6618 3 5 19
6619 3 7 19
6620 3 5 13
6621 3 11 13
6622 3 5 61
6623 3 5 17
6624 3 5 13
6625 3 5 13
6626 3 5 19
6627 3 5 13
6628 3 5 43
6629 3 5 11
6630 3 5 17
6631 3 7 37
6632 3 5 13
6633 3 13 59
6634 3 5 11
6635 3 7 13
6636 3 5 19
6637 3 5 53
6638 3 5 13
6639 3 13 19
6640 3 5 17
6641 3 5 61
6642 3 5 11
6643 3 5 19
6644 3 5 31
6645 3 5 7
6646 3 5 13
6647 3 7 43
6648 3 5 19
6649 3 5 37
6650 3 5 17
6651 3 5 11
6652 3 5 11
6653 3 5 23
6654 3 5 29
6655 3 5 13
6656 3 5 7
6657 3 5 17
6658 3 13 29
6659 3 5 43
6660 3 5 23
6661 3 5 37
6662 3 5 19
6663 3 5 41
6664 3 5 53
6665 3 5 37
6666 3 5 19
6667 3 5 37
6668 3 5 11
6669 3 5 23
6670 3 5 29
6671 3 7 47
6672 3 5 11
6673 3 5 11
6674 3 5 7
6675 3 7 29
6676 3 11 59
6677 3 5 59
6678 3 5 31
6679 3 29 41
6680 3 5 11
6681 3 5 17
6682 3 5 11
6683 3 5 59
6684 3 5 11
6685 3 5 31
6686 3 5 41
6687 3 5 19
6688 3 5 19
6689 3 5 13
6690 3 5 7
6691 3 5 7
6692 3 5 11
6693 3 7 31
6694 3 5 37
6695 3 5 17
6696 3 5 7
6697 3 5 13
6698 3 5 23
6699 3 5 31
6700 3 5 7
6701 3 5 47
6702 3 5 7
6703 3 5 43
6704 3 5 37
6705 3 5 23
6706 3 7 37
6707 3 7 13
6708 3 5 13
6709 3 7 19
6710 3 13 19
6711 3 13 47
6712 3 5 43
6713 3 5 23
6714 3 5 13
6715 3 7 29
6716 3 5 37
6717 3 5 43
6718 3 5 19
6719 3 5 23
6720 3 5 19
6721 3 5 11
6722 3 5 7
6723 3 5 43
6724 3 5 17
6725 3 5 11
6726 3 5 41
6727 3 7 13
6728 3 5 43
6729 3 13 31
6730 3 7 11
6731 3 5 7
6732 3 5 53
6733 3 5 17
6734 3 5 13
6735 3 5 29
6736 3 5 13
6737 3 5 19
6738 3 5 7
6739 3 5 11
6740 3 11 37
6741 3 5 7
6742 3 5 41
6743 3 5 11
6744 3 5 47
6745 3 5 41
6746 3 5 13
6747 3 5 37
6748 3 11 17
6749 3 5 7
6750 3 5 7
6751 3 5 17
6752 3 7 37
6753 3 5 37
6754 3 5 7
6755 3 5 13
6756 3 5 11
6757 3 5 7
6758 3 5 13
6759 3 5 61
6760 3 5 47
6761 3 5 13
6762 3 13 17
6763 3 5 23
6764 3 5 19
6765 3 5 7
6766 3 5 37
6767 3 5 31
6768 3 7 59
6769 3 5 19
6770 3 11 29
6771 3 5 19
6772 3 29 41
6773 3 5 41
6774 3 5 7
6775 3 5 29
6776 3 5 37
6777 3 5 7
6778 3 5 13
6779 3 7 53
6780 3 5 23
6781 3 5 47
6782 3 11 29
6783 3 5 11
6784 3 5 7
6785 3 5 23
6786 3 5 23
6787 3 5 7
6788 3 5 17
6789 3 5 47
6790 3 5 13
6791 3 11 17
6792 3 5 13
6793 3 7 11
6794 3 5 37
6795 3 5 11
6796 3 5 53
6797 3 11 43
6798 3 5 23
6799 3 5 19
6800 3 7 17
6801 3 5 13
6802 3 5 29
6803 3 5 29
6804 3 5 13
6805 3 5 11
6806 3 11 43
6807 3 5 23
6808 3 5 7
6809 3 5 19
6810 3 5 19
6811 3 5 7
6812 3 5 11
6813 3 5 13
6814 3 5 41
6815 3 5 11
6816 3 5 23
6817 3 5 19
6818 3 5 37
6819 3 5 47
6820 3 5 7
6821 3 5 59
6822 3 5 7
6823 3 5 23
6824 3 5 17
6825 3 5 13
6826 3 17 29
6827 3 5 31
6828 3 5 31
6829 3 5 19
6830 3 11 37
6831 3 5 13
6832 3 5 13
6833 3 5 61
6834 3 5 13
6835 3 5 13
6836 3 5 13
6837 3 5 29
6838 3 5 7
6839 3 13 23
6840 3 5 7
6841 3 5 23
6842 3 5 19
6843 3 5 37
6844 3 7 53
6845 3 7 19
6846 3 5 11
6847 3 5 13
6848 3 11 47
6849 3 5 29
6850 3 5 13
6851 3 5 17
6852 3 5 43
6853 3 5 13
6854 3 5 7
6855 3 11 17
6856 3 5 7
6857 3 29 59
6858 3 7 11
6859 3 5 19
6860 3 7 43
6861 3 5 13
6862 3 5 19
6863 3 5 13
6864 3 5 7
6865 3 5 7
6866 3 5 41
6867 3 5 43
6868 3 5 37
6869 3 5 17
6870 3 5 7
6871 3 11 19
6872 3 5 7
6873 3 13 17
6874 3 5 61
6875 3 5 31
6876 3 5 11
6877 3 11 31
6878 3 5 29
6879 3 5 61
6880 3 11 37
6881 3 5 19
6882 3 5 13
6883 3 5 11
6884 3 5 17
6885 3 5 13
6886 3 5 17
6887 3 5 11
6888 3 5 11
6889 3 5 31
6890 3 5 23
6891 3 5 17
6892 3 5 13
6893 3 5 7
6894 3 7 11
6895 3 5 11
6896 3 5 59
6897 3 5 19
6898 3 5 43
6899 3 13 47
6900 3 5 19
6901 3 5 7
6902 3 5 23
6903 3 5 43
6904 3 5 11
6905 3 5 37
6906 3 5 29
6907 3 13 19
6908 3 5 11
6909 3 5 31
6910 3 5 47
6911 3 13 23
6912 3 5 17
6913 3 5 29
6914 3 5 23
6915 3 5 31
6916 3 5 17
6917 3 5 47
6918 3 5 7
6919 3 5 43
6920 3 5 61
6921 3 5 11
6922 3 5 17
6923 3 5 13
6924 3 5 11
6925 3 5 7
6926 3 5 19
6927 3 11 47
6928 3 5 41
6929 3 5 7
6930 3 5 11
6931 3 5 19
6932 3 5 43
6933 3 5 11
6934 3 13 43
6935 3 5 53
6936 3 5 11
6937 3 5 23
6938 3 7 41
6939 3 5 59
6940 3 5 11
6941 3 5 41
6942 3 5 17
6943 3 5 7
6944 3 5 19
6945 3 5 37
6946 3 5 29
6947 3 5 23
6948 3 5 37
6949 3 5 11
6950 3 7 31
6951 3 7 11
6952 3 5 43
6953 3 13 29
6954 3 5 11
6955 3 5 19
6956 3 5 23
6957 3 5 11
6958 3 5 41
6959 3 5 7
6960 3 5 7
6961 3 5 17
6962 3 7 23
6963 3 5 13
6964 3 5 7
6965 3 5 19
6966 3 5 13
6967 3 5 7
6968 3 11 61
6969 3 5 59
6970 3 5 11
6971 3 5 7
6972 3 5 7
6973 3 17 59
6974 3 5 7
6975 3 5 7
6976 3 5 13
6977 3 5 31
6978 3 7 37
6979 3 5 7
6980 3 5 19
6981 3 5 13
6982 3 5 17
6983 3 5 11
6984 3 5 11
6985 3 11 23
6986 3 5 11
6987 3 5 7
6988 3 5 23
6989 3 5 11
6990 3 5 29
6991 3 5 17
6992 3 5 11
6993 3 5 13
6994 3 5 17
6995 3 5 61
6996 3 5 59
6997 3 5 11
6998 3 5 7
6999 3 5 17
7000 3 5 41
7001 3 5 11
7002 3 5 7
7003 3 5 11
7004 3 5 13
7005 3 7 43
7006 3 5 23
7007 3 5 47
7008 3 5 37
7009 3 5 19
7010 3 5 31
7011 3 5 17
7012 3 5 11
7013 3 11 23
7014 3 5 29
7015 3 5 37
7016 3 11 41
7017 3 5 31
7018 3 5 11
7019 3 7 29
7020 3 5 23
7021 3 5 61
7022 3 5 29
7023 3 5 19
7024 3 5 13
7025 3 5 11
7026 3 5 29
7027 3 5 19
7028 3 5 19
7029 3 13 59
7030 3 5 23
7031 3 5 13
7032 3 5 11
7033 3 5 17
7034 3 11 13
7035 3 11 41
7036 3 5 23
7037 3 5 7
7038 3 5 37
7039 3 5 13
7040 3 5 13
7041 3 5 11
7042 3 11 31
7043 3 5 11
7044 3 11 23
7045 3 5 37
7046 3 7 29
7047 3 5 37
7048 3 5 17
7049 3 5 41
7050 3 5 17
7051 3 5 19
7052 3 5 43
7053 3 7 43
7054 3 5 31
7055 3 13 19
7056 3 5 19
7057 3 5 41
7058 3 5 7
7059 3 5 13
7060 3 5 7
7061 3 5 11
7062 3 5 53
7063 3 5 53
7064 3 5 7
7065 3 5 31
7066 3 5 31
7067 3 5 13
7068 3 5 31
7069 3 5 11
7070 3 5 29
7071 3 5 43
7072 3 5 59
7073 3 29 53
7074 3 5 53
7075 3 5 7
7076 3 5 23
7077 3 5 19
7078 3 5 11
7079 3 5 29
7080 3 5 7
7081 3 5 31
7082 3 5 37
7083 3 5 31
7084 3 5 43
7085 3 5 17
7086 3 13 19
7087 3 5 7
7088 3 5 7
7089 3 5 13
7090 3 5 7
7091 3 5 17
7092 3 5 17
7093 3 5 23
7094 3 7 31
7095 3 5 43
7096 3 5 19
7097 3 11 31
7098 3 5 61
7099 3 13 31
7100 3 5 7
7101 3 5 7
7102 3 5 11
7103 3 5 59
7104 3 5 41
7105 3 5 7
7106 3 5 7
7107 3 5 17
7108 3 5 17
7109 3 5 41
7110 3 13 41
7111 3 5 13
7112 3 7 53
7113 3 11 13
7114 3 5 13
7115 3 5 59
7116 3 11 17
7117 3 11 37
7118 3 5 11
7119 3 5 41
7120 3 5 31
7121 3 5 53
7122 3 13 17
7123 3 19 37
7124 3 5 7
7125 3 5 43
7126 3 5 47
7127 3 5 11
7128 3 5 7
7129 3 5 7
7130 3 11 17
7131 3 11 29
7132 3 5 13
7133 3 11 53
7134 3 5 31
7135 3 5 7
7136 3 5 11
7137 3 5 7
7138 3 5 29
7139 3 5 13
7140 3 5 23
7141 3 5 11
7142 3 7 13
7143 3 5 7
7144 3 5 37
7145 3 5 31
7146 3 7 31
7147 3 5 31
7148 3 5 13
7149 3 5 29
7150 3 5 43
7151 3 5 13
7152 3 5 19
7153 3 5 19
7154 3 5 41
7155 3 5 11
7156 3 5 11
7157 3 5 37
7158 3 5 11
7159 3 5 13
7160 3 7 17
7161 3 5 19
7162 3 5 53
7163 3 5 11
7164 3 5 59
7165 3 5 17
7166 3 5 11
7167 3 5 23
