7168 3 5 11
7169 3 7 47
7170 3 11 13
7171 3 5 7
7172 3 5 7
7173 3 5 11
7174 3 5 59
7175 3 5 53
7176 3 5 19
7177 3 19 23
7178 3 5 23
7179 3 5 41
7180 3 5 19
7181 3 5 13
7182 3 5 41
7183 3 5 41
7184 3 5 17
7185 3 5 19
7186 3 5 13
7187 3 7 23
7188 3 11 17
7189 3 5 11
7190 3 5 7
7191 3 5 13
7192 3 5 29
7193 3 5 19
7194 3 5 53
7195 3 5 11
7196 3 7 11
7197 3 5 7
7198 3 5 43
7199 3 5 11
7200 3 5 29
7201 3 5 19
7202 3 5 31
7203 3 5 41
7204 3 5 43
7205 3 5 17
7206 3 5 37
7207 3 5 11
7208 3 5 11
7209 3 5 11
7210 3 5 19
7211 3 5 59
7212 3 5 13
7213 5 7 11
7214 3 5 19
7215 3 5 11
7216 3 5 13
7217 3 5 11
7218 3 11 13
7219 3 5 19
7220 3 5 7
7221 3 5 53
7222 3 5 11
7223 3 5 7
7224 3 5 53
7225 3 5 13
7226 3 5 11
7227 3 5 7
7228 3 5 13
7229 3 11 43
7230 3 7 23
7231 3 5 23
7232 3 5 31
7233 3 5 61
7234 3 7 11
7235 3 5 7
7236 3 5 23
7237 3 5 59
7238 3 5 41
7239 3 5 11
7240 3 5 13
7241 3 5 61
7242 3 5 7
7243 3 11 61
7244 3 11 59
7245 3 5 19
7246 3 5 23
7247 3 5 13
7248 3 5 23
7249 3 5 47
7250 3 5 13
7251 3 5 7
7252 3 5 19
7253 3 5 7
7254 3 5 41
7255 3 5 47
7256 3 5 43
7257 3 5 17
7258 3 5 7
7259 3 11 37
7260 3 5 11
7261 3 5 19
7262 3 5 13
7263 3 5 7
7264 3 7 17
7265 3 5 29
7266 3 5 23
7267 3 5 17
7268 3 5 31
7269 3 5 11
7270 3 5 37
7271 3 5 29
7272 3 7 59
7273 3 5 7
7274 3 5 29
7275 3 5 19
7276 3 5 29
7277 3 11 43
7278 3 5 17
7279 3 5 13
7280 3 5 31
7281 3 5 13
7282 3 5 13
7283 3 5 53
7284 3 5 13
7285 3 5 61
7286 3 5 43
7287 3 7 11
7288 3 19 29
7289 3 17 23
7290 3 37 61
7291 3 5 7
7292 3 5 41
7293 3 7 19
7294 3 7 23
7295 3 5 7
7296 3 7 13
7297 3 5 31
7298 3 5 11
7299 3 5 29
7300 3 5 7
7301 3 5 31
7302 3 5 23
7303 3 5 41
7304 3 5 7
7305 3 5 31
7306 3 13 43
7307 3 5 11
7308 3 5 47
7309 3 5 41
7310 3 5 17
7311 3 5 23
7312 3 5 19
7313 3 5 29
7314 3 5 19
7315 3 5 59
7316 3 37 59
7317 3 13 17
7318 3 7 13
7319 3 5 7
7320 3 5 37
7321 3 5 31
7322 3 5 11
7323 3 5 7
7324 3 5 7
7325 3 5 7
7326 3 5 7
7327 3 5 13
7328 3 5 23
7329 3 5 11
7330 3 5 17
7331 3 5 47
7332 3 11 23
7333 3 5 19
7334 3 5 23
7335 3 5 7
7336 3 5 41
7337 3 5 31
7338 3 5 53
7339 3 5 37
7340 3 7 13
7341 3 5 37
7342 3 5 13
7343 3 7 41
7344 3 5 29
7345 3 5 19
7346 3 7 11
7347 3 5 11
7348 3 5 31
7349 3 5 11
7350 3 5 37
7351 3 5 7
7352 3 5 7
7353 3 5 23
7354 3 5 29
7355 3 5 41
7356 3 5 59
7357 3 5 11
7358 3 5 13
7359 3 5 43
7360 3 5 7
7361 3 5 29
7362 3 5 13
7363 3 7 29
7364 3 5 37
7365 3 5 7
7366 3 5 59
7367 3 5 13
7368 3 5 37
7369 3 5 7
7370 3 5 23
7371 3 5 59
7372 3 5 19
7373 3 7 43
7374 3 13 17
7375 3 7 13
7376 3 5 19
7377 3 5 13
7378 3 5 29
7379 3 5 29
7380 3 5 29
7381 3 5 61
7382 3 5 13
7383 3 5 47
7384 3 5 13
7385 3 5 41
7386 3 5 11
7387 3 5 19
7388 3 5 47
7389 3 7 41
7390 3 7 29
7391 3 5 11
7392 3 5 7
7393 3 5 13
7394 3 5 31
7395 3 13 29
7396 3 5 19
7397 3 7 29
7398 3 5 19
7399 3 5 29
7400 3 5 31
7401 3 5 7
7402 3 5 41
7403 3 5 13
7404 3 5 19
7405 3 5 11
7406 3 7 53
7407 3 5 53
7408 3 5 13
7409 3 5 19
7410 3 7 13
7411 3 5 11
7412 3 5 17
7413 3 5 41
7414 3 5 19
7415 3 5 7
7416 3 5 19
7417 3 5 7
7418 3 5 13
7419 3 5 17
7420 3 11 29
7421 3 5 17
7422 3 7 17
7423 3 5 17
7424 3 5 13
7425 3 5 53
7426 3 5 37
7427 3 5 7
7428 3 5 7
7429 3 5 31
7430 3 5 23
7431 3 7 37
7432 3 7 17
7433 3 5 11
7434 3 5 37
7435 3 5 11
7436 3 5 23
7437 3 5 23
7438 3 5 19
7439 3 5 17
7440 3 7 11
7441 3 5 19
7442 3 5 11
7443 3 7 23
7444 3 13 31
7445 3 5 37
7446 3 5 13
7447 3 5 13
7448 3 5 11
7449 3 5 7
7450 3 5 17
7451 3 11 19
7452 3 5 17
7453 3 5 7
7454 3 5 41
7455 3 5 7
7456 3 5 7
7457 3 5 13
7458 3 5 13
7459 3 5 23
7460 3 5 31
7461 3 5 7
7462 3 11 23
7463 3 11 29
7464 3 5 13
7465 3 11 31
7466 3 5 41
7467 3 11 43
7468 3 5 23
7469 3 5 29
7470 3 5 23
7471 3 5 11
7472 3 5 61
7473 3 5 13
7474 3 7 17
7475 3 5 7
7476 3 5 43
7477 3 11 31
7478 3 5 11
7479 3 7 31
7480 3 7 31
7481 3 5 11
7482 3 5 19
7483 3 5 13
7484 3 5 7
7485 3 5 47
7486 3 5 47
7487 3 5 17
7488 3 5 37
7489 3 5 11
7490 3 5 11
7491 3 5 37
7492 3 5 47
7493 3 5 23
7494 3 11 19
7495 3 5 13
7496 3 5 19
7497 3 5 29
7498 3 5 7
7499 3 5 37
7500 3 11 17
7501 3 5 17
7502 3 5 43
7503 3 5 19
7504 3 5 17
7505 3 5 31
7506 3 5 13
7507 3 5 13
7508 3 5 17
7509 3 5 17
7510 3 5 23
7511 3 5 37
7512 3 5 13
7513 3 5 37
7514 3 5 31
7515 3 5 29
7516 3 11 13
7517 3 5 43
7518 3 5 29
7519 3 11 19
7520 3 5 31
7521 3 5 7
7522 3 5 23
7523 3 5 41
7524 3 5 17
7525 3 5 47
7526 3 5 11
7527 3 5 13
7528 3 5 61
7529 3 7 37
7530 3 5 19
7531 3 11 19
7532 3 5 29
7533 3 5 7
7534 3 5 41
7535 3 7 41
7536 3 5 17
7537 3 5 7
7538 3 5 17
7539 3 5 11
7540 3 5 7
7541 3 5 19
7542 3 5 31
7543 3 5 19
7544 3 5 11
7545 3 5 13
7546 3 5 17
7547 3 7 31
7548 3 5 31
7549 3 5 19
7550 3 5 41
7551 3 11 43
7552 3 13 17
7553 3 5 13
7554 3 5 11
7555 3 5 23
7556 3 5 7
7557 3 5 19
7558 3 5 41
7559 3 5 41
7560 3 5 11
7561 3 5 17
7562 3 5 13
7563 3 5 13
7564 3 5 31
7565 3 5 29
7566 3 5 17
7567 3 13 17
7568 3 5 7
7569 3 5 37
7570 3 5 23
7571 3 5 43
7572 3 5 17
7573 3 5 19
7574 3 5 11
7575 3 5 7
7576 3 5 29
7577 3 5 43
7578 3 5 37
7579 3 5 23
7580 3 5 13
7581 3 7 61
7582 3 5 7
7583 3 7 41
7584 3 7 29
7585 3 5 29
7586 3 5 7
7587 3 5 7
7588 3 5 7
7589 3 7 47
7590 3 5 13
7591 3 5 23
7592 3 5 7
7593 3 5 7
7594 3 5 7
7595 3 11 23
7596 3 5 7
7597 3 7 11
7598 3 5 19
7599 3 5 29
7600 3 5 19
7601 3 5 59
7602 3 5 11
7603 3 5 13
7604 3 5 11
7605 3 5 31
7606 3 29 43
7607 3 5 11
7608 3 5 11
7609 3 5 17
7610 3 5 7
7611 3 5 19
7612 3 5 11
7613 3 5 7
7614 3 5 31
7615 3 17 29
7616 3 7 19
7617 3 5 11
7618 3 5 13
7619 3 5 11
7620 3 5 7
7621 3 5 19
7622 3 5 23
7623 3 5 31
7624 3 5 47
7625 3 5 13
7626 3 5 31
7627 3 5 13
7628 3 5 61
7629 3 5 19
7630 3 5 23
7631 3 5 17
7632 3 5 43
7633 3 5 23
7634 3 5 19
7635 3 5 61
7636 3 5 13
7637 3 11 43
7638 3 7 11
7639 3 5 23
7640 3 5 13
7641 3 7 13
7642 3 13 29
7643 3 5 7
7644 3 5 7
7645 3 5 11
7646 3 5 7
7647 3 5 23
7648 3 5 19
7649 3 7 31
7650 3 5 23
7651 3 7 43
7652 3 5 31
7653 3 7 37
7654 3 5 17
7655 3 5 23
7656 3 13 23
7657 3 5 19
7658 3 5 23
7659 3 5 37
7660 3 5 23
7661 3 11 59
7662 3 5 29
7663 3 5 7
7664 3 5 37
7665 3 5 13
7666 3 5 7
7667 3 5 53
7668 3 5 7
7669 3 7 59
7670 3 7 31
7671 3 11 19
7672 3 5 7
7673 3 5 29
7674 3 5 7
7675 3 5 19
7676 3 5 7
7677 3 7 17
7678 3 5 19
7679 3 5 37
7680 3 5 61
7681 3 5 17
7682 3 5 47
7683 3 7 41
7684 3 5 37
7685 3 5 11
7686 3 5 19
7687 3 7 11
7688 3 5 29
7689 3 5 7
7690 3 5 7
7691 3 5 53
7692 3 5 17
7693 3 5 37
7694 3 5 13
7695 3 5 37
7696 3 5 23
7697 3 5 19
7698 3 5 47
7699 3 5 11
7700 3 11 13
7701 3 5 61
7702 3 5 13
7703 3 5 7
7704 3 5 23
7705 3 5 11
7706 3 5 29
7707 3 11 29
7708 3 5 11
7709 3 5 11
7710 3 5 37
7711 3 5 11
7712 3 5 7
7713 3 5 41
7714 3 5 17
7715 3 5 29
7716 3 11 61
7717 3 5 11
7718 3 5 17
7719 3 5 53
7720 3 5 11
7721 3 5 31
7722 3 5 13
7723 3 5 47
7724 3 5 13
7725 3 5 7
7726 3 5 37
7727 3 5 7
7728 3 5 47
7729 3 5 29
7730 3 5 37
7731 3 5 13
7732 3 5 13
7733 3 5 17
7734 3 5 13
7735 3 5 13
7736 3 5 17
7737 3 5 41
7738 3 5 29
7739 3 5 11
7740 3 5 11
7741 3 5 23
7742 3 5 37
7743 3 5 11
7744 3 5 23
7745 3 5 17
7746 3 5 23
7747 3 5 37
7748 3 5 37
7749 3 5 31
7750 3 5 43
7751 3 5 7
7752 3 13 17
7753 3 13 31
7754 3 5 13
7755 3 5 43
7756 3 11 19
7757 3 7 13
7758 3 5 11
7759 3 5 19
7760 3 5 17
7761 3 5 13
7762 3 13 47
7763 3 5 29
7764 3 5 7
7765 3 5 19
7766 3 5 41
7767 3 5 7
7768 3 5 11
7769 3 5 29
7770 3 7 13
7771 3 5 7
7772 3 11 13
7773 3 5 11
7774 3 5 17
7775 3 5 23
7776 3 7 29
7777 3 5 29
7778 3 5 31
7779 3 5 7
7780 3 5 19
7781 3 5 37
7782 3 5 23
7783 3 5 11
7784 3 5 11
7785 3 5 17
7786 3 5 7
7787 3 5 31
7788 3 5 41
7789 3 5 13
7790 3 5 11
7791 3 5 23
7792 3 11 17
7793 3 5 7
7794 3 5 41
7795 3 5 43
7796 3 5 19
7797 3 5 29
7798 3 7 13
7799 3 5 13
7800 3 5 31
7801 3 5 41
7802 3 5 41
7803 3 5 53
7804 3 5 29
7805 3 7 37
7806 3 5 7
7807 3 5 17
7808 3 5 19
7809 3 5 37
7810 3 7 37
7811 3 5 47
7812 3 5 23
7813 3 5 13
7814 3 5 43
7815 3 5 29
7816 3 5 11
7817 3 7 29
7818 3 5 23
7819 3 5 59
7820 3 5 43
7821 3 5 17
7822 3 5 43
7823 3 5 29
7824 3 11 13
7825 3 5 31
7826 3 5 29
7827 3 5 23
7828 3 11 23
7829 3 5 59
7830 3 5 11
7831 3 5 29
7832 3 5 7
7833 3 5 31
7834 3 5 7
7835 3 5 31
7836 3 11 13
7837 3 5 7
7838 3 5 13
7839 3 5 19
7840 3 5 23
7841 3 5 7
7842 3 5 17
7843 3 5 7
7844 3 5 19
7845 3 5 7
7846 3 5 13
7847 3 5 23
7848 3 5 19
7849 3 5 13
7850 3 5 23
7851 3 11 13
7852 3 5 19
7853 3 5 7
7854 3 5 7
7855 3 5 7
7856 3 5 7
7857 3 5 13
7858 3 5 19
7859 3 5 17
7860 3 5 37
7861 3 5 11
7862 3 7 29
7863 3 5 11
7864 3 5 7
7865 3 5 11
7866 3 5 47
7867 3 5 43
7868 3 5 19
7869 3 5 11
7870 3 5 7
7871 3 5 11
7872 3 19 47
7873 3 5 43
7874 3 7 23
7875 3 5 41
7876 3 5 7
7877 3 5 23
7878 3 5 7
7879 3 5 41
7880 3 7 17
7881 3 5 19
7882 3 5 19
7883 3 5 7
7884 3 5 29
7885 3 5 7
7886 3 5 7
7887 3 5 11
7888 3 5 7
7889 3 5 19
7890 3 5 13
7891 3 11 43
7892 3 7 13
7893 3 5 7
7894 3 5 61
7895 3 5 59
7896 3 5 13
7897 3 5 11
7898 3 5 13
7899 3 5 7
7900 3 5 11
7901 3 5 17
7902 3 5 17
7903 3 5 23
7904 3 5 11
7905 3 5 23
7906 3 5 13
7907 3 7 43
7908 3 5 47
7909 3 5 7
7910 3 5 31
7911 3 5 11
7912 3 7 23
7913 3 11 47
7914 3 5 37
7915 3 5 13
7916 3 5 11
7917 3 5 19
7918 3 5 19
7919 3 5 7
7920 3 5 31
7921 3 5 7
7922 3 5 11
7923 3 5 11
7924 3 7 17
7925 3 5 41
7926 3 5 11
7927 3 5 61
7928 3 5 7
7929 3 5 47
7930 3 5 19
7931 3 5 47
7932 3 5 29
7933 3 5 11
7934 3 19 47
7935 3 5 11
7936 3 5 59
7937 3 13 31
7938 3 5 11
7939 3 5 7
7940 3 5 29
7941 3 5 37
7942 3 5 29
7943 3 5 47
7944 3 5 17
7945 3 5 11
7946 3 5 11
7947 3 5 13
7948 3 5 7
7949 3 5 13
7950 3 5 11
7951 3 5 11
7952 3 5 17
7953 3 5 17
7954 3 5 19
7955 3 5 19
7956 3 5 11
7957 3 5 23
7958 3 5 13
7959 3 7 29
7960 3 5 13
7961 3 5 11
7962 3 7 17
7963 3 5 7
7964 3 5 13
7965 3 5 47
7966 3 5 13
7967 3 5 7
7968 3 19 37
7969 3 5 13
7970 3 23 29
7971 3 5 61
7972 3 5 13
7973 3 5 7
7974 3 5 31
7975 3 5 41
7976 3 5 17
7977 3 11 19
7978 3 5 31
7979 3 5 11
7980 3 5 47
7981 3 5 17
7982 3 17 53
7983 3 5 7
7984 3 5 7
7985 3 5 13
7986 3 7 29
7987 3 5 13
7988 3 5 23
7989 3 13 59
7990 3 5 31
7991 3 5 7
7992 3 5 11
7993 3 5 13
7994 3 5 23
7995 3 5 7
7996 3 5 29
7997 3 5 23
7998 3 5 19
7999 3 5 19
8000 3 5 7
8001 3 5 47
8002 3 5 11
8003 3 5 17
8004 3 5 59
8005 3 5 17
8006 3 5 31
8007 3 5 11
8008 3 11 23
8009 3 5 37
8010 3 11 61
8011 3 5 13
8012 3 11 37
8013 3 5 37
8014 3 5 23
8015 3 5 19
8016 3 5 13
8017 3 5 7
8018 3 5 17
8019 3 5 53
8020 3 5 13
8021 3 5 7
8022 3 5 13
8023 3 5 29
8024 3 5 19
8025 3 5 7
8026 3 5 37
8027 3 5 19
8028 3 5 59
8029 3 5 17
8030 3 5 29
8031 3 5 7
8032 3 7 13
8033 3 13 37
8034 3 5 7
8035 3 17 41
8036 3 7 47
8037 3 5 31
8038 3 11 19
8039 3 5 29
8040 3 5 61
8041 3 5 37
8042 3 5 11
8043 3 5 13
8044 3 5 7
8045 3 5 7
8046 3 5 7
8047 3 5 7
8048 3 5 11
8049 3 5 47
8050 3 7 29
8051 3 5 7
8052 3 5 19
8053 3 5 61
8054 3 5 13
8055 3 5 13
8056 3 5 13
8057 3 5 19
8058 3 5 17
8059 3 5 19
8060 3 5 7
8061 3 5 13
8062 3 5 29
8063 3 7 13
8064 3 5 23
8065 3 13 19
8066 3 7 29
8067 3 5 23
8068 3 5 11
8069 3 5 43
8070 3 7 13
8071 3 5 23
8072 3 5 17
8073 3 5 29
8074 3 5 13
8075 3 5 47
8076 3 5 11
8077 3 5 53
8078 3 5 17
8079 3 5 13
8080 3 5 13
8081 3 5 59
8082 3 5 13
8083 3 5 13
8084 3 5 7
8085 3 5 7
8086 3 5 11
8087 3 5 59
8088 3 5 11
8089 3 13 31
8090 3 11 13
8091 3 5 19
8092 3 5 11
8093 3 5 23
8094 3 5 61
8095 3 5 11
8096 3 5 13
8097 3 5 53
8098 3 5 29
8099 3 5 37
8100 3 5 17
8101 3 5 31
8102 3 5 29
8103 3 5 11
8104 3 5 29
8105 3 5 41
8106 3 19 59
8107 3 11 43
8108 3 11 31
8109 3 5 29
8110 3 5 13
8111 3 5 11
8112 3 5 7
8113 3 5 17
8114 3 5 11
8115 3 5 7
8116 3 5 17
8117 3 5 13
8118 3 5 31
8119 3 5 7
8120 3 5 11
8121 3 5 13
8122 3 5 47
8123 3 5 23
8124 3 5 23
8125 3 5 7
8126 3 5 29
8127 3 5 17
8128 3 7 37
8129 3 5 23
8130 3 5 23
8131 3 5 29
8132 3 5 41
8133 3 5 19
8134 3 17 43
8135 3 13 29
8136 3 5 23
8137 3 5 53
8138 3 5 29
8139 3 5 13
8140 3 11 13
8141 3 5 19
8142 3 5 11
8143 3 5 13
8144 3 5 17
8145 3 7 23
8146 3 5 61
8147 3 5 13
8148 3 5 13
8149 3 13 29
8150 3 5 29
8151 3 5 23
8152 3 5 43
8153 3 5 53
8154 3 5 53
8155 3 5 31
8156 3 5 29
8157 3 5 19
8158 3 5 41
8159 3 5 17
8160 3 5 19
8161 3 5 41
8162 3 5 7
8163 3 5 29
8164 3 5 19
8165 3 5 13
8166 3 5 17
8167 3 5 7
8168 3 5 31
8169 3 5 11
8170 3 5 41
8171 3 5 7
8172 3 5 31
8173 3 5 29
8174 3 5 23
8175 3 11 17
8176 3 5 17
8177 3 5 13
8178 3 5 19
8179 3 5 31
8180 3 5 29
8181 3 5 7
8182 3 5 29
8183 3 5 17
8184 3 5 23
8185 3 5 11
8186 3 11 17
8187 3 5 37
8188 3 5 7
8189 3 5 17
8190 3 5 7
8191 3 5 13
