14 12 144
7 7
98 107 85 77 102 114 1 158 83 139 144 113 57 35 
74 136 108 80 87 68 18 7 3 15 166 96 33 2 
86 154 124 34 61 142 6 0 127 99 141 42 94 79 
38 126 16 134 121 82 84 45 54 69 151 32 78 65 
37 44 9 120 148 138 29 131 143 162 145 159 71 101 
31 147 106 109 66 165 53 62 116 41 115 24 92 13 
47 52 25 36 128 89 103 135 56 22 160 117 123 146 
11 110 153 122 105 5 59 70 132 137 39 140 20 4 
129 91 19 51 26 75 64 125 46 164 76 30 67 49 
60 95 55 48 40 81 111 97 93 133 27 12 43 73 
112 161 150 10 21 17 23 152 88 149 167 155 28 72 
118 163 130 58 8 63 90 50 156 119 14 104 157 100 
6 1
11 7
12 8
3 7
3 7
4 4
0 8
9 8
6 2
1 8
10 11
13 2
13 8
13 6
8 3
12 3
6 6
10 6
12 9
12 2
1 4
0 0
6 0
5 10
4 1
12 11
7 9
3 11
13 3
0 6
6 11
12 11
6 2
10 1
8 3
2 8
0 3
10 4
8 7
3 9
5 9
4 9
3 10
0 9
6 8
7 7
11 8
12 1
6 1
10 7
4 11
1 2
12 8
10 5
0 0
13 4
4 7
0 3
8 5
10 7
11 2
5 2
3 9
0 5
9 8
11 2
9 9
3 7
0 9
11 9
2 7
4 5
1 11
4 0
4 4
4 3
12 10
11 3
12 5
6 3
11 6
0 7
0 11
6 3
9 3
12 8
13 8
11 6
7 4
0 4
12 10
12 8
9 7
11 11
11 3
8 7
6 4
2 11
2 2
11 0
1 1
12 5
11 0
9 1
11 6
2 3
7 1
1 11
9 0
5 10
12 9
6 3
11 9
11 5
2 6
2 9
4 6
9 4
9 3
8 3
9 6
0 2
10 7
2 0
2 4
9 9
2 10
0 5
10 7
7 1
3 1
4 11
6 8
1 4
10 3
10 4
4 4
0 2
7 4
12 4
12 1
3 6
4 9
12 9
