4 17 98
3 13
27 32 17 31 
20 39 19 56 
9 33 67 38 
50 15 36 62 
55 28 0 58 
53 49 60 40 
22 24 65 21 
43 4 1 8 
30 29 25 5 
7 3 41 57 
46 44 16 35 
48 11 14 59 
51 13 45 34 
54 23 6 2 
52 10 66 63 
61 64 47 42 
37 18 26 12 
0 13
3 13
2 3
2 14
3 7
1 3
3 4
3 15
2 11
2 12
0 2
1 3
2 5
0 13
1 10
3 3
3 9
1 9
2 15
2 8
1 10
2 1
1 16
1 16
2 15
3 13
3 9
0 3
2 7
2 2
1 5
2 4
1 10
0 14
3 13
3 16
1 9
2 9
1 14
2 0
3 5
2 2
0 13
2 8
3 7
3 8
1 8
2 7
3 1
0 0
0 7
3 1
1 15
3 14
3 4
1 7
1 15
3 4
1 8
0 2
1 16
3 5
1 1
3 16
2 13
2 6
2 2
3 2
1 7
2 11
0 7
1 9
1 4
2 0
2 5
1 11
1 2
1 10
0 8
2 7
1 15
3 6
1 7
2 11
3 9
1 9
0 2
2 16
1 16
1 6
1 3
2 4
2 15
2 15
0 12
2 14
3 16
3 2
