13 8 156
12 6
77 94 89 75 99 19 38 69 4 39 64 44 58 
46 73 100 55 86 43 83 32 9 12 48 88 92 
40 57 1 68 72 81 59 50 52 102 3 66 28 
47 45 22 51 70 90 74 87 14 62 96 6 29 
34 85 67 53 20 93 65 24 8 13 37 17 10 
95 98 80 71 30 49 42 26 36 60 76 91 35 
18 63 31 0 27 11 97 23 84 82 54 2 61 
21 7 101 78 33 41 16 79 15 5 56 103 25 
2 2
2 0
0 1
5 3
5 0
7 5
5 4
10 3
6 5
4 6
10 4
7 7
3 5
10 6
3 6
10 2
2 0
10 5
4 0
4 7
2 3
3 1
0 7
8 3
9 0
1 5
7 0
8 4
7 2
3 6
5 0
2 3
0 5
2 5
4 0
6 6
2 7
12 6
9 3
0 5
9 2
11 4
3 7
12 3
7 4
8 3
1 2
7 0
10 1
6 3
6 2
8 0
10 0
2 6
10 7
8 3
2 0
3 4
10 2
10 4
7 3
2 4
8 1
5 3
9 5
5 5
7 2
4 5
6 6
12 5
8 1
5 6
1 1
0 1
0 7
12 3
8 6
10 1
6 4
11 7
2 6
11 4
12 1
1 2
4 2
5 6
2 7
10 6
6 1
10 5
11 4
0 2
11 7
0 0
4 4
4 4
0 0
11 6
4 0
1 3
4 1
9 0
4 5
5 7
6 6
12 5
1 2
11 2
11 2
8 2
5 2
10 7
7 1
6 7
2 4
11 3
1 4
0 7
8 0
4 6
3 5
11 4
2 1
12 0
0 0
8 7
7 6
10 2
3 6
3 7
12 7
0 1
2 6
9 6
1 7
11 2
2 1
7 1
7 0
11 2
4 5
11 2
7 7
10 3
10 7
3 1
11 3
6 1
12 6
0 4
4 3
4 4
5 4
0 0
5 5
1 1
