8 13 73
5 8
37 18 35 61 47 98 68 36 
8 72 17 88 85 75 65 7 
28 51 33 13 66 80 77 55 
71 60 6 50 83 45 99 30 
24 16 40 87 86 94 12 4 
49 1 14 58 2 10 81 84 
59 91 64 97 20 31 9 93 
19 92 42 53 44 102 63 22 
89 41 43 21 56 82 11 101 
15 48 76 74 32 26 25 79 
3 100 54 23 103 67 69 57 
78 62 95 0 96 38 27 52 
70 5 34 46 29 90 73 39 
1 10
1 8
4 8
6 9
5 1
4 0
2 8
7 1
7 4
3 7
1 6
3 10
7 2
2 5
5 8
3 9
0 12
3 11
6 3
5 1
4 11
0 11
5 8
3 2
4 12
3 6
6 2
2 4
7 9
0 3
0 0
7 1
3 7
1 4
4 0
4 12
3 8
5 9
6 0
7 0
1 7
1 0
2 3
0 1
0 8
6 6
7 11
3 9
3 2
4 12
3 12
3 12
5 10
5 11
3 6
2 6
3 1
5 6
7 4
2 11
5 6
6 4
7 6
2 0
5 7
2 7
3 0
6 4
2 8
2 5
3 2
7 12
5 0
