8 7 129
1 2
39 2 20 24 50 35 53 3 
28 22 32 1 30 37 19 49 
26 54 48 41 8 17 0 36 
23 25 14 42 10 16 7 21 
18 38 5 40 45 15 29 27 
47 13 11 4 6 43 44 34 
52 33 51 46 31 12 9 55 
6 3
1 3
4 3
6 4
7 3
4 5
3 0
4 1
0 0
5 2
1 3
6 3
4 6
7 2
0 5
1 6
4 0
3 1
4 1
1 1
5 3
1 0
5 0
6 4
4 0
6 3
1 1
2 5
2 0
6 6
6 1
1 6
3 1
5 0
2 3
7 6
0 5
1 3
1 5
2 4
1 4
5 6
2 2
6 2
0 2
1 4
7 5
5 0
0 2
0 4
3 3
6 1
3 2
1 0
2 0
3 3
2 6
6 4
5 0
2 3
2 4
2 4
4 3
7 6
6 1
4 3
7 5
4 2
4 1
3 3
6 4
0 4
6 5
2 2
3 2
4 1
5 1
0 4
3 3
2 2
1 4
1 0
3 1
1 2
6 1
6 1
7 6
3 3
7 3
0 3
1 5
5 6
5 5
5 4
7 2
1 5
2 3
6 2
1 2
5 5
6 0
7 4
1 2
3 2
4 6
5 5
1 2
7 0
2 2
3 6
7 6
5 5
2 1
4 2
2 4
3 3
0 3
3 0
1 5
6 2
0 5
1 1
2 2
5 3
2 1
0 2
5 6
2 5
3 3
