5 18 195
1 13
19 2 59 51 32 
10 89 63 83 74 
69 39 81 53 49 
0 27 82 78 1 
23 56 79 43 54 
37 57 50 13 3 
5 4 16 52 65 
73 41 33 85 34 
46 66 26 28 21 
22 12 42 8 55 
67 36 47 35 17 
77 87 64 88 7 
24 6 70 14 72 
38 48 9 18 62 
29 25 84 61 31 
20 68 44 71 11 
86 60 58 30 40 
76 75 80 15 45 
2 1
3 10
2 8
0 16
3 7
2 14
2 6
4 1
1 0
2 8
1 4
4 13
4 12
1 0
4 3
1 9
2 4
0 1
3 7
0 2
3 2
2 17
2 2
2 2
4 8
0 10
4 17
3 7
3 5
0 5
2 4
3 12
0 9
3 16
0 10
3 7
4 5
4 15
3 11
4 17
0 4
4 0
4 9
0 6
4 9
1 6
2 15
1 1
3 1
3 7
3 5
0 8
1 1
2 8
2 5
2 15
2 16
3 16
0 16
0 13
4 8
3 16
0 17
3 14
4 12
0 8
0 0
2 7
0 13
1 7
1 10
4 16
1 2
3 5
1 2
3 1
4 8
3 5
2 16
2 3
3 3
1 1
3 1
4 8
3 11
0 2
2 14
4 13
3 14
1 17
0 2
4 16
1 14
3 9
2 16
0 11
3 9
2 13
4 8
2 3
3 4
0 6
2 13
2 17
0 8
1 6
2 7
2 6
0 17
0 7
1 5
2 16
3 13
2 7
4 1
1 13
4 1
4 12
3 13
0 15
1 1
2 8
2 16
2 16
3 12
4 8
4 14
2 13
2 7
0 4
4 12
1 17
1 6
1 4
3 8
3 9
3 5
3 16
1 12
4 15
0 11
2 8
1 0
3 12
0 17
1 4
0 17
2 13
4 1
0 6
3 17
4 0
1 0
1 14
2 13
4 2
0 16
2 7
1 12
0 9
3 17
3 4
0 9
3 14
1 12
2 9
1 6
4 14
0 14
4 14
2 14
4 0
3 3
3 14
0 11
1 8
1 5
4 10
1 16
0 16
1 2
3 14
3 8
4 15
2 5
0 17
4 15
2 10
3 15
4 3
4 1
4 11
3 17
4 2
2 2
