23 22 248
7 12
282 217 235 375 107 364 367 343 415 439 443 8 253 130 135 476 214 31 2 325 422 119 94 
348 177 72 434 97 419 407 385 402 211 377 129 477 254 91 92 24 486 168 136 258 265 186 
323 52 76 155 278 492 332 306 397 110 503 206 349 161 70 231 190 142 225 209 13 65 48 
28 452 82 29 18 392 100 166 292 171 421 232 289 294 158 259 478 78 246 104 196 64 176 
321 124 103 167 276 56 458 159 268 353 163 228 80 194 412 6 346 1 423 308 88 472 416 
430 233 337 199 494 266 460 274 447 55 384 22 179 446 342 173 469 418 406 368 313 444 352 
471 105 324 475 9 371 219 256 438 305 115 44 414 286 437 396 307 393 149 143 81 383 326 
400 497 17 288 25 399 468 316 183 178 411 417 409 210 464 338 398 376 261 490 465 365 154 
101 87 272 285 151 440 185 240 118 241 287 248 162 140 481 244 200 284 354 222 372 98 184 
43 327 239 146 99 413 283 426 192 360 61 147 420 83 273 242 50 16 71 403 269 108 319 
264 429 53 408 466 182 95 226 36 448 32 62 160 116 243 488 304 133 21 489 19 322 42 
504 255 318 331 405 145 499 202 380 234 473 218 462 141 373 220 435 262 5 334 487 401 379 
386 361 197 35 450 290 455 89 137 267 474 351 204 207 66 34 315 356 449 215 387 156 51 
436 425 10 203 442 445 502 427 347 270 213 463 311 27 453 73 23 45 85 189 109 126 0 
298 355 132 370 390 280 227 391 366 77 245 58 57 47 363 358 122 205 37 357 389 181 20 
33 433 198 483 329 395 67 252 128 114 302 388 39 431 309 123 41 180 46 174 236 257 339 
221 495 96 14 131 501 216 505 74 152 250 493 153 165 208 172 11 169 69 350 303 277 328 
144 4 410 341 54 40 30 26 297 263 424 374 330 491 271 120 496 301 484 193 320 112 300 
317 312 482 93 164 432 223 79 138 369 247 157 187 75 111 15 125 459 381 102 201 451 113 
188 3 454 212 295 485 260 344 335 84 299 296 404 68 175 249 170 224 195 310 467 428 336 
480 59 121 251 441 150 38 457 106 362 237 394 90 333 314 63 382 281 479 470 378 275 134 
191 49 291 279 127 60 359 500 229 498 461 12 7 340 456 345 86 117 230 293 238 139 148 
2 8
16 10
19 15
18 13
5 11
15 4
18 8
21 5
3 3
20 8
16 11
15 20
14 4
12 3
9 17
2 11
12 20
6 12
4 13
5 16
19 1
18 20
21 1
9 13
11 15
8 4
16 12
15 12
7 18
15 12
15 10
7 7
15 13
5 9
11 4
17 18
12 19
5 10
18 15
10 11
9 5
12 17
2 14
10 11
14 8
14 9
13 6
10 19
22 2
2 15
7 11
15 11
1 5
19 7
7 16
6 20
1 7
7 11
2 21
2 8
22 18
21 10
9 17
11 19
3 5
11 0
10 8
7 20
20 8
4 2
13 1
8 19
19 4
17 11
6 13
9 16
9 20
20 9
16 2
19 10
17 18
0 1
17 12
18 8
12 15
12 16
17 2
11 15
16 0
4 4
13 10
0 6
12 18
1 21
22 5
2 6
10 7
6 14
7 13
18 9
1 8
3 9
16 8
14 17
22 2
15 17
22 9
20 21
9 9
12 20
20 10
7 3
0 18
17 7
11 6
7 0
5 12
16 1
14 14
14 15
20 18
13 18
13 13
19 2
11 8
3 8
14 6
18 16
13 18
9 6
14 7
22 2
18 19
10 14
9 16
16 7
13 10
19 10
7 5
10 8
14 8
5 4
5 10
0 5
2 19
17 7
7 20
3 9
15 5
12 14
18 21
21 18
14 21
17 7
22 8
10 18
17 21
21 11
18 1
0 4
5 9
6 21
19 1
10 12
3 7
20 2
13 20
17 1
8 2
1 16
5 13
22 17
4 3
19 13
8 19
9 17
16 20
1 17
20 9
21 2
21 7
9 12
21 3
11 13
7 6
19 16
17 18
0 13
6 5
1 3
20 14
21 3
22 15
8 13
22 7
14 16
12 21
1 17
17 19
22 6
4 3
3 19
14 6
18 0
16 20
4 4
11 16
13 6
4 4
22 10
3 19
19 3
7 8
18 2
17 6
8 6
13 11
15 17
20 6
20 17
15 11
4 7
21 7
2 1
0 7
16 15
10 0
17 5
9 1
9 3
17 1
2 3
21 0
16 13
4 1
20 13
15 15
11 16
21 0
22 8
6 6
19 20
11 18
22 8
5 8
15 21
3 7
5 10
