12 27 291
8 2
319 6 315 93 307 41 272 282 318 181 45 121 
157 194 145 200 160 107 154 178 271 87 99 124 
281 233 161 35 47 228 24 74 237 216 251 304 
211 258 78 275 309 61 247 217 134 182 269 52 
96 285 40 302 62 206 18 106 141 112 149 63 
218 150 135 288 250 128 314 54 221 102 115 101 
58 175 246 273 274 166 49 313 153 147 187 4 
165 280 260 240 311 84 57 108 158 215 263 213 
234 230 204 118 130 117 5 38 75 297 259 241 
197 268 212 133 142 111 186 100 159 21 91 164 
122 13 11 207 180 22 42 236 8 225 73 69 
53 83 202 173 210 72 172 25 267 222 82 214 
189 50 305 110 276 261 56 287 68 294 203 27 
190 14 310 1 44 257 138 143 278 59 256 20 
254 279 163 289 183 70 97 252 156 208 177 66 
291 65 17 76 98 191 253 201 193 298 295 123 
34 86 92 243 167 88 248 224 284 174 299 2 
137 266 155 169 265 32 232 127 119 249 223 303 
171 19 28 151 209 184 105 120 198 192 277 270 
29 94 283 323 116 306 226 199 238 220 132 136 
146 7 104 139 227 144 0 317 296 15 320 39 
255 51 292 16 286 168 64 126 131 9 301 81 
176 85 244 80 77 242 113 95 290 129 162 170 
239 10 109 71 48 152 321 46 262 125 300 322 
89 12 308 293 33 26 43 79 205 140 235 264 
36 148 60 312 67 3 219 231 245 37 229 23 
185 31 30 114 179 90 316 103 188 195 55 196 
2 2
5 22
6 20
8 21
7 10
5 14
11 24
4 23
8 21
4 22
8 14
11 21
4 15
6 22
0 4
4 10
1 19
7 13
2 7
0 12
11 19
1 18
6 23
9 21
1 13
10 4
4 25
7 17
7 10
5 17
11 3
1 17
11 5
10 13
3 14
4 6
1 20
6 23
2 8
2 22
5 13
3 8
10 12
2 18
11 3
1 21
11 8
7 12
4 26
7 11
2 25
2 15
9 0
11 14
7 15
2 23
3 3
5 25
6 12
2 17
9 18
7 10
11 5
11 15
4 14
0 22
8 19
7 14
1 0
4 17
10 13
1 24
11 17
5 0
0 16
4 0
2 12
1 13
9 8
1 16
0 26
4 9
10 20
6 3
9 24
11 19
0 9
9 13
11 2
3 13
7 12
7 15
5 19
3 9
5 19
6 2
8 1
0 23
11 2
2 13
11 21
3 20
2 12
9 17
5 7
6 2
9 6
3 8
5 0
4 4
7 14
8 17
9 24
4 8
7 10
9 21
1 26
7 14
10 10
1 1
9 10
10 10
8 18
0 22
0 11
6 18
9 7
4 19
3 11
6 11
9 17
9 10
10 19
5 1
1 2
5 10
8 22
3 19
8 10
11 11
0 10
8 12
0 24
8 9
0 13
10 5
8 4
1 20
8 24
0 9
9 0
6 7
0 6
7 21
4 6
3 23
6 2
10 15
5 3
2 22
0 20
8 16
5 0
8 13
0 6
3 0
0 13
5 21
11 2
8 2
4 24
10 15
8 26
8 11
11 22
5 0
0 10
10 9
0 3
8 13
0 11
3 20
4 11
11 16
1 20
7 9
8 2
10 26
3 15
2 6
5 9
9 8
6 10
3 26
2 0
8 23
0 20
10 18
0 26
3 0
2 2
4 8
1 19
8 17
3 8
1 3
8 7
4 10
9 11
1 23
5 0
5 11
0 20
0 0
0 26
6 18
4 5
6 11
2 8
11 21
2 16
9 2
9 3
11 6
9 22
7 3
3 20
8 5
1 13
8 4
3 0
2 7
8 16
8 16
0 20
9 10
8 19
11 11
10 19
1 3
2 6
11 5
8 22
10 1
8 15
10 25
2 17
11 23
11 7
4 9
3 7
2 26
11 14
9 23
2 22
10 24
1 5
7 20
7 9
11 21
0 7
7 19
2 13
8 12
4 19
9 21
9 13
5 24
2 26
4 24
4 17
7 9
6 2
2 25
8 8
10 18
4 2
7 5
11 20
1 4
10 5
2 5
7 9
3 25
5 17
5 26
4 8
11 25
6 9
3 17
9 17
