6 30 768
4 18
32 153 90 8 34 51 
150 27 94 46 160 125 
55 12 7 177 26 173 
69 144 96 64 91 134 
132 112 23 60 10 151 
89 81 65 174 36 93 
109 122 152 166 135 79 
130 117 129 107 175 148 
124 98 105 52 30 138 
66 119 108 3 87 0 
54 92 41 141 154 164 
86 172 162 118 78 145 
95 15 77 106 115 49 
20 165 104 149 6 24 
57 19 131 161 143 155 
114 139 22 2 102 103 
62 63 146 137 70 33 
157 1 59 142 35 13 
97 71 159 48 123 28 
140 82 58 25 5 21 
136 67 100 83 11 74 
29 73 76 167 110 88 
14 147 44 4 80 61 
121 127 43 47 158 178 
53 68 45 156 176 179 
126 128 169 37 85 99 
113 50 116 101 17 84 
171 16 9 40 170 75 
56 120 111 18 163 38 
31 39 72 42 133 168 
3 1
2 1
2 10
0 29
3 23
4 12
3 4
0 5
3 0
4 17
4 20
5 18
5 19
1 29
1 6
0 9
0 26
3 27
5 5
2 6
1 13
5 8
3 5
1 24
3 16
0 8
3 21
3 18
5 22
2 11
2 13
1 23
0 1
4 0
4 10
4 22
4 23
5 19
1 4
2 29
2 9
4 17
1 2
3 3
3 21
0 7
2 20
0 16
3 25
4 25
5 8
0 24
1 3
3 21
1 10
4 8
4 21
0 16
2 19
3 3
5 10
1 23
2 29
4 26
2 3
4 24
2 5
4 27
1 17
0 17
3 19
3 2
2 18
3 4
1 13
3 7
1 4
0 19
4 27
4 16
2 13
0 27
2 4
3 15
0 21
3 14
5 23
4 12
0 23
0 0
0 22
4 0
1 5
1 24
4 22
4 0
1 23
0 16
5 8
2 11
3 24
5 27
4 21
4 5
5 1
0 16
0 9
0 1
4 17
0 25
4 8
5 5
2 3
1 3
4 24
0 12
5 6
5 13
4 9
0 21
1 10
0 18
5 5
1 24
1 14
0 10
1 23
4 6
4 4
0 17
0 22
4 12
4 28
5 2
5 3
5 4
3 19
3 8
3 3
3 14
2 11
2 13
3 3
0 4
3 8
5 23
5 19
3 15
0 21
3 9
5 29
0 29
0 27
1 0
2 14
2 18
0 29
5 18
3 11
2 14
3 14
1 14
3 16
4 28
5 12
4 11
2 24
0 0
0 21
0 18
1 19
2 24
4 18
2 17
0 18
3 14
3 18
5 22
4 12
3 1
3 0
3 19
0 14
1 11
2 21
5 3
3 24
5 17
2 24
5 14
0 13
2 27
4 21
1 17
0 3
3 12
0 13
2 11
2 17
4 22
0 14
3 11
1 13
0 25
4 2
5 21
3 23
2 16
5 28
5 26
0 5
4 8
0 29
5 19
2 14
4 29
3 13
3 22
2 16
5 12
5 0
5 2
4 5
4 14
5 4
0 7
2 1
5 18
2 17
0 1
5 29
1 1
1 15
3 17
1 6
2 19
1 14
4 0
2 24
2 12
5 21
1 2
4 27
1 6
5 4
1 7
3 3
2 10
5 5
0 17
2 3
4 24
0 11
5 6
3 2
3 4
5 15
2 8
5 28
5 10
5 0
3 14
4 13
4 17
4 23
1 27
4 25
3 1
2 2
2 8
5 12
2 1
0 22
1 15
5 17
0 26
0 25
2 8
4 29
2 3
5 14
3 3
1 21
2 6
3 19
3 13
4 18
5 7
4 17
4 14
2 17
5 18
4 15
1 14
1 19
5 18
1 8
2 23
3 7
5 1
1 29
5 6
1 5
1 1
1 3
4 26
1 21
2 8
2 12
5 17
0 21
2 24
5 7
3 29
4 13
3 8
0 18
3 3
2 8
2 17
4 13
4 1
4 16
1 27
3 28
1 3
2 5
2 27
3 28
0 9
2 28
3 9
1 5
0 26
0 1
1 26
3 8
4 14
4 15
3 27
2 27
3 22
1 28
1 9
4 14
2 11
1 25
4 19
1 25
5 12
3 16
0 0
0 8
5 5
4 25
5 26
5 13
3 4
0 10
0 23
0 3
5 20
2 22
3 14
5 17
3 0
1 13
5 1
5 2
1 17
1 5
0 27
0 16
2 5
4 21
3 23
0 17
5 1
1 6
5 3
0 3
0 29
3 10
3 24
0 4
5 8
4 27
3 27
5 23
3 9
3 14
4 16
1 12
2 9
0 9
2 6
2 17
5 9
5 5
5 28
3 10
1 21
1 7
4 5
4 9
5 6
0 0
2 3
2 10
4 16
0 22
0 2
3 20
4 20
2 14
2 1
4 26
3 23
2 12
3 19
3 12
1 28
4 19
2 6
1 0
0 22
4 13
0 3
4 3
2 7
4 17
4 15
0 24
1 20
3 18
5 11
3 10
5 19
4 19
5 1
0 5
0 7
2 7
5 3
3 14
4 26
5 19
5 13
0 5
5 17
1 8
5 28
2 16
1 10
5 10
3 4
1 22
5 26
4 19
2 23
2 22
3 5
4 26
4 4
0 23
0 27
0 11
5 0
2 3
1 16
3 26
4 20
2 17
4 26
5 24
2 3
2 12
5 21
2 5
4 0
0 16
3 11
2 16
0 25
2 27
4 26
4 26
2 23
3 21
5 12
4 27
1 23
3 15
5 10
4 0
1 21
5 20
3 2
5 13
4 15
2 1
4 20
4 16
4 11
5 3
2 8
4 19
1 15
0 17
1 10
0 27
0 14
0 23
5 18
2 10
1 14
5 23
3 10
5 13
0 16
4 20
4 29
0 13
0 24
4 17
0 10
0 4
4 21
0 10
5 16
1 10
1 29
2 18
5 24
5 14
1 13
1 13
3 22
3 22
4 27
2 24
2 24
2 3
3 7
0 8
2 3
3 12
0 21
4 7
1 11
4 5
5 25
3 27
2 12
0 27
2 4
0 15
2 0
5 29
4 26
2 13
2 4
5 23
0 23
2 1
2 25
4 27
5 11
1 15
5 13
5 6
2 13
1 23
0 8
2 25
3 6
2 7
1 15
3 29
1 25
5 25
0 20
2 1
3 9
0 9
2 20
5 28
5 20
1 0
5 11
4 17
5 28
0 14
4 21
4 24
3 18
4 10
0 0
4 21
4 22
0 15
4 14
2 24
1 9
3 8
3 11
1 20
5 12
5 17
4 0
1 4
4 26
3 25
0 15
3 12
0 24
1 14
5 1
0 21
5 28
3 23
5 9
5 1
3 13
5 1
2 2
4 24
4 2
5 14
2 15
1 10
2 28
5 4
3 18
4 14
2 10
2 4
5 1
3 23
1 23
0 10
1 9
3 25
5 29
2 1
5 27
4 17
3 26
1 5
1 10
4 24
4 3
5 29
1 14
4 16
4 14
3 28
2 14
3 7
5 0
1 28
2 13
3 21
2 22
3 17
4 5
1 26
5 14
5 13
0 12
5 29
1 4
2 26
4 11
2 12
1 3
3 13
5 5
5 23
5 16
2 15
3 6
1 25
5 13
2 15
3 7
2 7
0 22
1 9
2 18
0 1
2 16
5 0
4 15
3 10
1 12
0 21
3 13
5 8
1 22
0 18
4 29
5 26
0 8
4 21
1 5
4 5
2 27
5 20
4 17
2 6
3 19
5 8
4 21
5 1
4 13
1 8
0 11
4 25
0 9
4 14
3 23
0 13
2 15
5 8
3 0
5 27
2 29
4 11
5 21
4 21
5 12
0 4
2 2
4 3
0 1
3 13
3 0
5 16
4 16
4 15
2 23
0 23
4 20
1 20
0 2
3 19
0 10
4 29
4 18
3 13
1 20
3 27
2 3
5 5
0 15
0 9
1 5
1 28
2 19
1 16
4 24
2 22
5 0
5 19
2 7
3 11
3 9
