16 12 24
10 11
34 126 152 82 85 102 190 124 33 40 80 0 39 83 174 172 
135 186 48 140 6 69 157 88 109 81 137 15 42 107 31 100 
30 136 35 125 49 63 2 130 108 68 50 155 183 38 120 181 
12 127 5 84 8 98 116 114 115 44 89 93 191 7 121 166 
11 175 94 43 95 64 103 170 131 32 67 132 129 182 97 92 
167 111 91 27 51 150 75 47 24 118 147 41 105 72 52 77 
146 21 74 46 158 37 58 17 119 60 87 148 178 163 106 26 
133 176 28 59 156 70 180 184 177 1 179 23 56 145 168 188 
185 73 4 143 90 104 96 189 171 18 187 139 78 159 128 161 
55 62 117 113 19 53 153 165 144 66 20 76 110 3 65 22 
122 164 10 86 36 141 138 169 14 13 25 9 154 54 112 61 
16 45 57 142 173 151 71 160 162 101 29 149 79 123 134 99 
5 11
4 0
13 8
3 8
9 3
13 1
1 5
5 0
6 3
13 1
13 8
10 9
5 2
9 7
8 11
3 2
3 1
12 2
8 2
10 3
7 6
13 5
9 2
9 1
