32 20 195
13 0
228 548 197 92 559 293 133 369 456 436 123 528 541 377 609 186 587 187 536 277 623 595 2 370 215 550 275 47 295 37 397 400 
464 596 109 611 50 578 221 10 78 534 15 252 496 116 307 591 122 310 28 299 247 62 551 460 612 87 549 160 472 605 12 557 
195 224 130 25 581 140 490 455 56 431 606 417 443 223 182 256 571 151 629 74 627 332 57 59 445 289 65 242 523 437 218 97 
5 364 243 216 589 154 321 444 503 585 432 449 98 411 189 69 141 381 81 350 18 209 269 477 391 555 202 106 52 502 266 512 
329 495 203 324 343 171 378 1 352 616 533 200 290 516 639 294 255 265 506 139 291 408 543 383 323 51 288 280 483 427 86 365 
174 67 404 362 100 312 315 278 44 306 70 272 442 89 348 66 428 367 529 284 346 233 562 520 162 384 76 498 120 257 260 313 
535 279 114 55 340 569 566 454 473 309 214 248 601 273 19 281 478 617 58 234 476 474 20 138 469 201 368 492 220 3 121 514 
395 552 85 614 441 320 213 522 341 468 63 259 434 466 325 274 553 145 525 420 14 366 575 271 107 545 119 412 524 303 102 459 
560 451 357 43 38 422 103 163 638 26 631 393 4 32 344 237 241 518 576 250 630 0 349 409 539 567 419 561 327 199 372 211 
338 330 510 579 124 176 356 526 540 13 407 558 380 170 79 500 24 147 497 620 424 564 118 463 430 190 418 538 479 73 507 599 
501 446 153 33 438 410 398 181 179 394 637 602 267 204 180 613 403 317 41 580 458 34 245 563 433 439 363 283 75 268 345 82 
177 322 17 35 415 453 128 537 135 388 229 532 99 546 185 91 586 127 230 335 331 77 161 53 392 608 462 166 129 184 68 251 
359 402 144 172 158 452 406 499 573 304 108 593 104 584 360 54 238 481 318 110 354 270 621 494 196 461 236 146 156 101 347 88 
450 111 244 193 235 80 225 254 489 232 475 143 588 175 413 521 132 542 531 142 192 396 326 308 423 148 261 598 530 604 262 485 
334 168 493 131 399 515 226 227 206 625 90 570 342 527 375 457 513 594 149 482 222 205 465 511 258 40 385 405 134 565 447 194 
71 208 592 355 39 632 628 301 582 264 633 600 488 435 249 207 509 239 358 386 339 336 155 544 48 212 314 316 519 112 9 486 
150 93 610 113 597 126 390 157 198 379 64 622 517 361 240 371 429 351 374 590 42 36 635 302 31 333 23 21 484 556 84 568 
152 95 292 263 60 619 382 49 387 373 164 328 425 183 96 167 11 169 319 421 504 440 603 231 29 401 297 191 137 572 210 6 
117 94 615 607 480 165 353 178 634 83 337 305 253 125 7 285 27 61 287 574 426 636 8 105 300 448 508 547 583 487 296 416 
188 286 311 554 115 276 46 22 389 16 577 219 173 491 30 72 467 471 618 136 246 414 298 45 376 217 282 470 624 159 505 626 
22 5
2 2
11 2
13 19
22 2
1 19
12 7
6 16
6 9
5 4
26 9
5 19
27 0
2 5
18 8
13 0
26 5
17 14
13 14
3 9
25 14
31 12
2 2
3 2
25 5
2 4
20 15
21 7
29 0
1 18
18 18
2 15
7 3
25 16
18 17
11 8
4 18
2 3
30 16
7 2
2 9
10 17
11 7
21 17
17 17
2 10
17 16
6 3
20 0
1 8
11 3
24 3
8 8
15 5
7 1
19 11
4 11
9 14
12 6
25 17
8 13
11 2
9 9
25 11
16 18
30 19
20 19
22 18
25 14
12 7
3 19
23 10
8 7
17 2
2 1
24 19
22 13
10 6
3 13
30 19
15 10
5 18
29 11
14 16
10 2
26 12
17 12
18 10
16 3
16 6
26 19
23 1
15 11
6 16
10 6
11 8
1 14
26 7
19 4
19 12
25 0
17 11
19 3
3 15
25 16
0 15
13 6
23 18
12 3
15 13
22 8
17 17
28 0
14 7
0 11
22 1
8 9
0 8
11 2
26 7
31 7
6 18
23 7
21 3
26 17
17 7
31 9
14 2
8 3
5 10
12 16
4 4
15 1
3 7
24 16
19 11
10 3
4 6
29 3
22 10
14 5
20 11
28 7
25 7
28 15
10 16
21 8
11 6
6 14
18 4
0 3
20 19
26 12
0 8
2 2
31 2
5 17
18 19
23 13
7 13
11 12
21 4
7 7
28 19
10 18
7 6
3 17
15 10
9 1
13 6
3 13
22 3
27 13
14 19
2 15
25 18
26 9
7 0
7 16
28 0
31 15
19 9
28 0
14 2
30 13
21 4
26 2
26 19
7 5
4 9
10 15
13 7
6 19
15 14
7 13
