28 29 196
1 28
163 709 556 432 618 201 791 503 422 557 100 673 54 717 801 641 262 698 592 147 389 390 108 276 635 194 215 18 
136 558 773 359 667 516 266 623 625 683 640 725 681 271 375 67 735 763 561 213 237 332 778 501 113 733 517 243 
519 510 518 645 707 15 369 269 527 333 584 351 53 158 700 218 748 403 57 295 242 588 234 19 784 285 309 655 
477 187 233 290 686 169 204 380 722 244 365 555 397 482 328 79 535 489 84 202 463 270 257 615 797 395 297 196 
468 331 148 644 396 358 481 314 749 598 600 256 668 705 168 95 785 552 445 595 164 106 541 135 767 61 171 433 
647 646 693 523 3 323 44 634 793 572 524 356 406 405 398 180 485 804 502 134 42 587 391 616 514 789 301 166 
662 490 670 430 431 581 752 766 252 493 38 13 56 43 355 475 438 103 534 326 128 129 762 620 45 660 219 340 
384 677 500 282 567 186 363 381 672 378 199 58 589 337 298 24 496 81 207 31 429 603 379 35 512 287 39 402 
425 669 609 577 642 289 143 578 273 775 382 239 466 343 442 265 160 487 436 649 23 319 594 805 172 777 671 330 
692 543 412 415 212 357 740 730 261 71 619 327 811 638 715 536 809 427 226 585 5 150 241 664 12 734 455 521 
346 574 2 803 416 599 217 562 783 418 580 782 283 768 583 539 69 746 125 794 711 131 533 509 341 254 181 225 
387 222 307 666 751 439 404 366 59 123 576 47 329 550 747 347 303 155 591 687 753 761 471 806 407 25 464 9 
737 170 750 339 352 454 190 274 263 96 198 788 606 732 107 87 601 146 520 367 547 248 684 98 305 781 360 49 
294 434 371 137 627 231 548 28 515 651 184 526 525 802 78 156 73 37 386 195 611 560 209 64 91 413 401 736 
368 377 770 741 529 101 115 320 774 139 564 420 573 293 102 456 132 571 448 176 719 191 628 409 440 414 0 362 
808 235 792 691 16 787 154 508 258 26 116 476 197 208 230 760 335 452 50 32 708 690 795 344 537 726 742 238 
124 206 324 188 306 34 497 622 446 277 653 312 210 697 321 582 810 470 621 55 513 654 394 731 632 281 392 317 
111 22 227 459 1 85 786 250 224 602 453 349 663 423 484 374 189 63 288 743 424 604 68 473 173 99 551 759 
701 152 77 104 122 695 373 46 92 426 738 714 353 30 292 765 144 688 120 315 86 385 174 179 590 542 723 472 
8 75 140 630 570 545 780 177 151 221 790 639 675 255 703 142 345 178 36 492 799 72 441 90 479 240 249 229 
51 553 504 251 460 311 522 597 33 458 756 6 659 457 685 133 724 278 232 447 704 488 193 112 605 275 540 334 
141 796 14 93 157 247 617 313 633 467 192 246 65 563 153 175 755 710 754 316 716 575 657 228 342 699 216 718 
299 593 259 713 607 376 478 656 579 127 296 807 83 474 138 461 565 569 729 483 532 411 451 325 549 214 739 682 
798 264 400 631 494 410 728 126 658 419 727 650 507 744 41 499 119 610 506 348 161 205 253 182 530 495 350 596 
689 764 291 674 702 7 110 706 310 364 82 643 469 712 665 779 614 167 624 60 586 443 435 318 370 300 769 421 
758 652 145 486 336 48 279 694 462 97 245 185 10 114 286 267 498 491 428 757 211 408 450 76 109 308 40 388 
745 393 280 29 162 546 538 613 568 304 27 272 544 200 678 528 511 183 383 223 399 636 771 720 284 130 361 203 
338 220 52 260 505 17 21 721 121 554 679 648 322 637 661 776 74 94 149 437 608 372 20 268 566 449 772 11 
117 354 559 80 676 629 696 800 626 465 88 165 444 417 531 302 612 4 118 66 480 62 89 236 105 680 70 159 
1 5
11 15
15 14
1 9
7 22
14 15
0 14
23 25
17 12
2 3
12 6
4 25
8 16
19 26
5 13
2 6
13 2
0 15
19 25
4 24
21 3
1 5
1 21
25 15
24 3
22 4
21 28
20 15
12 12
9 10
23 7
1 26
2 11
21 15
21 26
10 23
21 4
18 0
9 27
26 9
23 14
26 10
9 1
11 4
15 20
0 2
20 27
4 19
15 3
22 12
8 9
16 3
23 21
13 4
17 10
26 26
25 13
23 16
23 24
9 22
22 8
9 9
17 10
20 3
19 17
3 21
23 6
15 12
16 19
6 18
22 15
17 3
6 9
13 28
7 11
14 21
26 24
14 15
3 20
16 21
26 12
13 1
0 11
18 3
11 10
15 2
20 12
11 15
21 26
8 9
22 24
9 19
27 7
7 27
14 13
13 13
10 21
26 7
11 16
26 19
12 13
0 15
17 17
18 20
7 24
4 28
16 13
18 11
21 16
17 19
23 13
24 16
14 28
13 16
14 17
10 24
2 6
5 3
27 1
7 7
16 2
22 24
19 4
18 28
3 3
18 12
1 13
24 16
6 20
20 11
9 26
12 20
18 14
11 2
8 11
27 9
21 3
24 10
25 11
16 24
8 27
1 20
22 2
2 10
2 7
19 26
17 25
6 15
15 23
12 11
17 6
21 4
22 7
22 19
1 19
5 9
5 21
2 8
13 23
6 0
14 28
24 26
15 26
8 4
12 16
7 22
19 7
6 28
21 16
21 5
18 10
20 17
12 5
24 6
15 28
21 8
7 8
8 20
9 24
2 1
23 14
9 3
3 28
1 17
15 20
8 5
19 3
8 13
23 21
6 13
20 20
25 26
2 7
14 18
25 1
1 11
