24 8 635
23 7
40 81 37 76 29 129 45 141 16 148 22 84 139 107 109 111 113 140 182 181 188 78 66 168 
25 170 165 39 180 67 152 80 32 136 130 131 85 161 54 156 89 14 179 177 189 53 61 71 
163 127 28 98 97 30 122 74 52 31 185 175 191 146 144 94 95 9 2 154 4 134 155 24 
93 3 106 46 10 135 91 11 126 110 20 86 48 5 116 7 58 33 13 120 6 173 65 187 
83 159 176 178 17 8 42 43 101 47 174 183 35 114 184 128 96 90 51 18 23 63 75 1 
44 49 99 64 100 166 102 172 124 108 150 143 92 60 15 162 153 171 77 123 118 149 41 69 
151 26 21 133 190 112 34 68 12 82 50 19 186 72 169 56 0 88 121 36 103 138 158 104 
87 59 70 57 145 125 105 38 147 164 62 132 79 27 117 119 167 142 160 137 73 157 55 115 
2 6
6 5
14 0
18 5
4 1
10 6
10 1
9 5
21 0
7 2
7 5
13 7
12 6
13 3
16 6
1 4
15 2
0 5
21 4
1 6
17 5
9 0
18 2
5 3
9 3
20 3
7 6
11 3
13 2
20 4
13 0
14 5
5 7
7 3
12 0
7 4
21 3
11 6
6 5
3 7
4 7
2 4
14 6
8 3
12 5
16 0
19 4
1 3
8 3
23 5
19 1
17 7
23 5
20 3
4 3
8 6
22 1
10 7
22 6
0 5
15 4
10 0
3 7
14 1
9 4
21 2
9 5
18 0
17 1
1 4
5 0
4 1
16 2
5 4
2 2
20 3
4 6
13 7
2 7
3 0
16 4
5 3
11 6
17 6
13 7
18 5
13 5
0 6
4 7
2 2
1 5
9 5
20 1
2 2
2 7
5 5
10 3
1 4
14 0
23 1
12 5
1 2
14 5
2 1
14 3
23 4
16 4
17 6
10 1
14 7
21 6
19 4
15 0
1 3
0 6
18 3
23 0
20 4
15 4
20 2
3 3
23 0
9 3
23 2
17 0
11 0
6 0
14 2
8 4
2 4
1 1
21 0
13 2
18 3
12 1
5 7
9 5
18 0
20 3
18 0
13 3
23 6
21 2
9 3
15 3
3 4
13 2
10 4
9 0
19 7
8 5
23 1
10 7
3 5
20 6
15 1
16 2
1 4
17 2
23 6
21 1
10 1
14 6
9 5
7 5
16 2
6 7
11 1
6 0
15 1
21 2
17 5
9 1
20 0
7 3
9 4
14 5
20 2
12 4
21 4
6 1
2 4
2 1
6 3
10 0
0 5
4 4
0 4
23 4
6 3
16 2
7 5
15 0
14 1
5 0
16 0
0 1
1 4
5 6
13 3
10 7
2 1
9 6
1 4
15 7
15 5
21 1
8 4
1 0
15 5
12 5
1 2
17 3
8 6
18 5
8 3
9 2
21 5
5 3
18 3
13 1
15 7
9 1
14 1
22 2
17 5
8 6
19 1
1 6
10 6
14 6
17 1
20 2
14 4
15 7
16 7
15 3
1 2
0 3
15 2
21 2
20 3
11 5
16 7
5 4
14 3
19 3
9 6
14 3
20 4
14 0
16 5
12 0
8 2
19 4
9 4
5 6
23 6
15 3
12 1
18 0
21 4
8 4
0 6
13 0
0 6
8 1
16 2
3 2
13 5
4 0
16 7
2 5
7 1
5 5
12 3
18 5
17 5
1 7
7 5
13 1
5 3
13 5
19 0
2 5
12 2
4 7
1 0
6 3
19 6
1 1
22 1
9 7
20 3
14 2
9 1
9 4
20 4
1 2
20 1
22 6
15 0
21 1
17 3
16 4
18 1
16 0
15 3
7 4
6 2
6 4
10 0
18 0
23 2
17 0
0 4
4 5
13 0
16 2
15 4
1 0
14 7
17 7
9 6
9 4
20 4
6 7
6 5
17 3
21 1
4 3
4 4
18 0
11 5
14 2
1 7
7 4
21 6
15 3
14 4
11 6
9 4
12 1
1 4
10 5
3 5
21 6
20 1
17 7
15 0
10 3
2 6
23 6
17 5
6 1
23 2
13 5
3 7
13 7
16 5
10 1
3 7
1 3
22 6
16 3
19 5
4 6
9 5
3 7
10 5
3 3
0 1
23 5
7 2
16 4
4 4
17 1
3 2
0 2
3 2
9 5
10 2
21 1
8 4
13 0
18 2
13 7
12 6
6 4
1 4
2 2
23 0
12 3
12 4
7 1
10 6
15 3
13 2
20 3
9 4
13 1
15 2
2 1
18 1
3 5
18 7
15 0
3 4
2 3
20 6
6 7
9 0
10 4
8 2
18 1
8 4
22 2
3 0
15 1
4 2
18 3
23 1
20 3
18 2
11 1
15 3
4 0
3 1
14 6
22 6
8 6
18 7
7 1
21 2
6 2
17 2
15 3
2 6
6 2
5 5
20 2
6 1
6 0
9 2
4 3
4 7
22 6
4 7
11 5
7 3
15 2
23 6
11 3
15 6
22 5
0 6
6 7
1 2
17 3
19 2
23 6
8 3
9 0
4 7
5 4
15 5
0 6
12 4
1 5
3 6
9 3
13 5
8 1
5 7
7 3
15 2
4 5
18 1
5 4
10 0
8 1
7 6
21 1
16 1
5 4
19 1
0 6
21 4
11 6
23 4
2 3
8 5
5 0
6 5
2 7
9 5
15 7
16 0
11 5
16 1
15 1
10 2
15 3
15 5
23 3
21 7
1 2
13 7
15 7
5 2
1 3
6 3
10 6
23 2
7 7
20 1
14 3
22 7
21 2
23 7
0 3
10 4
7 4
23 1
22 4
19 6
14 0
20 4
20 2
22 5
21 1
7 0
21 5
2 1
17 1
18 7
14 7
19 3
13 5
6 5
20 3
0 5
3 4
3 5
15 2
14 0
14 1
4 7
21 1
8 2
10 0
19 7
22 0
12 1
11 5
5 4
17 0
5 7
5 0
13 1
17 5
0 2
12 2
6 4
18 7
23 4
4 6
13 6
6 6
14 6
18 5
16 7
21 6
15 7
20 2
21 6
4 7
11 5
8 5
12 6
2 5
20 5
13 4
7 0
3 6
0 1
23 2
3 5
11 4
13 1
1 1
10 2
10 2
8 1
4 3
6 1
9 2
8 1
21 7
20 6
5 0
2 6
10 5
23 6
1 7
8 1
11 2
7 6
19 1
22 2
22 0
8 4
2 3
15 6
23 7
9 2
2 1
20 7
16 3
9 1
3 6
16 7
18 4
18 2
16 1
2 6
1 0
18 3
1 2
1 5
11 7
4 0
9 3
18 7
6 7
