26 6 221
20 5
119 88 101 68 6 93 16 127 81 71 36 80 87 24 32 126 142 42 15 90 20 64 116 69 121 133 
59 98 44 104 123 35 2 7 144 94 13 4 61 97 29 23 52 137 107 26 131 79 19 53 17 113 
149 100 48 33 154 96 78 120 115 155 1 95 146 118 67 128 135 140 55 132 45 74 70 30 18 40 
82 129 150 27 14 130 108 151 76 50 124 125 57 75 38 5 37 3 73 39 60 22 91 34 51 83 
54 117 105 148 8 147 43 122 25 89 66 10 138 106 72 145 85 141 49 9 65 110 112 143 62 103 
99 139 47 84 11 86 0 63 58 41 92 46 136 21 77 31 114 12 134 111 102 153 152 109 28 56 
19 2
1 1
21 0
16 2
2 1
13 5
9 2
22 3
5 5
24 0
4 4
7 1
9 4
5 0
22 2
6 1
24 5
3 5
1 4
13 5
14 5
5 3
3 2
10 3
20 4
25 4
4 4
9 0
8 0
2 3
19 2
5 3
23 5
12 4
1 2
6 0
4 5
5 1
11 2
3 0
19 1
2 2
11 0
5 5
7 1
16 1
24 5
24 4
7 1
16 0
9 0
1 4
6 5
10 2
18 2
14 5
16 1
21 5
2 1
19 1
18 0
20 3
3 2
23 5
18 1
3 4
21 4
9 3
8 2
18 0
6 1
16 2
15 5
5 1
15 2
14 1
7 2
25 1
3 4
7 3
24 5
5 3
15 5
24 2
6 3
6 1
3 0
2 1
2 0
21 3
12 0
25 4
1 0
7 5
19 3
4 2
9 1
14 4
1 5
11 5
22 5
11 4
1 4
5 1
24 5
8 4
12 1
6 0
12 3
7 1
15 3
17 1
12 2
24 5
5 3
4 1
3 2
5 4
0 2
7 2
20 5
10 3
1 3
19 5
20 5
4 1
10 0
19 1
11 4
13 1
9 0
2 3
5 1
15 1
9 1
25 4
18 2
5 4
18 1
6 2
11 2
21 4
24 5
17 4
0 0
7 1
24 1
15 1
7 4
23 4
20 3
24 4
5 5
21 4
12 0
0 2
2 4
7 3
12 1
13 1
11 1
23 0
14 5
21 5
24 3
21 4
0 5
13 5
5 0
5 3
4 3
14 4
25 0
13 5
17 5
25 0
2 0
11 0
25 5
1 1
14 2
17 3
21 0
9 5
1 5
15 2
19 0
25 5
11 0
25 4
20 5
15 3
13 3
7 5
14 4
1 3
22 0
23 3
9 2
25 4
12 2
9 5
6 4
19 4
0 1
12 0
14 2
22 4
9 4
10 1
9 5
21 1
10 0
23 2
24 0
25 1
23 3
25 4
1 1
10 1
0 3
