41 10 2128
37 6
74 387 307 210 128 358 281 46 13 169 309 199 273 280 346 245 262 148 396 370 118 400 52 216 363 322 24 49 6 164 61 352 251 345 170 63 32 136 98 89 361 
140 239 327 247 276 391 204 390 286 198 263 359 330 271 369 180 36 234 134 117 88 26 90 397 190 166 337 377 43 45 29 75 403 2 137 177 218 42 258 260 347 
300 175 200 114 372 87 139 77 301 238 149 335 126 60 96 217 187 101 297 313 295 12 404 191 366 196 388 195 100 257 119 41 14 357 95 256 351 225 302 176 158 
33 30 356 222 69 268 308 192 138 124 125 264 289 19 394 37 315 248 319 127 99 246 350 230 110 131 201 344 306 171 8 25 168 94 254 183 277 408 303 78 392 
354 343 51 290 291 115 284 71 172 151 64 130 80 312 159 152 76 242 243 331 44 4 362 375 292 305 349 314 336 338 40 193 54 53 92 16 123 272 47 143 0 
226 376 132 348 326 48 321 385 161 133 407 220 107 27 173 181 28 35 334 389 206 11 244 279 296 215 135 233 214 17 255 405 20 86 154 240 311 274 9 221 318 
129 288 235 109 23 73 18 294 395 211 65 378 91 270 1 231 227 401 223 106 59 162 323 156 188 283 205 328 249 15 252 184 68 185 320 163 142 374 341 360 275 
202 34 409 5 380 293 219 237 111 104 213 332 157 259 122 250 266 299 22 224 379 381 228 316 167 10 402 39 160 197 108 66 62 84 333 285 399 298 365 72 241 
121 282 155 82 340 102 269 189 150 253 265 146 85 120 55 103 393 304 147 367 325 182 194 382 398 229 83 112 373 105 371 310 50 81 116 386 70 232 353 165 212 
236 261 317 57 364 113 287 67 79 355 329 97 278 208 186 31 21 93 324 153 203 3 179 38 383 141 384 178 209 207 267 342 406 58 145 144 56 339 7 368 174 
38 6
16 0
38 8
34 0
27 5
34 5
5 6
33 9
0 3
7 0
31 9
3 9
5 4
2 7
19 8
38 1
9 8
23 9
28 9
9 9
33 7
40 8
40 5
31 3
34 1
23 8
11 8
35 2
6 4
13 6
23 5
1 1
17 5
32 8
23 4
33 9
8 0
2 8
25 4
35 3
17 0
11 2
19 0
36 1
2 8
5 5
5 6
18 7
22 7
16 6
19 5
10 7
16 7
3 0
33 9
18 8
5 6
3 8
8 3
37 4
24 8
10 9
10 3
39 1
8 3
19 9
33 1
13 2
20 0
3 3
8 2
3 7
12 5
39 3
6 1
7 9
38 7
17 2
14 5
24 7
23 4
0 8
17 9
25 1
29 9
25 5
7 8
40 6
36 3
6 3
31 8
17 7
6 4
17 5
12 4
10 9
33 6
36 6
25 4
8 3
2 7
24 2
12 8
1 5
1 7
5 5
9 7
14 1
24 6
16 4
32 4
19 3
22 9
3 0
2 7
16 5
11 7
19 9
6 7
27 6
28 9
34 8
32 9
11 8
24 7
20 4
37 6
29 7
0 3
2 2
14 3
23 8
11 3
39 2
32 7
28 5
30 7
9 3
34 4
1 9
29 0
6 5
38 1
9 0
21 1
13 0
20 5
32 8
33 0
40 4
3 8
21 5
32 2
10 7
8 0
3 2
31 6
28 2
23 6
27 2
30 7
0 4
10 0
1 5
40 4
19 9
35 2
7 1
8 9
11 0
19 7
23 4
8 3
7 8
39 0
39 5
32 7
33 1
2 1
4 4
10 4
36 2
39 7
18 4
20 5
39 0
30 7
38 0
2 7
8 2
19 0
0 6
36 0
36 8
34 9
6 7
30 4
35 6
3 7
32 2
0 7
17 5
14 9
2 8
23 9
8 4
8 0
33 1
3 9
22 5
37 8
13 4
35 1
21 3
38 5
10 6
14 0
28 7
40 0
40 6
35 0
9 1
18 6
11 2
20 1
9 7
2 9
10 4
8 1
2 2
10 0
11 4
9 6
6 0
10 3
33 5
9 2
35 9
29 8
36 9
37 0
6 4
24 9
28 3
4 4
19 5
4 4
11 6
9 7
27 0
20 5
25 9
19 1
20 8
10 2
29 7
15 7
21 9
28 2
20 9
19 2
1 4
15 5
21 5
39 4
31 8
31 2
26 9
11 9
34 2
39 1
21 0
5 9
34 6
28 1
6 5
7 9
12 9
25 1
27 2
22 3
5 0
13 2
11 3
36 2
8 9
38 6
2 3
16 9
30 8
28 0
24 1
14 1
18 9
25 7
0 9
8 9
39 4
31 1
1 2
4 4
25 1
26 9
40 3
6 0
37 8
13 3
19 6
34 6
34 1
31 4
3 9
37 7
20 7
40 0
28 2
5 6
40 6
33 7
31 3
40 9
6 2
25 1
27 5
19 9
15 9
34 5
8 1
8 9
2 4
19 4
38 4
27 3
22 6
22 3
40 7
39 6
0 4
10 0
34 6
32 8
31 9
8 2
9 4
12 0
4 8
27 4
37 2
32 7
22 8
36 5
20 8
4 7
37 6
3 6
33 4
35 9
23 6
40 8
37 1
14 4
20 1
14 0
11 5
6 8
38 5
14 5
33 7
25 3
25 2
7 2
25 4
2 7
0 5
7 8
36 5
40 0
31 5
22 6
0 7
27 7
18 5
2 9
22 2
1 0
30 0
28 4
16 5
27 3
13 7
18 1
26 1
35 6
1 4
20 3
21 8
27 4
21 3
17 2
15 7
34 8
36 1
1 0
38 5
29 9
32 5
22 1
2 9
8 4
8 4
9 9
13 7
16 8
20 3
4 7
32 4
31 8
35 3
12 9
3 2
15 5
15 8
28 1
21 3
21 5
34 8
2 5
2 9
27 2
22 6
36 5
35 8
20 8
25 5
1 3
3 2
31 2
38 6
16 2
21 0
14 1
8 7
35 5
22 4
4 6
37 0
0 2
16 4
6 1
36 6
23 5
27 1
17 6
1 3
32 0
35 4
4 4
24 3
36 4
5 6
3 2
11 2
0 9
8 9
27 9
5 7
34 3
12 7
5 1
19 0
40 4
21 9
11 3
28 0
13 1
29 2
32 0
22 9
9 5
19 6
4 4
5 5
19 9
6 0
33 0
7 5
6 2
1 9
29 7
8 3
17 6
26 7
19 9
37 1
2 7
16 2
29 4
40 7
9 3
32 9
40 4
18 4
39 6
1 0
29 1
37 6
3 8
7 9
0 1
19 2
35 3
16 2
23 6
34 7
15 2
5 7
4 6
39 3
30 2
27 5
36 0
39 8
19 0
35 0
26 3
30 1
25 2
11 7
39 5
3 5
8 0
10 4
4 3
33 4
27 5
16 1
17 6
17 9
14 5
16 2
26 9
20 2
28 6
4 4
32 6
28 8
7 3
28 1
19 7
35 7
5 4
3 2
32 7
21 4
40 5
28 2
39 0
36 3
21 6
21 7
17 9
8 8
17 3
2 2
33 5
30 1
40 4
15 0
17 9
16 3
11 1
8 0
33 9
26 9
11 1
7 6
6 5
37 0
6 3
33 2
3 2
4 8
1 7
36 6
6 5
27 4
37 3
1 7
32 0
5 7
21 4
25 8
37 8
24 8
39 3
3 3
30 6
10 6
27 4
22 3
32 4
7 4
14 1
10 2
37 4
15 2
0 8
36 4
13 4
37 8
32 8
6 6
3 5
32 3
17 8
34 3
5 8
14 2
11 9
37 3
9 3
37 8
35 3
31 9
0 9
19 7
2 9
1 6
8 6
19 9
34 2
23 2
37 4
12 4
35 9
28 3
40 4
32 6
10 1
33 5
16 4
29 5
7 0
16 6
19 7
30 7
27 5
15 2
30 8
21 8
21 7
20 7
37 8
34 8
34 3
17 0
23 5
30 2
27 7
7 8
36 0
12 0
5 9
12 1
35 5
11 1
30 2
32 7
2 7
21 1
34 6
8 4
39 3
3 0
21 6
7 0
1 2
18 0
0 1
7 5
14 3
40 9
3 0
28 3
30 3
1 7
20 4
19 0
28 4
17 6
25 9
35 3
34 3
7 9
34 9
30 4
11 9
15 2
6 1
6 1
11 1
16 3
34 5
3 6
19 1
8 4
9 1
16 6
21 3
34 5
18 5
39 2
24 4
14 4
0 1
38 4
5 7
6 7
4 3
19 7
20 0
33 6
37 3
9 6
11 3
7 6
20 4
29 9
13 7
33 2
13 1
38 3
19 1
39 5
34 5
16 2
7 7
3 8
6 5
22 0
24 1
15 3
17 7
8 8
37 9
40 8
0 5
15 4
28 5
16 2
12 6
17 6
19 9
32 6
19 5
35 9
24 5
22 4
27 6
24 7
21 2
25 3
17 6
22 1
37 2
3 0
16 2
24 1
3 7
17 7
14 5
28 5
3 6
11 7
39 8
20 3
23 1
36 8
21 2
32 5
26 8
1 4
27 9
14 2
5 2
2 3
39 7
28 8
9 8
37 4
2 0
15 3
33 3
3 1
10 5
5 4
9 8
30 7
16 6
16 0
39 6
5 1
31 1
38 8
2 3
1 8
9 0
24 2
31 5
7 9
9 4
22 4
17 9
22 3
6 5
27 3
2 2
32 6
30 6
39 2
35 2
0 9
17 2
23 6
8 3
38 4
8 8
2 9
27 3
16 6
3 2
37 8
27 5
8 1
17 9
27 7
37 0
16 5
23 4
11 0
31 1
3 0
24 6
19 8
27 6
10 4
7 7
13 1
5 6
10 2
38 3
29 3
17 0
8 3
31 6
17 3
13 7
32 8
33 0
27 2
33 9
16 3
37 8
10 7
25 9
27 8
21 0
29 0
18 1
25 8
9 9
37 4
10 8
31 6
20 0
10 4
2 7
35 2
36 4
12 0
32 4
8 3
4 5
11 8
36 1
26 3
33 9
32 1
25 6
5 7
24 6
23 0
29 5
12 2
2 3
23 9
24 5
8 9
26 1
21 6
21 4
35 7
14 6
37 1
16 4
39 3
26 3
12 3
11 5
39 4
14 2
31 1
39 2
4 3
33 1
38 3
17 0
30 5
24 3
37 4
20 7
21 7
30 6
16 0
40 9
39 1
6 2
12 4
25 2
22 8
2 1
12 7
30 8
40 2
11 8
1 3
24 2
22 2
39 4
24 6
20 4
34 6
35 3
37 4
0 1
40 1
29 6
39 4
34 8
28 8
31 7
33 3
23 1
9 0
29 5
4 5
40 6
0 4
13 3
6 2
8 0
25 1
7 4
21 5
33 2
20 4
4 1
25 4
11 9
12 3
27 5
33 5
17 6
2 2
34 4
27 3
5 7
8 7
29 8
3 0
3 3
15 3
27 5
37 1
32 4
10 0
1 6
13 0
19 8
25 5
21 9
12 1
17 0
33 9
5 2
38 4
4 3
18 6
21 5
11 6
37 2
38 0
24 5
36 5
21 2
3 3
13 2
35 7
12 7
3 1
20 8
27 4
18 8
31 8
4 9
13 2
34 7
6 6
40 7
26 0
31 2
11 6
33 0
2 1
29 8
29 2
25 1
6 8
21 9
2 9
9 0
17 4
2 0
9 1
29 3
29 1
33 4
26 3
16 9
11 7
0 2
19 0
1 6
37 8
18 2
19 3
28 1
37 1
6 2
34 3
13 3
30 9
36 8
15 5
35 6
19 8
25 6
34 6
31 8
19 3
17 5
20 3
13 3
34 6
31 2
39 4
15 5
28 4
34 9
9 0
40 5
26 7
16 2
33 9
16 1
32 5
4 2
22 5
25 4
1 7
33 7
24 2
13 4
6 0
6 5
12 0
13 9
0 0
16 5
16 7
22 8
13 3
17 5
15 1
16 8
12 2
1 7
12 1
27 2
13 2
35 3
33 7
12 5
8 4
11 3
19 2
0 2
24 5
29 5
4 0
8 7
7 4
0 8
13 8
12 4
26 7
0 0
4 7
25 1
15 4
0 4
3 0
39 7
25 5
24 4
0 6
24 5
2 1
25 5
32 1
11 0
1 0
38 2
10 1
32 9
1 3
14 5
33 4
19 0
38 5
23 0
38 2
6 2
4 7
32 1
14 9
5 2
34 7
30 9
20 9
25 9
37 0
18 2
0 3
15 0
11 4
37 7
34 8
6 2
6 1
32 5
13 6
26 6
30 2
11 6
0 6
30 5
26 9
22 6
4 6
17 7
1 7
8 4
17 8
3 1
18 2
12 5
32 2
9 3
29 6
2 5
35 7
37 8
11 7
24 9
26 7
17 9
25 8
38 6
20 8
19 5
5 0
34 8
28 0
33 6
6 3
6 9
20 2
21 8
20 9
24 5
8 0
12 5
2 8
11 3
29 8
9 4
14 9
38 5
29 7
6 3
18 7
13 2
37 0
31 9
6 2
32 0
3 8
21 8
2 9
31 5
14 6
13 6
21 2
1 3
20 5
31 3
8 7
16 9
31 0
25 5
11 5
9 9
2 6
33 3
4 6
31 0
22 7
9 9
37 9
19 3
1 7
26 5
31 3
17 7
35 4
10 9
37 2
3 9
16 3
10 9
22 5
16 1
20 1
25 7
19 9
8 8
19 4
32 1
28 9
35 3
30 2
22 3
30 8
26 4
38 4
16 2
22 5
36 2
8 0
26 3
39 4
21 9
33 1
32 7
20 1
22 4
6 2
19 4
38 9
15 8
6 6
29 1
26 3
24 4
18 1
39 0
23 7
2 8
21 1
17 7
23 3
35 6
3 1
32 0
1 4
11 8
3 3
10 6
9 3
22 4
17 8
7 1
27 3
18 8
12 7
34 9
14 8
17 5
2 5
0 9
13 2
25 1
38 4
9 3
17 5
35 8
32 6
14 1
40 0
2 0
15 1
7 4
25 8
7 4
10 3
16 5
19 8
25 6
40 1
39 6
38 3
5 3
30 6
22 0
22 0
26 1
40 0
29 5
22 7
25 5
26 0
22 3
30 1
24 1
33 4
31 6
1 0
28 1
29 2
4 7
5 6
24 5
16 9
7 2
39 5
29 1
13 2
36 8
10 7
20 8
19 9
39 0
2 5
6 1
31 1
34 4
7 9
19 9
25 4
20 0
12 5
36 0
22 6
7 1
38 9
24 0
14 5
24 7
9 6
12 1
15 0
15 3
36 9
39 1
6 1
27 0
7 3
33 7
37 5
16 5
29 6
22 1
27 1
36 4
13 7
30 0
5 7
22 3
19 8
32 7
31 0
23 3
31 5
29 7
22 6
35 2
39 7
35 7
17 6
5 4
23 1
4 4
11 1
4 7
22 1
21 3
0 1
13 4
13 5
20 5
22 7
32 7
13 9
35 6
13 0
31 4
35 5
18 0
0 4
22 9
19 1
24 7
19 0
23 3
31 2
11 8
14 8
26 5
33 5
14 2
6 9
25 1
39 0
40 1
25 6
8 3
8 4
28 9
0 6
38 3
8 3
17 6
25 0
31 9
23 7
25 8
14 1
37 1
31 7
11 0
13 0
26 3
21 2
10 7
37 5
14 5
4 9
37 3
34 4
1 4
12 1
16 5
18 0
6 7
24 1
14 5
38 3
5 2
26 9
17 1
6 7
17 2
20 5
8 7
31 6
6 7
37 4
10 8
27 8
22 9
10 0
3 1
26 8
14 1
40 5
4 6
16 1
39 8
33 3
5 2
34 0
2 0
17 6
33 0
2 3
5 6
28 1
16 1
6 6
34 0
29 8
1 4
27 5
38 1
38 4
30 9
10 0
7 7
34 8
31 2
1 7
23 3
10 7
26 1
20 0
34 7
15 2
19 7
39 0
32 6
36 9
27 4
27 1
2 0
20 8
29 5
19 5
35 8
12 4
18 7
10 0
19 2
31 4
21 7
33 5
7 6
14 0
8 7
8 1
39 3
5 8
32 6
36 7
5 9
12 9
3 1
28 2
5 2
3 2
4 0
23 7
24 8
10 0
24 4
5 0
14 9
32 0
12 3
26 0
25 4
16 7
5 7
20 2
36 5
15 8
16 5
3 7
13 5
33 6
36 6
13 1
3 9
0 4
2 8
24 4
40 4
5 6
37 6
31 9
6 2
2 0
37 4
2 4
25 2
0 4
22 0
12 1
39 4
18 4
33 4
7 5
22 3
38 1
13 9
4 9
28 3
4 1
9 4
22 8
2 5
4 3
17 8
2 0
11 7
28 3
39 3
29 2
14 3
25 9
26 9
4 5
8 3
35 3
8 3
21 5
37 9
7 4
30 0
19 6
10 1
2 7
27 9
11 5
12 7
11 2
16 6
40 0
9 3
32 4
1 0
26 5
9 4
37 7
34 1
27 4
3 0
35 6
0 7
16 7
7 1
14 5
2 4
2 0
23 5
1 3
34 9
9 4
3 2
6 2
9 2
40 9
8 0
25 0
5 4
14 7
34 5
35 7
33 3
37 3
13 8
9 0
16 2
27 5
13 4
0 6
6 3
29 2
22 6
38 0
1 6
24 1
15 3
11 3
5 2
11 9
4 5
15 9
33 4
27 2
7 1
10 2
2 4
6 5
27 3
24 9
21 8
34 6
28 4
32 7
39 1
0 9
39 5
36 6
21 8
10 1
36 9
15 4
18 8
24 6
18 0
0 7
18 6
0 3
31 5
12 8
6 6
25 2
18 5
34 7
9 0
15 1
11 0
38 3
19 6
1 7
14 2
36 0
0 0
15 9
29 6
1 8
38 8
26 4
40 0
6 2
32 0
30 7
34 8
40 6
30 6
40 2
3 7
6 2
0 7
19 0
29 7
40 5
25 8
40 5
20 9
2 2
1 4
27 1
22 8
40 2
28 6
4 2
30 0
21 7
32 9
15 7
31 9
27 5
7 4
21 9
31 5
1 4
27 6
39 2
35 1
40 5
26 6
40 4
27 3
28 8
40 9
17 8
1 8
35 6
36 6
20 6
40 2
8 0
39 5
27 7
3 2
34 4
34 8
23 8
33 1
33 7
4 9
2 7
4 4
40 2
20 0
7 6
2 2
20 6
11 1
35 2
28 0
0 9
24 2
11 2
11 4
40 1
17 1
3 9
13 6
20 1
11 4
22 2
33 8
32 8
13 0
38 6
39 8
26 7
16 8
24 6
33 5
40 1
39 3
3 5
39 3
17 4
1 0
37 8
28 6
5 3
1 9
29 4
13 1
30 6
11 8
29 5
34 1
20 6
19 2
11 9
7 5
13 2
7 1
8 2
6 6
25 0
36 4
13 8
16 9
8 7
13 5
39 2
23 6
9 7
6 6
35 7
7 0
2 7
0 0
32 6
0 2
26 3
22 4
25 4
4 8
37 0
24 2
37 6
35 1
12 9
14 1
10 1
35 1
12 6
3 4
11 0
14 5
7 1
8 1
5 8
1 4
20 0
0 4
34 2
39 6
16 1
1 0
36 1
17 7
7 0
19 2
16 9
32 6
25 2
28 9
36 9
9 1
17 3
20 6
28 4
21 5
22 1
30 4
6 5
9 8
30 8
3 3
23 1
26 7
15 5
27 6
36 9
7 5
2 9
16 7
23 4
39 8
19 4
27 6
11 5
2 8
4 3
12 6
28 8
11 8
10 0
21 9
4 7
14 2
7 4
30 7
30 0
31 7
26 6
36 7
23 7
25 8
25 6
4 9
40 6
5 4
36 5
0 2
23 0
10 3
21 5
27 4
30 9
18 5
22 5
6 8
2 2
34 2
22 4
8 4
2 8
7 5
17 5
36 6
20 9
36 7
12 9
14 0
33 3
31 8
19 9
24 6
38 9
2 1
6 1
18 9
4 6
38 7
27 3
9 0
31 6
12 8
7 2
25 3
11 4
16 1
18 5
24 4
33 7
4 7
37 4
7 6
35 8
24 8
36 8
28 0
17 5
29 2
1 5
13 8
28 2
2 9
30 4
6 6
5 7
31 7
21 7
36 9
36 9
9 1
15 9
32 6
29 1
25 0
16 6
21 3
19 8
19 1
35 4
17 9
14 5
34 0
35 6
10 7
11 1
39 8
13 8
1 8
23 3
16 8
40 3
16 8
38 5
15 2
33 0
5 4
11 8
26 5
34 4
36 4
2 5
15 7
29 1
30 5
34 7
26 7
30 6
12 1
8 4
22 5
0 4
38 6
14 0
28 6
34 9
21 4
17 0
39 4
5 2
20 7
30 0
2 9
1 9
0 9
30 1
24 1
17 9
37 9
10 4
1 0
34 4
27 4
18 5
30 8
23 3
33 5
10 5
33 2
1 3
6 0
12 0
5 1
29 5
8 6
10 5
21 1
9 7
8 4
35 5
6 2
15 4
36 8
39 5
28 3
4 5
16 1
27 8
12 0
9 8
35 4
8 6
30 9
29 9
12 3
35 2
11 0
4 3
27 7
29 2
27 5
28 3
3 6
22 8
5 2
18 4
15 8
4 5
15 6
11 7
39 5
27 8
5 2
19 9
30 2
1 0
3 5
5 7
23 8
2 6
8 1
12 9
