28 49 97
27 6
1056 1263 1104 401 7 992 579 1192 491 1233 370 1296 479 836 644 1292 223 476 909 1240 1188 299 932 869 348 1121 504 1200 
946 361 759 367 774 806 1319 1317 1242 423 470 441 1194 199 1305 854 786 407 193 991 1132 17 1166 473 294 751 465 252 
121 621 1032 487 852 625 548 917 682 311 14 383 1278 22 516 943 70 915 1109 693 829 840 241 57 1113 517 408 1346 
1033 983 1309 564 1225 1371 106 331 1047 1280 1330 810 79 134 477 501 785 1351 699 1043 618 169 1158 716 753 611 1115 525 
841 1011 659 1090 472 125 362 1020 1005 1211 653 1149 698 37 503 949 256 488 1065 447 333 188 1024 23 190 892 818 866 
667 1136 508 318 304 1331 1050 478 778 825 1185 822 981 1157 13 83 389 1272 589 1323 467 357 1017 951 325 520 97 914 
775 1368 226 324 66 1130 942 434 1110 1290 702 566 850 1021 808 48 594 455 1079 1142 46 857 1201 904 133 580 145 1068 
296 1231 907 792 1253 400 530 346 301 1015 388 220 1302 739 4 588 60 1250 821 1274 543 1349 1040 246 206 436 41 762 
321 1148 993 558 1217 1204 165 243 950 132 709 102 784 1210 1176 835 859 893 194 633 752 1318 1155 600 1054 1151 189 1086 
606 920 422 791 980 532 1069 283 989 1226 1199 38 100 384 117 289 1350 724 1084 754 581 827 1150 839 1205 954 94 1140 
799 899 1214 905 1093 1026 719 765 665 657 1338 1313 1002 779 198 975 1191 419 1156 747 1298 515 669 535 1126 556 973 339 
1355 568 1139 394 725 461 1325 248 1010 0 1161 142 59 506 668 234 1098 955 1001 1334 527 780 845 334 63 746 1128 264 
1073 733 802 444 1206 809 107 18 440 58 944 1095 374 586 475 1224 1283 92 109 813 424 1099 103 428 49 156 113 196 
729 723 934 271 978 1348 574 1363 528 1152 796 403 514 499 1117 203 886 538 1175 549 24 663 736 953 947 395 631 761 
708 1049 711 146 210 1080 76 873 377 1347 1007 704 1091 368 174 680 396 1014 797 1340 1336 216 186 463 717 305 865 1044 
744 1269 340 1266 977 1023 225 894 999 87 381 603 15 547 542 971 1320 811 531 976 577 770 288 1167 636 545 286 1169 
718 1168 451 1034 364 405 73 420 200 1279 741 1108 1162 167 497 111 1027 458 1052 232 95 1187 345 71 116 1310 306 143 
280 1219 10 317 61 1143 69 309 576 224 632 1018 1083 47 54 27 913 640 205 300 1186 1343 777 613 1247 956 425 157 
279 622 99 180 6 344 817 1366 990 464 1159 197 567 620 868 314 452 25 129 856 1245 417 726 1369 855 671 448 449 
749 1361 1177 110 750 906 602 139 179 433 123 272 262 766 505 56 740 925 870 1301 728 1307 661 610 812 969 1281 684 
565 502 948 843 183 484 12 757 689 214 1220 460 353 1284 1059 1327 1306 596 996 1081 1036 555 826 629 1261 1275 359 74 
138 1041 141 170 1057 705 896 1074 454 1070 489 245 326 284 655 184 569 605 1248 34 1173 1216 1262 390 748 1008 900 972 
703 578 783 462 382 523 291 421 715 876 1193 152 68 431 1019 772 587 1203 571 962 673 838 1144 984 643 1022 404 575 
1100 1039 583 176 1308 619 1227 148 928 1101 493 771 258 89 902 1293 598 967 1105 646 195 249 940 1256 664 874 36 418 
1303 998 945 275 814 1112 356 937 276 758 1333 604 760 1254 793 209 572 929 1055 933 773 1367 846 645 1028 1315 1180 236 
795 805 1238 1370 1264 227 86 627 43 313 1228 1221 274 1111 415 414 551 338 745 1114 67 1282 849 386 124 263 964 910 
563 1116 1089 823 1037 743 323 19 1316 1328 832 1354 521 1092 1222 293 769 459 628 1145 734 985 1258 35 239 676 1286 554 
1184 32 883 251 244 1300 385 898 93 282 650 429 820 1276 1255 80 260 593 1064 1003 787 297 343 1341 437 1135 182 957 
1357 1062 1120 1342 410 218 160 366 307 1244 375 1223 648 1071 666 365 614 281 40 1042 128 1048 1353 322 833 713 513 150 
714 181 84 1183 287 316 540 591 118 16 114 788 1260 55 1252 172 1285 1082 1344 1335 1058 570 552 480 360 1106 247 1236 
1326 1165 609 2 380 767 585 222 1102 626 221 828 178 1119 115 1234 1035 641 1294 691 1006 1287 387 62 617 153 435 660 
187 1118 1060 72 647 261 233 607 1141 794 529 1314 654 498 960 670 409 912 39 692 1202 895 1209 1195 562 101 1332 372 
885 537 738 851 546 890 519 512 131 1362 453 1365 911 941 481 858 789 149 336 952 634 1249 755 687 936 151 742 1096 
140 642 804 219 310 204 524 1181 844 995 312 1352 426 597 816 1138 722 875 42 82 1322 1212 347 363 1304 679 177 164 
446 1016 1291 871 144 5 159 927 485 31 1061 720 842 801 968 211 877 830 471 807 997 1160 707 265 1163 672 413 1198 
675 1122 544 397 1241 255 539 1299 931 706 1345 171 891 8 1312 217 98 756 730 901 630 732 1154 1277 457 337 120 651 
45 872 1137 351 1013 9 327 212 798 961 341 466 776 879 1045 1356 302 303 1218 1170 266 509 65 1124 923 649 688 21 
781 518 1273 533 342 727 824 819 1189 64 1127 257 208 1337 254 270 231 450 963 815 371 681 259 878 1267 112 399 1197 
213 982 1364 163 638 376 1129 354 573 918 623 1146 1147 402 599 442 369 897 848 710 1078 295 834 656 1289 235 230 1243 
1030 1174 238 105 1259 482 1229 201 837 1171 1196 77 658 355 1271 662 126 536 939 831 496 298 695 91 154 1046 430 161 
438 639 737 492 888 1164 696 393 166 1153 373 494 273 970 782 96 78 427 847 398 104 268 1295 926 880 1324 697 406 
553 237 690 768 379 683 903 490 1311 862 349 90 1107 958 986 1339 721 378 290 864 329 1288 881 88 800 882 350 285 
938 1190 486 122 1051 228 1246 803 541 1087 908 495 1179 1067 1133 229 1053 75 1066 358 175 51 921 136 391 988 456 253 
1213 29 860 959 1076 686 1097 1077 764 1237 500 994 292 685 1038 534 53 557 790 678 1094 52 1321 674 202 1358 147 1270 
595 1172 207 1004 242 44 867 20 1031 559 267 616 28 191 81 1009 582 445 1103 507 1257 315 1235 612 526 1230 319 412 
1251 332 590 328 443 192 432 924 1360 592 158 979 173 1088 277 185 11 701 1297 250 26 474 965 1131 916 510 919 1 
108 511 1134 1025 1359 1029 127 637 469 694 966 33 935 352 1207 1178 30 624 584 1239 1208 1182 1265 215 1125 155 712 1232 
700 561 85 468 1085 308 130 930 1268 853 483 987 1215 608 269 1123 1000 652 162 240 884 335 137 863 320 522 550 889 
615 119 50 731 330 677 887 1072 135 278 392 635 1329 560 168 974 1075 416 411 861 601 3 439 1012 735 1063 763 922 
3 13
21 28
23 12
13 21
20 5
4 27
4 7
15 5
6 36
9 9
16 46
4 14
9 16
10 13
1 10
23 27
21 9
5 9
19 9
26 46
20 11
11 45
21 4
14 12
16 43
20 31
0 3
2 37
15 23
15 45
20 42
2 25
15 40
10 4
12 3
17 14
10 0
24 2
17 24
14 0
12 41
19 0
3 39
24 18
11 24
0 30
12 31
25 30
10 26
11 4
11 11
18 34
13 36
21 35
21 43
25 27
15 43
23 33
22 32
27 4
23 40
27 18
23 37
24 31
20 40
27 7
12 8
11 29
18 5
25 17
12 6
5 40
17 34
3 5
21 11
11 18
27 0
21 19
6 16
14 43
0 12
9 5
13 28
13 14
19 17
17 6
19 36
19 42
11 20
14 28
19 20
19 13
20 9
24 8
24 36
26 6
7 21
