34 7 274
13 4
172 112 78 77 63 4 94 85 164 58 20 76 140 66 125 153 91 175 119 70 116 199 109 96 179 237 42 189 132 93 13 26 6 22 
214 47 143 43 202 28 10 157 104 35 105 128 185 206 156 174 130 111 108 127 34 141 100 151 81 23 50 213 102 95 83 51 75 134 
201 159 19 207 155 25 222 41 84 162 99 204 123 212 62 87 56 67 211 121 129 139 44 57 120 142 215 11 89 80 36 173 176 230 
226 98 194 181 124 183 169 40 232 234 193 135 118 115 178 229 7 88 17 126 59 8 192 30 14 154 113 200 225 65 32 188 103 182 
148 165 217 71 24 133 114 46 3 167 110 131 208 60 21 190 117 38 33 52 9 205 203 168 219 209 177 196 161 166 220 68 97 144 
64 145 184 0 146 160 210 48 107 45 49 5 228 235 224 216 122 69 223 186 37 15 55 16 72 92 86 90 195 158 2 187 74 73 
198 79 170 149 233 231 163 138 171 18 147 218 106 29 236 39 31 61 197 82 12 101 191 136 137 227 54 180 27 152 53 221 150 1 
9 1
10 2
3 5
27 1
31 3
9 6
20 5
9 3
13 3
14 2
12 4
14 3
0 1
5 5
18 2
15 2
13 2
0 0
4 1
16 3
23 3
30 2
16 0
15 4
7 5
9 3
26 4
22 0
15 4
4 2
33 5
6 1
20 6
20 5
27 1
1 0
8 0
14 3
2 3
13 1
31 4
23 6
9 6
8 3
11 6
25 1
10 6
12 6
14 6
26 3
21 3
23 3
4 1
8 6
31 4
3 2
19 5
2 6
19 0
24 3
19 6
30 1
9 0
6 2
33 4
13 5
21 1
6 6
12 6
14 1
21 0
9 5
21 6
1 3
32 0
7 5
27 4
22 3
21 0
23 2
16 4
0 2
25 5
16 6
11 5
0 0
19 6
26 5
17 4
26 4
16 2
7 1
7 6
30 3
3 0
14 0
23 4
3 3
30 5
29 6
8 3
0 3
13 5
21 1
5 3
11 2
12 6
4 4
17 4
24 0
30 6
20 0
4 1
22 6
24 5
8 0
0 1
12 4
32 0
11 3
8 5
12 0
33 6
24 4
20 0
28 1
7 0
15 0
31 2
7 5
22 6
24 0
16 6
15 5
30 0
5 6
24 0
18 2
27 4
30 1
30 1
18 3
11 3
14 3
5 0
20 3
5 0
23 4
32 3
28 3
13 3
16 5
32 2
21 0
6 5
26 5
5 1
29 2
26 5
22 5
33 2
29 1
7 6
10 0
29 2
23 5
11 5
9 1
29 4
25 4
12 1
17 0
33 6
15 0
1 1
2 5
22 0
27 3
10 0
12 2
0 2
5 3
24 0
19 0
6 0
5 1
18 3
31 6
31 6
13 5
4 0
13 0
26 6
16 3
2 4
25 5
30 5
12 1
32 6
22 5
14 1
11 5
22 4
19 4
10 0
23 5
18 5
6 0
30 3
21 6
16 6
5 1
22 1
31 0
31 2
21 0
11 6
2 1
26 2
33 2
28 1
21 5
7 1
18 3
32 6
29 6
30 1
9 4
28 2
9 1
19 5
4 0
32 5
7 0
29 1
30 3
25 3
1 5
32 6
16 3
8 4
32 3
3 5
15 2
7 1
17 3
24 3
22 4
5 3
9 1
24 0
28 4
26 4
0 3
8 2
28 2
33 4
20 1
16 5
28 0
25 1
24 6
15 4
14 6
4 5
29 0
31 1
33 3
17 5
13 1
30 5
9 3
16 1
11 1
