14 28 969
7 11
78 375 148 292 378 187 275 345 140 74 47 206 36 271 
295 77 250 249 270 2 95 339 184 107 175 85 309 102 
20 120 340 51 300 91 118 60 281 304 86 233 354 198 
365 229 335 262 223 103 121 97 149 228 301 37 76 173 
325 370 128 161 123 177 341 205 181 259 336 98 196 353 
130 327 188 131 4 322 285 296 19 151 362 360 152 159 
276 40 333 138 221 351 379 324 0 214 156 45 34 297 
94 111 326 75 8 1 203 289 96 282 115 61 273 134 
344 124 359 70 356 293 213 48 212 24 230 190 391 83 
234 244 348 346 306 25 81 330 248 202 312 42 11 224 
79 380 254 286 332 364 26 116 343 252 381 310 141 342 
150 388 222 268 158 68 319 194 38 241 142 358 55 337 
256 357 287 166 363 372 377 178 278 9 318 12 226 136 
179 174 251 109 18 122 284 164 28 209 371 189 373 350 
59 92 315 235 46 29 88 320 35 201 139 160 349 170 
105 90 288 5 257 260 54 238 163 33 101 264 308 197 
58 106 52 382 237 144 183 84 162 232 195 210 243 269 
22 31 383 108 389 154 280 215 71 316 119 218 219 132 
73 176 43 113 261 41 82 220 227 267 199 352 302 208 
147 127 69 172 328 274 291 23 347 72 242 100 266 361 
27 66 87 63 7 240 64 368 331 62 165 133 10 182 
334 386 17 167 216 321 143 211 110 53 387 246 247 193 
307 186 313 390 192 245 126 323 191 129 6 204 168 200 
367 146 153 290 145 283 21 114 57 13 311 135 180 317 
374 255 93 30 56 298 384 14 169 157 258 104 80 89 
277 185 3 272 294 67 314 50 369 99 171 338 155 117 
16 137 225 305 265 385 303 279 231 112 217 32 263 376 
15 125 329 355 65 253 239 49 207 44 39 366 236 299 
2 19
12 14
5 5
1 23
8 20
8 5
2 25
4 18
10 14
5 27
10 12
13 8
0 20
3 10
3 17
0 21
10 6
13 19
5 25
10 3
4 26
7 24
7 2
2 20
6 23
6 12
2 23
12 9
13 4
5 17
8 18
8 21
8 22
13 18
1 22
0 21
10 27
10 21
2 26
4 27
11 21
10 18
9 7
8 22
9 1
11 27
9 24
10 3
2 26
4 3
4 11
9 27
6 11
12 19
6 25
1 1
12 7
10 9
8 10
10 18
6 5
12 5
10 5
0 14
6 17
11 27
6 20
13 14
5 4
12 14
4 2
2 19
13 3
10 24
9 15
0 22
6 12
2 7
8 26
3 20
13 6
13 20
3 1
6 20
13 20
9 14
0 25
10 8
5 17
11 7
7 20
9 26
6 24
11 8
3 18
0 17
7 7
2 23
3 5
0 19
1 19
1 11
9 25
6 13
11 20
11 20
5 2
7 23
9 7
12 12
11 2
4 8
8 27
6 13
7 16
2 7
11 13
13 22
9 17
3 9
0 18
9 21
13 10
7 25
3 25
0 11
9 17
1 6
8 1
8 0
5 8
9 0
10 26
5 11
8 27
9 26
6 8
4 15
11 18
3 6
0 24
12 6
2 4
4 27
3 16
2 10
6 11
4 16
4 13
9 11
5 0
2 10
10 3
6 27
3 19
8 21
12 2
2 3
9 24
8 20
7 11
8 11
10 15
2 17
10 5
8 24
4 0
7 27
8 7
4 8
3 3
11 5
4 2
3 13
9 24
3 22
4 4
2 9
11 6
3 17
2 9
9 17
8 22
7 23
12 6
0 20
4 9
0 11
4 21
6 27
11 16
10 0
8 27
6 10
13 7
6 22
0 16
6 17
8 19
5 3
6 17
3 23
12 5
0 27
0 24
1 22
8 0
9 5
12 4
4 21
12 25
9 19
3 12
10 0
13 14
8 11
10 4
2 1
12 16
11 19
2 11
9 1
6 3
2 5
8 2
12 14
3 10
5 27
9 23
6 27
11 13
9 25
5 22
3 24
12 18
11 12
4 10
2 18
6 20
7 9
13 3
12 11
5 9
9 11
3 8
3 15
3 22
2 13
13 19
3 15
8 18
11 24
5 4
10 6
12 7
5 1
12 6
12 21
4 27
1 1
8 16
10 27
6 13
11 11
2 5
7 5
0 13
5 7
2 3
1 7
3 11
12 14
12 11
9 7
8 18
11 3
9 19
12 12
7 3
10 27
8 4
5 16
0 27
3 25
13 7
7 22
1 11
12 18
4 9
1 26
10 15
6 27
2 18
7 21
12 7
12 24
7 7
3 15
4 23
1 25
13 20
0 1
13 5
11 14
8 3
4 27
11 26
2 2
3 19
11 20
12 6
10 21
11 16
3 25
9 5
11 19
1 0
7 11
6 25
8 22
1 12
7 9
3 27
4 6
13 9
3 7
11 16
8 7
6 14
2 9
10 18
8 14
6 1
4 3
7 26
12 16
10 15
3 26
6 15
9 14
8 4
12 4
5 22
9 25
8 15
10 4
2 0
13 10
7 5
9 22
11 21
6 9
8 1
1 4
12 3
8 8
9 5
6 1
1 11
9 23
3 8
10 9
4 26
13 12
0 13
10 7
8 17
2 15
2 11
12 18
9 6
8 11
9 21
7 9
6 17
5 17
2 10
11 4
9 18
2 16
0 27
6 4
8 22
1 5
0 20
6 10
12 22
5 7
6 27
2 10
3 18
5 24
13 10
10 15
0 27
12 13
1 18
10 11
1 9
3 14
6 15
12 24
13 24
12 17
13 14
13 2
0 21
1 13
8 10
5 3
10 6
5 8
0 24
12 5
11 25
8 21
1 15
0 13
13 12
6 3
7 18
8 26
11 23
1 9
10 24
3 23
0 24
7 12
2 18
3 21
12 19
8 7
5 7
13 20
8 7
12 2
8 17
3 18
12 8
4 8
9 12
8 25
9 9
0 4
10 21
5 17
5 18
12 2
6 22
13 10
2 14
9 14
9 26
11 12
12 11
11 25
3 17
9 12
4 24
8 6
2 12
13 26
1 12
7 21
12 2
3 7
1 7
9 17
13 20
9 16
9 17
13 6
7 6
6 21
10 8
10 9
11 6
5 9
5 25
1 19
0 13
7 23
12 13
12 11
1 13
2 23
7 14
7 7
10 27
2 11
11 11
10 24
13 8
6 13
10 2
4 24
10 1
3 18
0 3
6 14
0 2
2 4
10 2
5 5
2 27
3 10
12 20
3 20
13 21
5 24
9 18
12 9
10 20
1 8
11 20
11 11
12 10
1 15
7 18
11 14
10 21
2 15
4 24
1 10
11 6
9 18
4 4
7 14
3 17
0 17
5 5
12 3
11 27
9 7
12 26
5 25
6 0
13 10
2 21
8 4
5 6
1 3
5 3
3 2
5 17
6 22
7 25
9 2
4 25
13 3
13 2
8 11
0 21
12 5
1 6
7 22
11 12
13 27
2 27
9 6
12 14
2 4
8 4
4 27
10 8
6 1
5 13
7 1
13 27
6 23
1 1
9 22
0 5
6 5
9 0
6 20
11 11
11 13
11 25
6 13
11 16
9 21
3 22
9 3
5 5
5 17
1 17
8 11
0 21
10 7
7 23
13 27
4 13
12 5
10 12
2 6
13 4
1 14
10 1
12 20
9 13
5 27
8 6
1 27
11 15
12 26
13 6
5 8
4 3
6 21
8 0
9 18
13 8
6 7
13 12
5 7
12 3
9 23
5 3
8 7
8 23
1 20
6 16
9 26
11 15
10 17
7 4
2 8
5 26
2 25
0 14
9 10
6 6
10 7
10 23
11 21
11 26
7 21
8 27
11 14
12 27
9 16
1 25
13 7
4 1
12 22
0 23
5 3
1 8
10 13
11 20
4 15
1 14
1 23
6 15
3 8
8 6
0 0
11 26
5 22
11 3
10 0
4 22
11 4
2 5
1 14
0 4
3 7
11 15
12 22
13 3
2 26
1 17
4 7
4 19
13 11
5 17
4 15
2 4
9 22
3 22
9 23
5 24
4 27
4 24
11 19
11 20
8 5
2 11
8 1
13 17
10 10
3 15
10 11
5 25
8 24
5 15
7 1
1 0
11 2
0 9
4 12
3 2
7 22
12 23
11 3
6 15
9 19
1 20
4 12
6 26
10 19
9 18
0 17
9 4
5 9
8 21
13 19
5 4
11 16
4 18
7 17
9 4
6 2
6 13
2 14
11 20
0 12
5 18
10 0
2 9
1 16
6 25
3 24
2 1
6 8
7 9
8 3
4 13
8 1
9 15
9 19
8 15
0 0
2 14
7 27
0 11
13 8
0 18
12 0
0 6
10 9
12 16
12 11
5 2
10 3
9 23
4 23
0 23
13 21
9 16
13 25
1 6
12 21
13 26
1 24
5 20
4 12
3 12
10 25
10 20
10 4
9 4
2 20
11 1
12 23
9 23
5 17
13 6
12 22
0 24
10 25
2 23
11 16
6 24
11 5
10 12
0 25
5 13
1 11
6 0
13 26
2 25
2 25
0 8
0 3
7 23
5 3
0 15
12 20
1 26
12 24
7 17
10 26
4 18
6 12
2 8
9 24
9 7
9 4
5 10
11 27
2 7
5 15
12 3
5 26
2 9
9 15
1 13
2 19
13 9
1 9
6 1
4 7
3 24
1 17
2 4
8 13
0 20
5 10
1 24
1 26
8 15
7 0
1 16
4 15
10 18
11 1
11 26
4 19
10 16
0 5
9 10
0 27
9 6
2 0
3 18
4 11
0 12
9 13
5 22
3 4
12 7
4 4
2 15
7 24
9 27
10 14
10 0
2 0
13 22
3 20
12 24
12 4
1 2
3 11
8 17
10 12
9 21
2 10
11 3
10 18
13 7
4 25
1 5
6 0
13 14
1 23
3 7
6 7
8 27
2 7
10 17
1 16
9 19
11 24
13 3
11 27
11 5
0 10
8 15
9 12
12 25
13 5
9 26
8 10
1 26
6 12
7 8
12 9
4 6
1 16
5 8
4 9
6 8
3 25
4 13
4 18
10 6
11 26
7 18
7 1
0 13
11 8
10 27
11 1
8 16
10 4
6 19
5 23
1 27
4 17
3 26
0 2
13 19
12 26
9 12
6 26
1 20
10 22
5 11
2 2
9 13
10 27
3 13
2 24
0 14
12 26
2 0
12 17
3 8
4 21
9 21
4 8
12 9
12 10
5 25
2 22
8 4
9 16
2 26
5 5
10 23
2 18
12 17
0 18
12 9
7 27
13 25
1 2
1 26
3 9
9 14
6 19
5 15
4 26
13 6
1 10
12 18
