12 32 211
8 23
22 376 44 155 227 33 293 81 111 75 122 379 
120 177 366 249 355 183 301 278 268 163 154 171 
84 229 101 310 179 282 359 35 67 7 327 25 
130 175 131 289 225 34 265 96 342 117 273 48 
345 373 266 305 344 270 258 255 287 14 271 88 
209 146 158 303 324 382 143 330 109 132 226 318 
279 188 141 319 148 362 350 199 297 322 237 76 
23 208 4 347 151 17 147 108 223 259 19 309 
190 70 29 140 349 298 87 115 10 90 68 339 
92 238 216 220 328 252 97 99 377 8 320 195 
201 321 91 80 0 32 295 105 138 55 213 341 
368 152 267 313 106 110 372 38 185 274 112 189 
103 211 253 116 251 45 200 371 317 142 215 332 
113 63 193 53 123 64 285 291 375 153 114 299 
348 12 169 275 269 26 62 166 186 346 119 20 
380 37 129 378 83 30 46 149 31 86 308 79 
239 102 124 36 47 43 358 337 364 1 314 243 
264 294 262 340 18 56 207 357 167 245 247 139 
94 157 221 52 261 206 162 118 204 203 336 145 
307 311 290 2 235 374 272 363 284 233 354 280 
178 60 78 256 236 224 16 40 71 95 196 69 
367 28 128 212 263 240 370 242 333 335 161 312 
334 39 125 329 57 54 11 210 283 61 41 135 
51 104 361 127 292 165 300 197 164 244 172 136 
234 176 170 137 228 351 173 254 202 316 231 133 
356 107 352 134 205 281 72 15 74 217 49 365 
180 191 174 219 214 248 159 73 194 306 184 230 
58 192 302 21 93 98 241 168 6 218 232 89 
42 383 3 126 338 222 381 276 288 59 296 85 
160 13 198 77 326 325 182 150 246 286 181 369 
260 257 304 50 66 360 315 343 323 9 5 24 
187 27 100 331 121 250 82 144 353 156 277 65 
9 30
9 23
11 29
3 31
5 21
3 3
8 29
8 10
11 5
9 30
2 27
4 16
9 17
11 6
7 17
0 21
0 2
10 6
4 29
3 11
9 1
11 8
3 15
1 3
5 5
6 25
6 31
2 7
10 6
4 12
1 1
10 30
6 9
11 1
9 17
2 0
8 10
5 28
1 3
10 21
2 9
8 30
4 13
5 12
11 13
7 22
2 18
11 3
2 3
10 22
7 28
10 4
2 17
6 3
9 15
8 10
2 29
8 24
6 23
0 11
8 6
11 10
3 13
9 12
2 28
11 21
8 28
1 15
5 7
1 9
7 28
2 18
10 11
1 24
5 26
1 1
3 20
6 5
7 10
2 11
3 30
3 21
1 4
4 5
3 26
2 7
5 16
8 8
5 4
10 25
8 26
2 23
5 13
6 24
7 23
5 16
8 6
9 13
5 6
3 23
1 25
0 22
2 8
9 31
11 8
3 2
6 7
11 16
6 10
10 30
11 26
1 23
11 13
0 26
3 25
10 25
7 12
2 3
2 14
8 4
1 2
1 16
11 13
1 30
5 31
4 15
8 18
6 19
3 3
7 26
7 24
2 26
10 18
9 6
0 13
11 31
2 12
5 6
4 12
0 0
6 22
6 31
4 9
8 30
9 10
5 16
0 0
6 13
0 6
8 9
7 19
11 22
5 0
0 24
2 18
5 12
9 20
8 10
0 23
1 6
6 26
6 23
7 19
1 13
10 1
2 10
2 31
8 0
2 15
9 16
7 30
5 23
9 13
1 1
5 7
0 20
6 10
10 3
5 27
5 24
1 19
7 19
5 26
0 29
0 28
7 1
5 12
11 28
1 0
4 29
8 10
1 6
10 0
9 3
9 3
8 30
7 9
5 6
0 20
5 14
9 17
5 23
3 22
11 2
8 13
7 29
3 20
8 11
11 24
4 25
4 30
