28 52 999
18 1
86 399 970 37 24 535 673 188 973 526 651 167 209 581 235 176 852 942 208 828 580 147 210 722 495 510 161 96 
820 555 759 105 1012 1049 385 381 490 911 662 488 964 891 1430 269 1442 1045 633 544 1094 464 790 146 1362 595 691 726 
991 885 1287 562 835 875 357 1429 18 101 1347 1376 1038 849 686 1093 653 136 682 819 59 1199 866 1350 368 22 98 351 
1223 69 1404 895 401 1324 1365 141 281 400 380 708 180 1381 484 253 599 1234 1127 199 1059 981 859 986 1443 703 972 553 
728 67 1272 91 832 652 23 901 1116 1417 1047 1315 649 1403 802 311 932 575 1409 279 144 799 477 1001 1028 241 1406 492 
1322 201 1334 1191 1201 252 1267 1033 1319 1314 1391 109 952 193 1281 1351 1092 476 1070 582 1053 1249 214 1141 121 1188 56 473 
1158 1096 817 899 507 46 1252 755 570 946 918 822 1248 1329 1292 630 672 632 503 695 971 676 362 713 909 3 833 389 
1063 379 622 967 944 1031 298 1037 825 982 164 1295 1196 47 1311 591 1204 61 415 665 1139 654 1055 1282 99 877 1215 1330 
1394 1073 1170 1085 1320 1097 1117 434 705 76 1156 7 629 1088 914 159 1271 302 1011 1104 411 941 959 402 805 1060 1169 81 
1447 1051 677 1027 1375 723 1131 1220 1241 860 1335 1302 733 125 522 1264 375 850 106 761 1115 698 123 1418 1426 656 472 1356 
1121 41 738 956 1253 927 103 57 1098 83 85 746 523 355 937 353 924 777 767 558 173 710 366 1083 108 537 669 130 
183 406 1187 224 1155 133 448 762 1109 634 163 145 546 151 574 864 1084 1346 408 692 1316 957 786 1197 704 951 336 429 
259 1256 452 388 312 993 1189 612 511 1176 49 706 540 1003 1009 556 343 294 13 1389 392 1405 255 26 1008 433 129 745 
923 702 976 897 468 390 441 1233 383 467 97 229 1042 915 1407 995 879 908 521 938 71 585 996 300 84 1298 943 1067 
934 1025 945 196 118 1385 778 1438 1206 1379 657 639 978 268 688 737 1372 1392 729 577 132 382 1228 1107 794 857 38 513 
1387 182 169 861 1153 90 571 1193 992 610 663 696 1072 178 538 572 459 143 512 1227 697 1289 955 1367 929 869 1118 426 
963 1439 111 813 1332 1064 305 127 1182 306 1149 1284 613 1043 265 53 518 376 1079 232 321 78 1290 1214 760 1410 536 808 
1150 637 73 519 478 530 611 483 221 586 1257 603 1236 1016 1135 623 635 475 987 36 1034 1342 1032 1161 815 186 240 261 
1378 386 139 1260 1293 903 17 748 1266 189 226 431 364 979 1069 597 1388 191 795 552 215 447 841 1175 735 892 547 1046 
1145 750 711 796 1061 1301 1087 766 1363 774 120 102 413 1359 1382 451 301 1142 292 749 248 1296 1124 1237 414 153 1165 807 
617 39 1212 596 465 1018 107 670 428 457 1066 621 1164 254 564 60 948 870 776 4 1219 1174 1128 758 1105 1294 871 181 
282 573 1238 985 94 1395 245 1081 75 1146 1433 506 228 925 200 844 1371 781 1436 565 31 1422 732 902 486 393 854 1285 
424 1023 1317 162 68 237 1077 865 717 19 461 873 824 661 1200 410 1276 1345 720 1052 1398 277 814 563 1056 838 1318 889 
718 328 1091 646 487 440 588 1307 365 1344 768 1421 323 830 295 1441 1261 1103 1181 605 1099 829 940 1251 593 95 509 1402 
949 988 1328 763 155 542 1024 174 731 166 425 534 1058 396 285 347 418 600 325 1192 1132 1221 1278 684 604 1288 1360 496 
707 785 579 1450 1202 168 455 756 1270 640 1122 1242 962 1297 1358 417 363 227 1172 251 592 1211 142 792 1369 690 1226 152 
1425 100 348 48 219 840 435 420 997 1386 1000 1377 714 443 260 352 344 730 1106 1397 798 1089 354 500 878 42 157 444 
249 491 900 816 358 1119 851 407 1339 421 272 372 771 256 449 9 205 1419 154 709 450 1140 20 216 116 493 331 270 
307 559 1152 614 916 313 419 454 939 220 741 171 1306 244 754 800 119 341 1186 170 681 1022 356 1336 975 1390 290 716 
888 862 416 539 471 140 725 1313 950 1065 561 1108 1370 293 394 342 525 16 504 1424 1126 149 626 89 345 150 273 198 
1078 928 1373 783 474 801 330 51 308 1432 1198 466 1273 590 881 1162 1015 765 780 115 724 1340 601 207 966 627 374 1416 
1218 876 1308 1364 719 82 1123 299 225 458 442 1014 43 40 463 788 445 645 1076 296 568 361 1254 21 54 395 1235 284 
1190 1431 55 508 1300 863 541 618 1312 998 1357 782 1231 427 156 919 664 346 1449 836 72 309 965 598 747 319 602 1229 
288 1341 743 757 6 810 616 631 1262 334 516 320 687 1133 332 647 1120 131 1179 462 1333 837 65 1102 1036 373 887 1434 
674 1044 1427 642 1160 1222 213 1393 659 779 480 404 242 904 787 809 583 823 134 1168 204 1380 1265 1401 29 469 1177 367 
886 1208 858 64 834 93 502 641 324 25 1279 931 1331 267 405 456 289 430 223 770 1451 1435 1327 197 122 280 258 1148 
187 679 439 650 668 297 276 113 482 1349 1129 1136 1039 485 243 1258 818 1209 826 274 775 339 531 432 1213 158 1255 855 
87 1062 271 527 772 933 286 1250 1246 112 560 912 678 338 789 264 913 658 1167 92 34 1286 907 257 1352 202 423 0 
33 533 894 327 752 15 1216 727 905 1412 578 1275 685 74 397 50 1101 335 715 1 872 1453 1004 5 917 689 935 283 
874 699 77 1100 797 230 387 1355 1082 1361 1173 1411 1232 1337 1080 1239 124 266 310 791 660 1113 422 1408 1057 316 1303 148 
460 793 606 589 1445 1068 30 1112 1323 549 494 739 250 734 179 326 231 667 576 79 1383 1263 1111 514 1325 853 773 803 
744 128 291 846 740 2 821 1143 1283 160 843 446 1007 1230 1304 247 340 784 867 481 1130 8 515 1399 1245 675 371 954 
1440 14 550 35 233 543 655 185 1138 1035 315 930 1444 666 1353 545 683 104 52 303 1006 548 359 63 953 322 1366 712 
45 882 453 66 680 1437 1074 1137 1017 384 369 636 524 1454 532 501 980 11 812 1310 1180 922 608 764 1195 438 1021 1144 
497 350 1030 1086 842 1125 1029 206 184 278 607 236 856 1274 1184 1400 721 906 693 984 958 1374 58 505 1095 203 567 1243 
1163 648 898 625 304 1321 126 499 1019 1326 135 44 1309 177 1171 644 1002 1396 70 1280 287 609 329 1269 594 1183 1010 883 
1305 1244 517 529 349 969 195 318 1159 1050 360 498 831 694 1194 569 1151 968 28 1414 615 520 314 587 753 479 1240 1217 
1291 12 370 974 217 1247 643 1207 926 212 827 804 551 1178 880 1343 1455 222 890 1368 868 977 896 436 947 403 194 1110 
1415 910 1224 1040 218 1420 409 1114 412 936 1448 1013 1428 1166 1299 893 1185 742 1446 1157 110 960 117 921 620 528 806 701 
470 1005 566 769 1203 557 1048 848 192 671 811 1075 1210 920 172 234 88 137 32 1348 1384 1452 378 437 884 391 1090 114 
989 751 275 1268 263 554 1205 999 238 584 1423 1020 990 624 211 1413 983 1338 994 1259 262 190 1041 1071 839 317 700 10 
138 1134 961 377 619 1154 1354 638 62 489 845 736 175 27 333 246 165 1225 1054 628 239 1026 1277 398 847 80 1147 337 
25 31
11 6
21 28
25 41
6 32
14 25
25 2
25 40
15 45
20 31
6 3
8 43
10 51
6 32
27 19
23 12
26 6
23 18
3 10
7 20
1 26
5 35
23 3
21 20
17 48
26 11
26 47
19 42
10 41
19 46
8 29
26 30
6 27
7 36
16 23
27 3
7 45
23 39
26 17
25 4
18 16
10 26
27 26
8 28
22 5
18 50
20 20
11 17
27 3
17 7
16 14
0 45
18 17
19 8
0 49
22 44
22 11
20 9
17 27
24 46
20 47
24 8
9 25
15 34
8 44
18 33
25 10
14 27
1 5
19 22
4 10
0 6
11 3
11 2
17 46
0 36
14 47
13 36
27 20
20 6
23 15
23 9
14 43
1 31
19 28
23 3
26 43
2 18
26 0
10 33
15 39
14 34
15 45
18 32
16 23
6 14
4 19
22 32
17 47
14 45
3 34
10 22
0 20
19 23
7 28
13 20
22 28
12 20
8 28
6 0
6 16
27 37
23 36
8 6
8 11
22 2
20 36
11 32
0 6
2 29
22 12
0 21
20 32
18 47
8 51
21 24
13 1
1 38
7 15
2 37
1 45
7 38
3 50
2 11
12 49
16 22
4 49
14 45
6 27
24 36
11 18
16 49
22 25
0 24
10 49
19 29
25 3
10 3
9 42
10 20
27 35
24 6
13 39
5 1
27 47
22 43
21 16
2 11
15 44
27 37
14 36
8 32
19 46
25 9
1 37
6 14
5 11
11 16
7 27
8 50
21 18
9 36
12 21
13 24
19 21
14 36
15 51
20 25
13 8
23 36
2 6
17 44
1 0
8 11
24 49
19 34
12 19
14 49
22 48
4 7
21 6
16 49
7 25
3 11
25 13
19 14
13 7
18 31
9 50
20 1
18 23
22 43
12 5
20 15
9 36
26 15
9 13
14 1
5 34
17 32
5 40
7 6
5 3
1 24
4 26
11 46
7 34
20 27
23 22
5 25
13 45
1 0
17 44
9 19
3 45
26 8
10 13
10 35
2 1
23 48
4 48
4 7
8 50
14 20
1 16
27 34
8 4
0 18
13 16
7 48
4 42
22 12
24 32
22 43
17 22
17 43
6 21
8 5
6 7
1 49
13 40
6 22
6 38
21 48
13 43
15 6
17 4
14 42
25 39
3 28
25 0
18 8
13 22
7 15
11 22
20 30
4 33
11 39
18 22
18 20
5 50
4 23
19 29
8 48
22 38
18 42
4 22
12 31
22 34
19 42
9 8
23 31
11 51
1 15
0 1
27 31
7 43
15 44
1 37
24 22
6 30
19 33
23 19
25 7
12 47
1 21
4 50
4 44
18 2
3 4
2 4
16 39
16 33
23 44
13 43
7 49
6 7
24 50
7 23
12 26
12 23
19 20
19 38
16 45
17 21
19 26
19 12
20 31
4 16
8 21
10 42
5 40
6 3
14 37
11 14
14 35
0 16
25 49
17 20
19 44
27 37
0 21
4 22
10 22
4 19
6 31
12 49
1 44
15 30
14 26
20 23
22 51
11 5
21 46
1 13
3 50
19 0
9 30
14 14
19 32
4 0
20 2
7 4
21 8
27 14
11 8
16 28
0 14
25 4
19 32
1 39
26 11
27 6
4 9
11 38
0 46
0 22
21 51
27 10
5 19
13 10
19 30
13 4
3 19
18 22
22 17
23 13
25 9
12 28
18 41
20 5
13 8
5 32
27 13
2 16
11 30
22 31
6 26
2 41
1 36
13 35
27 1
22 41
12 42
14 1
26 31
15 27
21 14
25 36
13 11
16 22
17 31
21 11
2 5
12 44
26 25
13 28
26 41
9 29
14 11
14 44
14 23
10 48
7 3
1 30
20 48
21 47
25 29
27 22
22 38
10 28
24 38
21 9
1 46
3 28
8 19
25 21
24 37
12 17
27 44
24 10
8 20
14 23
17 37
11 38
26 20
24 37
12 50
7 1
26 14
26 48
4 2
3 31
2 34
3 38
5 40
21 6
6 10
6 28
21 5
3 47
4 50
2 13
16 9
11 26
3 13
25 21
20 47
27 19
1 25
23 27
17 22
9 30
17 22
19 25
0 16
13 18
14 16
13 24
8 51
26 25
17 47
10 21
10 39
5 21
18 15
23 0
4 7
19 44
15 21
7 27
15 48
26 28
1 45
14 19
12 12
12 30
12 21
16 31
26 5
25 8
18 26
19 26
5 8
10 8
4 26
0 33
17 1
26 45
8 41
3 42
16 34
4 51
10 32
22 37
9 44
0 20
10 37
27 5
1 39
3 41
10 25
23 12
13 44
14 21
10 20
7 39
2 31
26 50
21 1
25 43
26 35
20 28
1 9
24 17
12 32
16 3
26 48
26 51
7 27
23 22
16 6
15 26
7 23
21 10
17 12
19 31
23 31
17 9
21 34
2 30
25 38
5 26
7 29
19 22
11 46
3 28
5 3
2 33
24 44
23 31
18 40
16 42
14 27
6 3
13 7
23 36
7 38
8 1
4 18
1 5
22 15
11 18
6 31
11 27
24 9
17 28
7 36
3 0
10 43
24 32
16 5
6 9
3 32
19 30
11 28
27 35
24 0
18 43
8 4
15 49
23 48
12 14
15 1
11 41
22 13
12 47
14 39
19 40
6 0
12 43
8 36
26 39
27 20
6 13
7 9
21 41
21 21
19 7
15 45
0 16
2 16
18 36
18 48
14 34
3 30
19 12
1 14
16 34
13 19
21 2
22 28
4 25
18 13
15 49
20 5
26 9
9 18
27 9
13 33
3 26
21 26
25 24
1 15
2 36
9 6
16 45
6 51
19 35
12 47
2 25
26 2
25 21
4 1
26 33
14 44
26 3
22 9
5 9
1 8
8 8
21 31
27 25
12 17
17 34
18 29
4 43
9 9
10 18
6 29
18 26
27 3
18 26
6 0
23 6
5 48
15 8
5 27
17 45
7 10
1 48
11 32
11 8
8 37
8 34
7 15
12 36
2 48
7 4
25 41
15 4
6 39
20 6
12 15
17 24
9 16
21 23
24 51
18 15
20 30
22 6
14 43
20 36
17 35
19 2
6 22
14 30
20 50
4 41
25 7
25 44
25 48
22 25
14 33
10 4
19 1
14 3
14 27
8 0
17 32
22 22
11 28
4 28
6 1
13 38
2 46
24 51
27 15
2 33
20 27
5 6
25 36
3 0
5 11
13 31
25 2
8 34
16 24
26 20
4 23
24 30
0 17
0 22
6 47
1 26
11 47
4 25
4 18
21 1
18 49
23 17
23 50
6 46
26 34
17 0
13 21
12 14
3 17
22 20
26 24
20 37
4 46
0 9
11 51
0 12
22 23
3 24
24 29
17 36
24 46
14 43
5 29
13 3
15 42
2 33
9 0
25 45
22 20
25 1
17 15
13 46
27 24
25 2
6 35
12 4
21 5
26 3
10 16
7 35
10 51
19 19
20 31
18 0
20 44
7 34
7 23
6 21
16 5
19 15
15 50
7 32
12 21
16 0
22 1
7 0
7 33
10 21
22 50
26 0
12 8
22 34
5 32
0 2
9 30
18 47
1 18
22 50
12 45
20 22
7 14
19 50
0 29
3 16
12 48
3 38
20 44
20 28
25 34
0 3
17 38
13 40
13 48
20 26
18 6
25 2
10 44
11 33
11 8
9 48
4 7
24 35
12 5
3 36
26 5
10 39
17 33
3 1
13 27
22 32
21 17
0 39
3 47
15 41
9 34
3 12
3 45
20 28
6 22
9 29
6 16
17 49
6 45
18 48
5 13
11 9
16 36
3 8
20 4
4 13
0 50
18 26
14 43
11 9
17 36
0 14
16 2
22 0
12 31
18 26
0 12
13 8
10 19
3 29
3 12
10 3
0 4
4 17
10 32
2 47
14 34
27 22
15 23
18 4
17 9
9 38
18 24
17 19
27 46
23 38
16 46
4 0
8 21
3 29
23 5
8 2
19 32
16 18
7 47
9 31
15 47
3 4
26 43
14 30
8 21
2 27
6 27
16 12
19 9
19 25
25 16
9 16
4 16
9 23
12 40
19 32
16 45
17 41
27 32
12 27
21 36
16 37
25 14
11 12
16 5
19 28
9 22
1 39
5 13
14 36
14 40
24 24
2 24
25 51
7 22
0 5
23 31
10 26
16 10
25 24
0 41
12 13
24 39
0 3
3 13
20 17
23 16
5 15
2 26
10 16
13 45
7 9
12 23
16 49
18 2
24 2
26 8
4 32
12 31
20 2
14 34
19 20
24 1
9 42
19 29
9 32
5 25
12 2
24 15
9 19
25 1
2 28
1 11
7 21
2 33
5 4
6 40
3 5
9 37
19 19
0 27
24 1
20 38
23 10
10 13
26 13
3 33
27 42
21 47
19 46
4 10
3 9
8 31
26 50
23 33
7 48
17 19
22 22
24 4
5 3
24 9
25 44
22 5
3 22
21 0
21 13
2 39
23 27
15 7
12 29
