18 32 105
14 13
69 296 98 445 353 414 508 466 167 380 450 341 349 37 94 179 352 299 
148 465 151 459 492 506 491 76 107 368 214 344 71 571 383 181 138 144 
195 55 336 460 163 34 158 530 88 228 377 134 239 497 531 573 351 475 
109 396 75 264 72 434 391 418 305 22 164 106 374 32 8 3 574 517 
210 53 330 46 128 322 286 247 318 480 194 232 66 559 476 261 238 168 
248 502 297 525 152 509 356 420 182 125 550 119 141 50 512 150 438 219 
209 532 113 65 375 51 310 18 226 346 39 430 313 266 217 483 358 81 
549 223 378 489 569 376 472 406 250 546 231 423 572 240 245 335 496 52 
272 347 197 63 20 41 103 60 237 221 513 542 317 442 227 193 123 102 
379 28 99 61 170 566 333 340 171 270 533 108 146 326 165 124 521 16 
411 400 407 92 251 458 306 523 544 208 444 482 413 174 83 35 404 162 
473 191 388 187 95 202 153 338 30 252 42 100 282 307 43 78 29 481 
172 348 364 312 204 180 149 424 528 157 488 431 117 200 428 463 160 274 
268 188 38 110 12 230 432 183 105 112 215 397 440 410 104 558 540 116 
342 371 395 255 62 479 292 121 543 17 501 507 518 287 309 184 258 67 
97 45 233 457 91 0 212 417 111 402 294 503 339 205 49 177 321 363 
190 54 468 451 80 456 300 36 254 87 325 279 13 327 519 570 452 478 
304 461 392 260 253 143 435 259 57 387 130 408 311 154 142 464 133 359 
493 301 398 236 443 79 490 127 425 557 33 242 526 31 290 354 284 47 
433 357 548 175 19 243 262 534 324 486 350 553 2 5 234 137 59 271 
556 386 563 68 27 122 23 139 522 515 70 505 101 82 554 249 225 289 
44 26 469 467 510 520 362 403 21 161 11 176 246 426 159 567 206 470 
9 504 565 331 293 419 446 545 389 93 449 281 90 343 462 536 185 256 
280 537 220 291 524 6 40 575 323 229 422 1 345 564 316 84 334 275 
135 277 365 173 96 48 295 538 415 485 448 319 298 126 421 218 454 186 
257 568 73 547 120 25 555 437 86 198 302 192 89 24 436 196 529 216 
527 189 211 288 552 447 514 58 308 320 283 203 372 500 140 267 74 14 
235 385 169 4 314 393 244 131 494 441 360 429 145 201 303 132 541 332 
285 474 155 278 399 560 337 10 199 276 477 222 369 263 361 166 412 495 
511 439 455 315 487 178 373 129 355 224 136 366 85 535 156 273 56 241 
405 207 562 394 7 115 390 499 269 416 516 328 409 471 384 77 453 329 
427 64 401 561 370 213 551 498 114 118 15 147 382 381 484 539 367 265 
10 10
15 23
5 16
2 16
5 5
13 6
10 27
8 21
11 22
10 28
8 6
4 3
14 13
8 21
10 11
3 7
0 29
5 24
16 18
15 13
9 7
16 30
15 1
16 28
7 12
3 8
13 24
0 3
5 26
7 4
12 31
7 25
7 14
8 30
17 20
6 5
2 7
10 16
5 2
14 20
16 7
2 20
16 3
12 10
15 30
8 9
17 10
16 4
3 28
13 3
13 17
3 14
5 6
13 25
16 22
10 15
2 23
16 16
15 31
7 11
14 27
8 15
17 2
12 27
7 28
13 7
5 29
15 4
2 12
6 28
4 13
7 28
15 17
10 9
8 27
2 13
4 31
5 5
14 15
5 2
2 28
0 4
4 19
5 1
3 14
17 20
1 31
7 18
6 27
0 25
1 26
9 21
0 12
9 27
6 23
13 13
3 25
10 21
8 12
11 18
3 5
8 30
12 21
11 24
17 30
