20 21 657
5 13
292 408 415 203 209 181 351 336 334 284 352 197 31 172 280 179 66 217 32 409 
72 339 382 74 75 45 311 134 399 36 22 60 370 41 264 151 344 216 313 226 
147 5 55 245 413 214 303 369 84 376 138 357 330 39 361 368 273 320 419 332 
140 91 156 96 239 247 23 243 304 161 82 257 196 290 143 395 366 126 234 210 
375 296 24 223 180 270 378 393 301 94 195 85 46 237 235 394 80 49 265 348 
324 160 0 242 215 205 64 315 88 379 121 171 317 158 308 260 4 87 249 282 
416 400 114 372 342 89 302 271 316 267 362 186 116 122 404 287 331 78 53 125 
146 278 54 136 359 228 253 139 384 184 71 194 81 105 353 2 18 169 291 167 
128 163 374 277 70 20 222 9 387 240 192 411 6 137 256 312 155 367 251 176 
68 207 233 12 177 10 15 76 175 111 326 402 343 298 28 225 266 231 354 363 
414 310 365 356 364 130 106 14 166 403 115 211 208 144 381 47 377 358 293 295 
34 279 219 168 389 100 274 104 69 48 57 262 345 220 397 16 275 268 388 13 
183 165 371 51 406 124 63 148 276 246 119 349 162 230 3 127 347 133 120 93 
418 232 309 129 252 97 272 40 99 37 145 328 213 202 188 341 261 150 142 322 
300 269 159 200 263 299 152 67 19 107 236 327 117 170 27 50 86 187 321 102 
141 250 314 113 58 360 29 390 297 401 289 59 95 38 392 373 109 386 132 90 
1 77 199 212 201 149 410 56 35 305 30 110 92 174 254 306 398 307 52 43 
65 259 83 350 189 283 191 244 281 338 285 154 98 323 255 33 218 123 190 241 
204 185 380 7 103 286 333 61 44 153 178 385 391 157 337 412 329 335 25 11 
325 112 42 346 101 319 164 288 340 173 238 318 224 131 198 17 407 405 118 248 
182 79 229 26 396 206 221 193 258 355 417 8 73 383 21 227 135 62 294 108 
11 15
2 18
13 6
11 7
13 18
5 14
14 20
2 9
12 5
0 6
11 16
0 9
5 20
7 18
9 6
2 0
2 11
6 20
15 2
2 7
7 9
11 2
8 0
13 12
19 4
14 20
12 20
3 1
8 19
0 5
4 15
7 9
6 13
5 10
7 17
16 12
2 4
0 0
13 14
17 10
17 5
11 13
19 3
9 19
6 17
3 12
9 15
9 8
5 18
6 1
9 9
9 8
9 11
14 15
7 3
3 5
12 13
14 11
18 13
19 7
3 18
15 12
4 8
5 12
18 15
5 6
6 18
2 15
13 4
12 19
3 14
8 13
7 10
7 17
6 1
7 6
18 11
18 2
14 6
10 6
3 4
8 17
3 11
17 2
15 11
11 10
0 7
1 0
11 6
1 17
17 4
0 7
0 10
8 12
8 15
2 9
5 16
14 1
9 16
0 5
18 6
4 19
14 7
15 14
11 20
2 2
10 11
19 1
16 9
0 20
18 16
17 13
3 12
16 18
19 11
6 14
1 0
15 7
0 9
4 20
5 3
6 10
15 15
16 19
5 10
12 16
8 17
19 18
4 19
11 16
18 12
7 17
15 2
11 3
15 9
11 9
13 6
18 7
11 8
8 20
18 3
12 19
17 6
6 16
10 1
4 13
2 11
1 12
18 11
17 18
7 20
19 7
1 2
3 2
4 13
13 4
11 1
19 13
8 15
0 16
6 7
7 13
12 6
14 7
9 9
2 20
19 8
0 16
17 9
15 19
6 8
11 5
1 4
13 16
7 13
5 9
6 7
13 17
12 1
14 2
14 4
13 12
15 8
2 14
9 3
17 13
2 15
3 12
13 1
19 16
17 16
3 3
17 17
0 11
4 10
8 1
12 1
9 20
9 20
6 13
11 15
13 20
3 10
0 19
11 12
16 9
19 1
12 13
6 19
15 5
10 4
19 13
9 1
3 9
8 14
15 13
16 1
2 4
2 8
3 5
9 9
9 18
18 1
18 14
4 20
11 1
0 9
15 14
15 15
15 12
1 13
2 1
1 1
13 5
9 14
4 13
16 8
16 11
19 20
1 1
12 7
19 3
12 3
10 13
16 17
14 2
19 3
12 0
1 9
13 19
16 19
14 1
12 13
13 5
7 5
5 13
11 3
1 9
3 12
2 6
19 12
16 8
14 0
16 9
9 1
6 16
19 4
8 13
7 1
8 15
15 9
9 16
18 17
14 20
10 18
1 4
15 8
0 9
4 12
6 5
18 10
1 20
4 2
12 11
4 10
15 18
0 18
19 14
14 20
11 12
8 5
18 14
2 6
14 9
9 13
0 2
19 4
2 1
14 11
9 12
8 1
11 1
17 11
1 4
12 5
6 0
9 0
1 8
16 2
16 15
6 6
18 8
9 7
19 12
2 15
8 13
14 16
12 3
14 9
13 15
16 11
4 20
12 20
8 11
16 19
3 2
16 13
10 19
0 0
9 2
12 8
17 1
6 8
16 16
16 19
6 12
4 11
4 2
15 11
9 7
7 0
15 9
13 15
16 15
2 1
3 8
17 12
13 8
6 16
3 7
7 1
10 20
11 2
9 8
2 12
18 17
12 19
5 11
16 6
5 17
11 6
0 17
11 4
0 7
12 8
8 9
6 2
19 18
14 5
4 14
5 6
11 19
18 16
11 16
5 5
11 8
12 14
11 1
18 14
3 18
1 2
14 17
16 1
4 7
8 11
16 4
10 5
2 13
0 6
1 4
0 11
8 17
9 11
13 0
18 2
5 6
14 4
6 13
7 14
14 0
2 18
7 8
4 19
15 16
10 6
9 2
7 15
16 1
14 17
19 6
3 14
14 14
17 4
5 8
19 18
2 3
19 8
7 6
19 2
13 4
2 3
6 17
9 12
3 4
16 19
7 14
18 9
4 3
10 3
10 18
3 17
4 7
17 3
3 3
3 18
12 20
12 14
16 3
12 5
4 14
14 5
8 13
4 8
17 12
17 8
1 0
0 1
2 16
4 9
9 0
1 10
9 12
12 2
8 6
4 8
1 3
12 8
16 17
13 2
14 10
9 13
3 17
0 6
19 13
9 11
19 11
0 13
17 9
14 0
7 10
18 7
4 19
18 5
1 10
6 6
17 6
17 9
10 1
2 8
4 2
14 12
1 0
7 2
11 1
4 17
18 2
5 7
18 9
17 8
19 4
0 15
11 0
18 12
14 7
16 13
3 11
18 8
9 17
12 17
2 5
4 7
15 5
13 7
1 8
5 12
1 13
1 17
12 20
1 6
15 17
10 11
6 0
2 12
15 1
15 15
12 1
2 6
5 20
2 17
7 17
16 13
15 17
11 11
15 12
0 5
16 3
19 8
11 16
4 18
8 1
9 11
4 7
7 5
1 4
10 18
1 16
1 10
9 11
19 13
14 6
5 3
7 13
12 14
15 4
19 1
4 15
10 9
7 3
9 14
10 13
2 1
18 12
1 19
12 11
1 15
4 19
4 4
1 9
12 6
17 8
11 0
17 3
18 11
10 11
19 19
6 6
8 8
8 16
7 14
2 11
0 18
1 1
14 3
15 0
18 5
8 1
9 16
1 13
13 18
18 13
13 6
9 17
18 16
8 19
3 5
3 0
16 12
0 0
12 8
2 19
2 6
8 3
10 18
15 20
18 6
11 20
12 1
18 17
11 6
7 3
9 14
16 0
1 12
3 11
15 2
15 12
10 9
7 3
10 17
4 19
12 17
19 2
18 8
15 2
19 1
9 6
11 10
17 0
18 11
12 13
10 4
18 5
6 15
1 19
0 10
18 18
14 15
16 4
11 15
2 18
0 3
12 0
12 8
17 19
3 19
15 14
4 2
3 9
17 12
19 18
2 7
3 4
16 5
9 9
15 6
18 11
5 9
14 1
15 2
6 9
13 5
10 1
18 3
17 4
9 1
19 19
8 20
