23 68 4183
9 39
591 402 1339 702 802 539 226 1169 82 875 872 96 164 1235 1008 1368 319 235 360 769 356 805 1121 
414 1260 995 1551 389 1071 590 962 546 167 1186 734 517 1541 1439 168 282 1391 710 886 397 1144 1431 
1508 1110 677 488 981 616 540 949 460 594 477 1253 265 718 1560 1528 1515 763 359 1451 515 1478 1555 
979 1388 426 1075 1070 127 1377 1222 275 101 629 440 497 255 233 323 883 1353 1476 476 459 770 29 
110 1459 1249 1052 1269 250 347 908 525 346 739 1472 158 1428 641 741 753 1411 1435 609 721 1105 706 
1522 1076 1158 209 15 984 1462 566 826 362 628 1056 198 976 817 452 561 708 568 1221 602 1028 624 
1389 1060 618 855 1354 936 95 579 940 738 690 280 747 633 751 1199 853 1118 284 679 1251 1040 1264 
528 912 506 1134 736 1170 1026 713 374 161 431 1561 1206 1379 1461 392 762 199 689 1500 338 1331 1164 
1540 1536 48 361 576 371 212 1232 668 1434 234 89 24 974 176 1460 882 1084 1190 898 548 850 57 
910 313 982 41 381 454 326 1120 473 1394 1228 355 380 518 526 259 595 463 1426 260 145 523 1117 
958 467 626 1405 644 302 1181 437 764 407 13 663 818 434 968 410 1227 994 789 80 1050 1083 943 
678 597 81 382 811 1338 62 247 73 1020 643 1150 743 321 567 421 1520 1403 808 1287 1360 1257 752 
1041 556 1367 1392 903 1393 1543 1267 632 577 946 514 1035 159 253 413 1126 1054 465 175 471 1465 429 
989 155 1284 262 1044 1348 1369 1305 254 934 744 1062 774 1413 754 1195 1024 1271 1204 418 177 862 834 
210 1454 1298 665 1378 1274 1365 498 914 1380 964 716 72 182 646 458 77 1143 680 16 813 1265 335 
583 376 715 790 228 207 129 1188 621 804 1030 4 939 1148 373 457 387 1548 972 807 1537 448 1160 
891 724 1004 842 787 1184 1453 189 309 963 1425 821 613 134 222 249 74 925 481 1216 241 1019 1531 
1545 513 861 492 138 1359 1162 349 810 2 474 307 1562 201 1154 479 1315 1345 1283 930 502 1156 688 
904 417 767 472 907 1337 1518 1149 1296 1208 365 1174 703 560 8 822 711 1441 839 1005 973 885 709 
237 856 55 586 1356 1473 748 1299 961 305 153 200 659 297 1288 1183 755 607 294 1549 869 14 264 
1282 1444 269 1556 535 1074 147 9 1211 796 1207 156 847 1312 1419 815 1552 1438 30 39 1505 398 760 
1404 1123 0 1483 732 638 1115 367 396 922 300 503 874 169 1294 1477 622 1485 557 1 1346 773 1240 
768 1352 944 547 1530 1481 793 1295 136 1557 1161 1013 428 575 299 511 1313 1351 245 56 146 983 252 
1002 266 1506 117 831 1029 1455 1193 238 1073 449 1535 6 332 987 1525 1470 694 824 1409 1250 149 445 
1343 1027 865 150 1396 135 1330 758 1448 369 1547 1157 971 870 377 424 637 820 509 1141 242 1138 1474 
1406 1401 998 422 1088 571 867 1049 1504 692 1085 281 524 1087 368 279 829 47 303 572 1347 649 363 
185 816 562 174 1398 1550 1224 947 909 214 1246 1521 287 28 795 97 1509 1197 18 386 516 1480 1307 
1322 827 385 846 1093 71 403 1326 1280 765 354 537 603 1163 436 1488 504 486 1003 317 570 1513 1546 
527 1304 221 339 967 399 1370 1106 272 1051 1042 837 1155 61 1534 593 68 375 203 405 779 157 836 
52 569 1320 78 866 722 1194 316 154 549 19 902 1172 36 1262 388 564 1133 1017 190 684 120 520 
1223 1340 1168 519 496 1025 1502 966 1263 25 483 627 1014 585 478 7 954 1440 263 1180 893 370 669 
1119 1281 137 1374 1000 640 587 610 666 1069 1510 230 322 340 955 34 1466 493 1523 1310 184 664 508 
1407 1034 290 23 1236 267 453 1285 130 737 1311 124 1430 1482 667 1057 662 1317 1142 1203 1329 951 913 
1400 345 1220 114 615 1399 58 1080 1091 877 22 859 1096 141 1487 482 485 675 558 1238 1139 1058 833 
1318 1498 106 1418 415 1272 863 401 1382 17 1532 1131 1059 1309 188 1386 336 1319 766 152 11 439 94 
1173 750 636 835 695 1191 1202 1182 935 1114 1136 986 186 1140 1468 823 1018 1089 1323 298 975 206 391 
461 781 606 1350 1231 350 196 40 777 565 308 845 1230 1290 899 844 780 1244 416 563 66 213 1237 
1446 85 1266 98 924 49 1053 991 1533 35 494 180 1082 730 969 378 879 990 725 425 854 1125 1176 
1006 20 1095 484 742 1086 1427 919 109 848 1450 759 1503 619 1381 105 647 160 1011 1045 1456 1437 510 
1242 980 635 825 404 1471 251 50 334 1212 1316 104 559 521 1072 630 491 1268 832 871 1415 278 470 
1192 997 892 522 992 107 1397 1416 191 115 1021 1038 220 952 1219 310 1116 1344 712 1036 1420 685 1433 
1527 1421 917 650 26 1218 490 1217 283 929 383 79 408 179 112 985 1016 1177 125 1514 923 1529 1279 
699 223 1499 293 244 1484 658 918 533 776 1334 46 1022 1291 674 1046 580 1130 723 978 395 1512 1373 
113 1259 99 1233 1297 1511 945 1402 171 1226 698 555 700 1408 596 1248 819 727 103 84 348 797 1103 
911 852 499 1328 211 1417 325 432 45 1214 1302 331 1175 1384 86 1371 501 938 423 133 194 1286 1239 
584 311 682 314 70 274 801 687 53 88 545 512 761 441 608 462 1063 573 193 1301 38 1111 393 
1432 172 1300 1494 812 745 1306 394 552 683 1254 631 318 894 443 3 217 771 455 1043 634 419 1336 
1524 218 959 469 87 895 927 63 1225 529 1009 876 143 1308 888 620 91 731 1390 173 1189 782 1037 
1159 1335 1229 59 1457 1165 965 1496 1104 1127 704 1526 447 1539 1047 92 672 860 534 187 1187 1198 648 
1395 21 1436 44 364 1178 192 897 165 1097 670 953 51 652 215 757 430 1201 970 1078 1213 933 901 
296 337 489 27 1321 216 1493 1553 1442 197 645 132 1490 1048 43 32 292 849 803 1234 1258 1032 1090 
286 1102 128 433 151 655 905 1519 444 993 379 12 1100 786 673 896 90 438 614 843 1012 536 1129 
881 353 788 329 691 505 957 330 1517 1135 598 324 1314 657 366 799 1276 838 69 1375 868 475 778 
1424 304 1447 1412 588 1122 451 162 1491 315 1209 208 420 553 884 301 851 411 1349 1538 880 466 1112 
102 642 341 729 327 181 248 948 1031 1383 372 1064 783 240 828 1153 122 717 617 268 654 183 541 
1068 270 775 1479 1092 243 858 1151 118 794 285 1278 592 864 1423 195 1495 1275 1255 661 352 358 1109 
1362 1152 205 148 312 1559 93 589 1372 1355 1542 1469 333 1185 942 64 37 1010 1376 660 1357 328 1366 
1245 988 442 889 1492 1385 581 696 543 232 487 756 1410 676 612 144 1497 1458 857 1327 599 705 1429 
131 784 639 1079 1055 1147 977 261 941 887 390 1113 139 697 1443 532 651 1094 1486 791 116 1167 1196 
1066 1065 1215 693 681 406 1293 1292 276 1341 1563 960 1501 900 450 785 604 351 1200 480 357 921 915 
202 409 653 800 273 656 1558 10 1414 728 1007 1171 224 1467 950 1489 119 878 544 271 1124 5 229 
400 916 456 890 1445 435 126 1325 178 1270 1361 1205 468 956 1099 1210 740 1081 33 343 1033 1252 256 
707 1324 1464 65 720 582 288 163 42 239 289 295 772 277 746 1067 166 538 123 236 873 542 1256 
1277 1516 1544 1039 1289 225 926 1449 1137 928 1101 1475 749 1243 1179 932 1166 507 1077 1387 671 257 726 
31 1261 605 806 686 574 76 996 1001 625 809 931 54 1247 601 733 551 920 320 1422 108 530 412 
291 121 1273 1333 1364 1342 600 1061 550 1363 1015 384 1146 531 83 1108 67 714 1241 1463 1132 1098 701 
219 611 227 840 1554 204 1507 60 1107 427 792 830 1023 170 798 75 1358 342 495 142 1303 578 344 
623 999 1452 735 1128 140 500 814 111 464 231 554 446 719 1145 937 246 1332 100 258 841 906 306 
22 2
13 11
20 22
8 35
13 50
7 41
7 61
12 52
19 11
11 20
7 32
14 7
1 18
4 62
17 64
22 67
6 62
21 8
18 11
13 3
17 51
4 59
7 18
19 29
17 29
12 45
5 18
16 2
15 23
18 44
4 27
6 31
7 37
9 15
6 62
3 37
21 38
1 55
18 58
22 41
12 44
21 2
19 39
6 30
0 20
10 64
1 48
8 19
19 39
9 48
1 60
15 66
6 45
12 60
10 7
20 47
22 61
21 21
21 48
22 47
5 22
22 37
18 13
12 60
19 58
11 59
21 59
15 61
21 67
17 66
19 26
16 63
10 55
9 35
17 48
14 45
4 67
12 5
7 15
6 31
10 13
12 31
22 55
4 13
2 7
17 4
6 65
19 26
14 22
22 22
15 62
11 21
18 25
13 43
20 25
1 25
6 64
6 37
18 10
20 20
6 55
4 56
7 37
4 29
14 66
4 57
16 10
1 50
15 35
5 52
9 15
20 60
4 42
6 53
6 26
13 55
9 37
2 4
0 13
20 5
5 10
1 33
6 63
5 2
20 46
22 6
7 3
15 19
18 28
11 40
9 36
18 43
14 55
2 10
18 54
6 29
18 36
13 26
22 62
20 37
16 50
12 43
11 7
6 7
2 15
15 48
8 8
17 21
7 16
4 50
15 31
10 9
22 12
21 64
19 64
20 59
9 2
2 13
20 11
19 39
18 60
8 35
20 45
8 1
3 66
7 26
14 41
22 50
9 21
18 1
10 24
3 4
17 32
17 61
9 66
17 57
22 47
17 61
10 31
7 40
10 39
9 36
9 13
16 24
21 63
2 37
17 24
20 49
14 66
22 40
1 25
8 24
15 11
2 11
19 48
9 35
8 9
5 8
22 42
19 54
17 2
10 11
2 22
9 34
9 32
13 39
0 43
19 9
5 41
9 48
2 18
4 16
20 24
22 22
9 33
12 55
5 63
22 16
10 5
0 50
7 12
13 33
22 67
6 49
16 2
2 53
5 34
8 51
6 12
15 36
5 25
21 27
15 33
0 5
20 25
9 9
5 10
21 38
20 39
5 56
11 0
21 3
18 45
13 28
14 62
2 29
8 40
22 67
2 65
21 13
2 67
16 28
18 14
9 43
14 5
19 32
0 6
17 18
0 1
14 13
18 26
20 39
18 64
11 59
22 7
9 57
8 28
4 10
4 23
9 10
21 20
9 4
8 4
20 3
17 28
3 21
10 19
17 26
10 61
22 5
6 46
18 34
19 19
14 20
12 1
17 41
12 29
15 25
15 5
13 23
21 61
16 55
4 9
18 36
10 63
17 60
14 46
5 40
10 45
20 53
12 0
20 28
16 27
21 16
19 25
9 49
8 28
13 65
3 44
8 10
6 57
12 52
21 1
19 44
22 48
17 42
11 35
11 38
16 65
7 54
22 36
10 0
4 6
2 53
1 25
0 34
12 26
4 51
10 16
19 42
9 20
0 37
18 41
22 36
14 64
15 46
20 1
15 52
13 19
1 25
16 24
2 61
15 5
20 64
20 27
20 15
16 2
2 41
22 27
3 0
11 0
22 8
21 35
4 61
11 43
15 4
22 27
11 61
21 33
19 4
5 13
22 21
11 59
3 7
5 40
19 38
16 53
7 53
11 49
3 23
11 22
6 51
20 5
9 11
5 67
11 7
19 58
3 16
10 47
0 64
12 42
0 15
2 8
22 36
2 38
5 42
0 58
5 5
6 8
14 2
7 20
19 61
2 57
21 4
16 57
0 30
4 28
15 13
1 64
11 47
10 15
14 18
21 6
12 62
1 12
5 13
3 17
8 15
21 41
15 27
6 54
1 53
14 59
13 45
1 24
17 44
9 46
16 27
21 67
4 50
17 58
17 11
18 44
22 33
5 42
21 40
1 6
2 64
19 29
22 60
1 48
11 22
11 14
13 38
11 34
8 31
13 21
5 36
6 35
1 34
12 66
1 19
18 29
21 67
4 37
10 17
13 24
2 12
7 11
13 66
3 45
8 33
21 21
9 4
17 59
2 0
4 15
1 16
15 60
4 46
14 54
3 22
11 37
6 2
6 42
8 45
17 14
15 47
16 52
1 25
0 39
22 48
22 39
16 59
11 42
22 55
19 61
7 42
3 19
14 30
6 62
19 21
19 17
5 18
18 37
11 47
0 59
21 49
18 19
17 25
10 41
21 35
2 32
22 28
7 43
8 34
8 9
16 43
1 28
15 22
22 7
0 36
3 50
3 16
11 66
4 41
22 7
10 20
12 28
3 62
21 5
22 34
0 19
10 18
10 66
9 29
22 40
19 9
16 43
16 44
11 40
16 47
20 67
10 14
8 67
18 25
20 11
6 60
13 35
8 6
0 17
8 28
7 13
6 44
0 61
21 48
1 7
4 55
20 11
21 58
5 55
11 20
17 42
16 9
2 66
2 20
3 57
11 41
2 67
7 59
0 22
11 22
0 45
0 32
8 67
9 41
12 21
12 59
2 12
19 43
17 36
17 50
17 5
11 17
3 60
3 29
10 61
15 27
21 64
17 46
12 25
7 27
16 41
14 41
8 42
16 31
3 67
20 0
1 56
15 49
9 4
2 28
15 12
11 49
1 49
6 21
22 64
16 20
19 54
11 56
13 3
7 6
22 9
10 32
8 47
4 27
22 9
8 0
10 41
22 16
21 28
18 2
22 35
21 8
3 44
5 50
10 53
21 63
16 7
17 8
10 35
14 11
11 63
10 7
22 2
17 46
4 35
20 13
20 35
0 42
2 43
8 45
6 38
1 43
20 12
8 27
4 45
20 45
18 31
10 65
16 65
22 38
21 5
18 28
18 45
11 12
0 5
8 26
3 56
12 42
0 61
2 3
20 54
10 39
9 11
3 48
7 13
2 25
22 62
14 65
6 18
11 49
14 7
7 55
6 21
18 37
12 31
8 7
22 36
20 21
8 64
1 60
14 21
7 60
18 67
15 8
4 61
4 58
14 12
20 57
19 5
21 50
6 63
10 31
11 65
14 62
15 5
6 47
19 65
16 8
17 6
15 7
10 38
20 29
5 14
14 45
19 65
16 40
4 29
9 62
2 12
6 38
7 55
15 64
16 55
10 57
3 54
15 63
8 65
20 41
14 50
2 66
10 1
4 26
9 10
0 46
11 49
0 11
19 32
19 25
5 59
5 56
8 39
3 23
19 25
9 34
15 49
5 42
2 61
4 52
21 50
16 66
0 23
21 18
2 61
1 51
14 32
15 61
19 27
7 32
2 3
18 2
13 39
6 38
18 65
7 54
13 65
15 34
5 21
22 27
8 66
11 49
12 2
22 57
17 28
2 12
14 47
9 29
20 11
17 51
8 19
0 39
0 58
16 51
3 63
12 11
18 24
18 2
17 26
11 4
17 43
13 26
6 14
10 7
8 54
5 12
21 58
7 2
7 26
15 49
9 65
17 31
12 59
10 50
11 31
15 61
21 18
12 0
10 62
6 16
12 29
4 47
13 13
16 54
2 32
5 46
5 20
22 12
6 53
16 29
21 42
19 26
13 58
22 59
17 52
13 37
2 45
3 29
12 25
11 47
1 16
3 21
11 10
5 31
10 31
5 1
11 9
10 21
22 5
21 36
3 7
18 3
8 47
12 26
4 17
9 33
16 26
15 50
7 22
21 27
21 48
1 22
17 38
0 25
1 32
6 2
22 34
1 20
5 59
4 63
10 63
16 36
18 10
5 49
10 62
21 15
15 55
4 48
22 57
4 56
10 38
15 14
7 17
9 1
19 41
5 65
18 51
10 66
1 6
9 60
3 51
11 7
6 18
15 61
17 56
15 15
16 35
11 29
8 33
6 53
13 64
9 17
22 8
2 55
12 27
14 61
15 22
14 65
4 60
17 3
1 38
9 56
21 12
2 63
12 39
2 33
20 44
5 2
1 6
5 10
9 50
13 23
19 38
4 19
7 34
12 6
13 3
8 12
20 41
22 27
14 28
5 59
13 0
7 38
16 23
19 4
3 20
4 10
0 1
9 55
2 12
6 26
13 2
13 45
1 15
13 54
10 18
2 3
11 1
1 8
6 37
14 31
4 39
19 18
18 32
5 24
16 62
9 22
0 18
6 7
1 17
20 19
15 29
4 12
12 32
12 50
12 8
15 39
20 22
11 56
14 23
12 9
14 0
11 59
16 16
9 5
9 61
11 27
2 14
9 61
2 6
6 59
13 64
15 10
4 14
3 52
9 32
1 47
2 17
20 24
16 63
5 39
17 23
19 63
22 22
18 29
21 17
19 61
2 54
4 13
5 59
20 26
17 45
17 66
5 0
21 64
22 67
15 7
9 65
1 19
20 31
21 61
1 9
11 0
5 51
9 17
10 61
13 33
11 29
19 33
9 41
17 27
7 51
14 66
4 53
20 1
0 11
6 18
20 28
18 43
19 53
20 46
4 58
15 32
14 9
15 11
20 59
3 55
15 66
19 28
21 39
20 48
21 45
6 32
20 49
9 67
7 41
17 48
20 56
19 28
0 62
20 52
3 66
16 8
1 45
18 29
17 6
22 32
10 4
14 19
7 53
4 1
7 61
21 13
15 31
4 3
7 31
17 56
18 4
6 5
19 5
1 52
20 8
21 55
11 28
1 59
3 22
22 0
6 46
16 57
7 43
17 64
21 15
14 18
14 41
19 9
5 59
18 51
20 42
12 16
14 56
22 33
7 53
11 31
21 1
17 13
22 25
12 66
14 23
8 50
8 56
17 46
19 14
4 21
6 13
20 60
18 54
4 33
5 38
3 34
3 19
22 67
12 38
6 14
4 66
19 14
5 12
7 49
6 39
17 3
17 66
22 59
22 49
2 6
6 63
11 15
1 30
7 44
12 7
2 18
11 37
17 53
11 65
9 27
5 59
0 41
21 12
7 46
6 13
3 52
4 28
20 50
5 12
9 0
17 57
7 6
2 31
20 45
20 32
16 41
8 22
11 57
11 28
20 47
10 10
17 63
19 67
15 8
10 17
8 31
3 48
8 67
19 42
19 3
9 53
21 7
7 11
6 33
22 64
12 10
19 4
21 39
16 3
15 30
13 63
17 7
17 64
10 16
5 36
18 56
13 24
7 58
12 55
15 24
2 28
18 36
6 40
9 7
1 54
18 36
13 35
8 66
11 21
0 27
6 53
20 3
21 21
0 44
0 53
0 50
12 11
9 58
6 67
13 45
17 12
8 35
21 30
20 52
21 23
12 17
7 36
7 65
7 59
16 12
0 19
21 20
0 45
13 22
16 33
14 38
3 23
11 45
14 65
17 15
20 32
19 7
19 28
22 14
5 10
1 33
11 29
1 12
19 18
2 53
21 58
21 36
7 53
12 11
17 31
5 8
13 53
2 10
1 29
15 61
22 5
10 3
18 24
1 7
6 46
14 46
1 47
11 63
16 61
10 47
6 29
4 0
10 54
11 56
7 4
18 52
0 62
1 14
17 63
21 62
20 36
12 42
1 20
14 11
14 8
0 53
8 22
0 0
13 30
16 66
7 18
3 40
2 20
15 13
17 3
15 44
20 56
1 64
3 6
2 56
0 3
0 53
19 17
7 41
14 7
20 66
12 42
4 52
19 26
6 46
22 57
10 63
16 32
5 22
14 16
19 49
21 36
7 15
6 23
16 26
8 41
22 27
21 61
20 41
22 65
10 4
21 40
14 25
22 10
13 52
5 28
10 31
8 50
22 24
22 1
2 35
20 46
10 10
15 32
9 22
21 5
2 57
7 57
15 56
12 54
1 65
16 41
11 37
13 26
7 47
3 27
7 66
1 27
14 3
3 7
14 19
13 58
5 57
9 62
7 13
3 40
22 9
5 61
8 35
2 52
22 17
14 61
4 27
18 21
6 66
7 2
7 34
19 49
20 53
7 6
7 16
2 41
14 3
22 30
13 51
20 48
14 2
16 16
10 32
12 39
19 32
18 56
19 62
10 8
12 34
11 34
1 45
10 62
9 67
15 53
10 66
12 27
16 37
20 18
18 24
22 14
21 42
22 36
9 13
3 32
18 51
17 33
5 44
14 12
6 18
18 4
7 37
21 35
12 65
13 62
11 44
18 56
13 28
16 59
0 56
11 4
8 3
1 53
5 14
6 66
13 20
3 1
10 47
2 16
18 44
13 3
2 59
12 11
6 8
15 56
16 46
15 11
0 23
10 21
15 63
8 34
4 42
18 46
22 43
18 21
8 30
3 14
5 21
0 7
7 44
21 25
5 1
8 38
4 38
12 65
13 13
17 32
17 55
21 20
17 54
9 40
6 6
0 39
20 53
2 16
6 50
14 27
12 37
19 48
2 63
20 23
1 46
6 51
3 63
6 53
22 67
20 6
6 62
13 64
5 30
15 5
21 31
14 36
4 57
21 16
1 49
10 21
20 19
0 23
10 32
6 48
3 61
22 27
2 62
18 35
9 51
0 55
0 64
3 10
4 27
18 37
4 17
13 52
19 65
18 45
1 57
8 37
15 15
15 40
7 55
14 17
14 26
0 22
3 44
5 54
19 49
2 11
7 25
9 5
0 40
14 24
16 19
8 14
5 30
1 40
18 45
17 39
5 10
7 43
1 5
0 56
20 20
22 54
8 32
21 45
17 34
19 35
7 66
8 62
7 31
0 5
15 65
18 50
6 37
12 15
14 10
11 36
13 19
6 50
21 22
12 48
7 23
14 60
13 1
17 55
2 20
0 39
10 51
6 52
16 36
11 50
21 29
18 31
20 7
14 67
22 41
9 19
16 22
20 36
8 9
5 9
4 16
16 34
19 17
3 26
10 16
6 24
12 21
1 27
5 15
4 17
8 0
17 26
3 29
3 3
6 11
3 14
10 64
0 17
11 40
20 12
13 49
18 25
15 63
20 3
11 62
3 42
17 18
18 0
17 2
3 20
17 57
8 47
0 3
3 45
12 51
13 3
15 45
22 49
21 11
12 61
5 64
10 24
6 23
22 20
5 13
15 43
18 35
20 30
16 54
22 37
14 17
16 11
0 60
8 45
3 67
16 41
18 57
20 30
18 13
8 12
22 13
15 38
11 44
11 62
17 67
12 40
11 15
15 56
18 36
2 23
16 62
16 45
1 3
11 12
3 54
8 13
22 7
18 24
22 16
18 46
17 18
16 0
13 57
6 9
21 33
4 13
10 49
11 46
11 19
20 49
5 4
12 14
3 23
7 37
16 34
19 9
6 44
1 25
17 61
13 35
3 2
2 25
6 56
12 58
4 11
8 44
3 54
2 42
22 43
6 4
22 8
16 36
8 33
7 30
16 28
21 16
13 24
7 56
19 64
14 47
2 51
5 3
0 22
16 28
14 63
19 30
4 48
19 66
0 7
8 55
7 35
17 31
16 19
6 49
2 41
2 51
1 22
22 63
20 52
15 36
10 53
10 43
9 44
12 47
13 50
15 0
7 38
19 9
19 3
11 5
10 40
20 67
16 15
6 54
1 63
20 1
22 47
16 55
21 48
20 18
2 59
1 32
17 36
22 67
11 37
3 53
13 8
17 51
1 57
4 62
15 47
20 65
0 25
5 54
17 31
8 47
22 15
16 60
4 38
5 0
6 64
14 65
13 64
13 16
1 45
12 46
10 62
7 42
19 16
20 24
17 10
0 20
20 46
15 18
12 14
11 67
19 28
3 5
14 5
0 54
9 36
18 49
9 41
5 42
21 31
5 61
5 43
18 22
9 6
2 45
0 33
16 2
10 31
4 21
21 61
17 53
14 44
18 57
20 61
1 2
6 49
14 36
12 40
12 49
20 28
4 14
4 64
18 18
14 22
21 25
5 38
21 19
4 45
0 30
13 20
11 54
4 45
19 14
17 47
8 59
9 34
21 11
15 6
3 25
4 19
14 15
3 24
14 37
4 62
6 51
18 62
0 37
7 63
20 27
6 23
7 44
12 51
17 57
10 55
8 16
18 14
3 64
7 22
22 29
11 66
3 25
22 12
5 35
2 67
9 36
8 13
15 19
7 53
14 60
0 12
13 58
1 44
3 45
1 33
8 43
5 7
11 63
17 7
13 30
1 3
0 4
21 39
15 63
4 16
7 41
11 47
11 17
17 52
15 54
22 60
5 60
2 4
7 29
13 18
5 57
21 46
4 54
19 64
21 52
21 22
11 65
7 9
12 20
17 34
18 12
2 11
3 17
1 33
12 13
9 57
11 64
14 36
12 8
2 15
7 32
17 3
12 52
2 13
3 20
9 46
3 34
5 53
15 43
9 54
9 54
0 13
14 4
8 64
15 53
14 46
2 21
11 35
1 2
4 66
20 5
10 67
10 16
14 54
6 51
1 39
14 29
20 39
21 11
5 42
19 52
21 49
2 53
8 28
8 43
11 37
9 35
18 21
12 56
2 25
3 4
20 64
14 51
11 2
17 13
21 19
7 48
15 61
14 13
16 59
5 0
8 40
14 7
15 9
21 48
22 54
16 25
6 9
18 61
16 61
13 58
19 43
22 47
4 21
14 12
19 50
20 20
7 48
10 15
2 66
20 32
6 36
22 10
1 5
17 44
7 37
19 66
20 51
20 53
7 35
2 32
2 60
18 8
7 1
14 32
21 42
15 9
7 58
18 14
18 15
7 53
4 59
2 37
15 32
22 58
14 2
12 37
7 60
11 65
0 37
7 14
8 60
6 38
16 54
2 67
22 47
10 56
14 27
2 35
17 21
6 17
8 49
0 50
19 24
15 65
14 42
12 41
9 0
2 65
13 61
3 6
3 22
17 63
6 52
12 23
0 60
12 47
1 14
7 65
5 49
14 21
10 38
14 9
1 2
3 22
18 18
14 20
22 11
20 18
5 61
9 5
1 53
2 14
20 36
13 36
22 8
14 22
8 60
10 5
14 5
16 51
16 39
2 53
15 37
1 23
14 66
2 31
3 11
1 0
0 17
8 9
2 28
10 62
1 45
6 13
21 10
19 45
16 58
20 5
21 12
7 62
19 61
4 13
10 2
4 38
8 38
3 2
6 54
22 64
12 52
8 42
12 66
9 49
13 29
4 17
20 38
16 59
17 7
18 9
9 49
11 17
4 2
14 65
16 8
7 5
11 32
11 65
5 44
14 34
13 26
20 13
15 18
11 21
2 49
6 40
3 0
16 41
17 58
4 60
19 5
9 43
7 33
2 14
19 15
9 23
6 11
8 66
16 22
8 38
16 20
6 56
18 7
4 3
8 11
3 47
5 14
11 46
13 61
21 14
5 61
13 55
10 33
11 60
8 59
4 42
14 34
3 31
11 16
8 67
20 18
4 38
3 50
9 61
19 52
10 26
15 26
5 62
16 59
15 23
15 21
19 42
8 4
16 52
12 23
17 28
15 52
3 1
13 66
9 43
8 13
22 41
10 39
1 36
5 33
12 53
15 48
6 9
14 55
5 8
6 44
17 34
15 27
4 31
22 4
10 48
8 60
19 54
11 23
19 10
1 28
17 63
8 24
18 41
3 61
15 56
2 52
2 26
5 58
9 42
12 48
6 67
20 39
18 1
15 67
12 60
10 6
11 17
15 64
2 17
12 48
11 67
7 13
12 10
12 36
11 26
3 36
16 24
10 46
4 54
11 3
22 55
9 27
4 3
20 3
22 1
11 41
8 13
22 13
1 43
10 59
8 47
19 14
5 21
11 23
20 46
21 66
13 38
15 34
1 4
3 14
15 33
0 63
20 35
1 25
17 4
18 21
8 64
3 11
19 15
18 67
0 26
14 53
3 66
12 55
3 60
0 22
15 19
1 50
20 5
14 0
16 53
6 20
8 45
5 53
4 1
18 36
18 59
21 56
9 4
20 7
20 31
19 43
19 56
12 11
19 65
6 3
20 65
15 57
5 43
4 28
21 54
1 2
14 29
21 10
9 26
18 29
0 22
22 46
6 23
6 36
11 45
0 47
11 50
22 31
21 54
20 29
9 47
15 42
15 64
9 58
15 20
13 60
13 3
7 63
12 49
22 67
4 60
20 42
16 54
14 27
2 32
5 67
16 30
21 49
14 48
10 13
21 7
0 34
2 29
18 21
4 30
13 27
16 23
8 62
6 57
21 39
18 46
1 31
15 16
20 22
18 46
18 3
8 2
15 17
1 34
11 27
20 34
0 2
9 54
18 19
14 9
1 3
6 46
7 7
7 56
18 15
1 23
17 60
4 13
5 41
3 12
22 20
4 22
5 15
9 52
0 45
0 39
12 61
6 17
21 14
5 7
7 27
14 67
4 64
1 12
4 22
8 8
0 8
13 18
1 61
14 0
18 47
18 18
20 19
5 49
19 2
14 45
13 52
20 46
2 42
2 18
13 62
16 2
9 60
5 39
12 28
20 28
20 57
13 26
3 26
21 57
4 32
2 50
9 38
22 65
14 17
1 39
7 1
7 17
12 22
0 14
22 7
11 41
11 51
10 18
17 63
2 24
17 39
20 6
2 33
1 3
6 41
2 5
0 58
15 38
7 22
8 55
1 39
2 58
1 58
3 26
17 35
3 65
12 11
14 50
13 43
10 47
22 32
12 42
7 9
5 37
9 47
20 42
1 19
19 56
2 4
19 52
4 18
13 26
13 47
13 47
8 67
5 23
1 25
0 42
15 5
12 57
16 39
15 58
18 64
16 58
18 67
6 65
20 6
4 32
12 47
4 22
5 6
18 65
8 49
3 44
9 45
22 14
16 24
22 47
4 15
6 8
3 64
1 54
12 12
0 16
20 42
16 43
5 42
18 67
6 56
1 26
18 5
2 37
9 55
17 28
6 44
13 7
2 4
19 8
11 53
17 56
19 42
10 32
19 60
0 46
12 15
4 7
2 36
19 26
10 1
16 50
9 13
6 13
3 13
3 24
17 62
5 29
5 15
10 54
17 63
14 13
19 55
17 22
12 42
2 23
8 34
22 0
13 33
8 54
20 6
17 27
1 11
8 8
14 48
16 19
3 65
3 9
13 50
16 1
6 48
17 61
1 1
13 51
15 54
9 31
19 5
5 60
16 30
9 60
9 0
17 38
21 20
17 23
9 28
20 6
3 65
6 4
6 14
13 28
2 48
6 25
2 67
22 30
16 44
4 42
19 1
5 33
9 60
4 1
6 9
6 31
22 38
22 21
1 27
8 4
3 5
1 30
15 2
0 19
16 30
10 18
11 34
9 1
8 38
8 14
17 10
16 11
4 54
22 48
16 1
12 10
11 67
7 5
1 37
18 65
20 13
2 25
9 37
9 44
20 59
7 15
13 50
0 29
9 25
4 61
10 30
16 30
3 28
3 16
15 3
6 50
22 2
6 13
7 8
19 14
2 38
7 28
15 43
1 18
9 57
8 54
14 57
19 4
17 59
10 55
21 24
4 55
13 25
17 65
15 38
9 61
18 35
9 42
22 45
1 47
7 17
10 10
6 11
4 18
17 4
21 52
5 25
8 33
6 14
4 23
6 50
20 57
22 36
20 38
18 42
11 59
2 37
5 26
1 14
13 11
1 24
8 32
16 25
2 12
6 3
2 22
4 30
14 15
1 24
12 55
14 50
5 16
0 53
15 27
6 5
16 2
8 53
20 47
10 56
20 29
16 61
14 6
11 53
20 12
2 32
17 52
7 48
2 16
13 54
10 1
14 46
15 63
14 34
8 29
0 32
4 24
4 21
21 4
14 0
20 64
3 36
10 48
0 58
16 47
16 12
22 39
0 6
17 29
9 60
8 32
18 53
11 53
0 34
0 14
8 13
19 61
11 21
17 59
15 50
1 0
4 52
18 29
8 20
21 24
9 10
4 66
14 55
13 43
8 46
20 37
1 25
4 41
15 19
18 50
3 24
3 37
5 53
22 42
12 8
15 19
1 1
2 15
1 63
17 59
13 15
12 7
5 7
14 15
6 33
10 45
11 55
4 3
13 19
9 53
10 50
20 53
15 19
12 45
22 19
21 44
22 44
0 59
21 23
19 7
21 50
16 21
14 5
11 5
10 61
5 65
11 2
3 58
5 20
13 6
5 40
11 58
15 34
11 29
22 58
14 22
1 51
12 46
22 30
3 2
4 52
14 27
20 7
16 31
22 67
16 39
2 9
7 35
2 35
15 13
18 65
14 19
2 8
5 34
21 0
12 11
21 64
19 6
21 8
14 34
22 4
15 12
7 44
19 21
19 29
17 29
10 45
2 24
18 6
8 27
15 33
14 48
18 16
16 44
21 22
4 23
5 34
11 40
20 44
13 1
1 35
15 61
6 48
9 66
10 55
22 42
16 53
13 22
17 47
15 20
18 66
4 35
15 54
18 61
2 18
6 15
18 17
6 26
21 35
11 66
13 9
11 63
14 44
19 26
21 2
15 7
14 39
22 60
18 41
8 62
16 2
1 29
20 2
9 56
16 32
18 21
7 51
17 41
2 4
4 1
13 53
7 18
4 24
21 2
19 6
1 28
14 30
21 25
17 62
18 51
8 41
18 38
15 3
4 0
0 34
17 37
18 36
3 48
19 28
8 16
5 51
10 16
1 14
0 35
12 39
9 23
10 4
22 44
19 33
16 32
7 16
22 62
3 25
12 21
6 0
9 57
0 64
18 52
17 29
16 52
13 54
1 25
11 49
14 53
8 35
4 5
11 50
4 17
3 45
19 60
13 22
9 67
9 15
19 34
22 1
5 64
20 55
0 20
20 26
17 55
3 33
19 2
21 0
9 15
10 60
16 19
16 61
6 26
20 30
16 54
16 29
10 23
11 53
17 27
19 6
6 35
13 62
4 20
2 11
10 38
6 4
9 20
7 57
21 43
13 58
6 27
9 38
0 1
7 18
10 13
5 16
3 49
9 32
8 31
5 20
8 21
3 3
16 1
0 47
11 56
18 37
11 43
4 66
9 59
14 64
18 22
20 10
14 0
4 31
0 50
5 48
17 65
1 10
20 1
1 44
13 41
13 57
17 15
22 12
13 34
19 63
21 15
16 49
22 63
13 2
10 14
2 38
7 6
21 51
20 63
10 61
5 4
17 15
18 29
1 39
10 61
17 42
21 44
20 24
7 1
18 49
20 50
20 8
12 64
20 22
9 9
4 2
9 8
21 33
19 60
17 23
2 36
18 58
10 4
20 34
4 52
9 10
12 67
11 16
7 2
14 0
8 0
19 8
3 45
1 40
1 61
19 0
6 10
18 58
11 17
7 24
2 3
4 18
4 39
20 1
5 40
6 46
2 49
20 58
6 55
2 7
2 18
16 11
6 32
0 38
14 16
18 27
20 3
21 40
15 4
3 50
10 48
2 39
3 36
0 54
5 27
11 24
18 18
13 42
5 42
17 43
12 37
2 23
5 10
12 3
13 3
12 30
20 23
6 3
5 24
2 33
6 35
0 9
2 40
8 16
6 1
5 51
2 52
15 45
15 9
7 17
22 20
3 21
0 47
9 51
5 33
21 61
5 64
22 49
5 7
0 48
17 51
8 33
21 40
5 59
11 57
3 57
0 30
17 33
2 6
19 2
5 52
21 16
6 2
8 27
16 38
4 18
13 37
15 30
17 30
1 15
19 18
2 25
9 25
22 36
20 14
16 33
19 28
16 5
16 33
8 27
18 41
12 54
18 55
16 8
21 54
19 62
12 9
10 67
10 53
16 2
0 46
1 14
3 63
20 28
11 55
13 10
12 58
0 35
10 38
14 31
6 48
22 63
16 27
11 67
6 16
21 30
16 59
21 12
8 49
0 32
4 9
18 14
7 25
18 9
20 3
15 20
11 56
9 7
2 51
12 37
10 47
18 33
20 18
5 4
16 12
11 65
14 17
6 7
13 64
16 55
8 40
2 21
10 28
2 2
18 7
6 36
2 16
16 60
0 49
20 37
19 54
10 9
2 36
22 37
17 1
21 3
17 25
17 42
1 27
8 55
15 8
10 65
12 34
4 39
11 48
14 0
3 41
12 10
4 15
17 55
6 53
11 12
14 11
5 7
17 63
16 32
14 43
0 53
12 2
2 18
15 47
9 55
17 32
4 57
2 55
9 23
0 23
0 7
4 35
12 62
22 51
5 66
20 14
3 47
2 28
6 8
14 28
13 7
18 46
6 34
19 30
15 47
2 50
14 2
12 49
2 6
1 6
14 12
4 42
0 24
12 45
10 23
14 46
10 17
7 20
13 17
12 50
17 41
15 36
8 64
0 24
22 14
10 37
6 47
19 23
16 0
8 58
10 48
1 28
1 54
10 4
21 30
20 2
8 56
2 23
21 60
10 17
6 38
10 15
21 29
3 44
0 59
12 58
10 58
17 3
7 38
0 56
8 62
14 62
21 13
3 45
1 60
6 22
9 13
4 51
14 21
12 18
8 52
14 20
14 17
13 13
10 37
7 13
18 23
12 32
14 1
21 49
20 49
14 5
7 63
2 9
3 28
11 2
15 28
21 22
2 28
2 22
4 66
17 23
9 28
2 28
8 22
17 20
6 55
6 9
16 20
11 59
17 38
17 51
3 6
7 21
0 57
17 46
6 13
18 50
21 29
5 13
9 38
7 41
21 57
18 61
19 12
14 37
19 55
12 54
15 29
0 19
10 11
14 34
4 36
19 19
17 25
0 45
6 61
14 47
13 35
20 18
9 37
4 59
13 7
3 14
9 21
11 0
9 0
18 3
0 63
5 31
10 42
17 46
2 41
19 32
1 7
14 3
18 16
2 64
8 28
9 8
9 39
4 46
0 60
6 66
22 1
3 19
3 62
22 66
13 42
5 57
7 56
9 66
5 31
19 49
19 3
4 52
6 59
22 21
6 27
0 44
10 46
1 16
18 44
21 4
17 43
19 47
2 27
1 17
4 14
18 45
12 17
16 52
5 43
0 47
8 65
11 43
4 65
9 7
15 44
20 49
15 13
0 51
11 3
16 66
14 61
8 29
22 2
18 30
3 3
10 11
11 5
14 8
2 32
16 32
10 19
16 29
11 43
15 16
16 1
6 4
4 13
12 9
16 7
10 60
6 14
8 25
16 24
22 7
4 30
4 0
5 33
21 60
10 29
0 25
1 64
2 8
15 4
21 59
10 55
16 27
4 34
16 43
22 30
0 48
21 19
12 66
1 48
13 10
4 27
13 47
14 37
9 23
15 52
18 15
5 24
17 11
12 52
18 22
8 65
8 37
21 40
7 30
11 28
18 35
2 52
8 60
4 6
2 19
8 59
16 36
6 54
12 26
21 53
12 21
1 66
15 55
7 62
13 58
7 13
17 37
9 16
19 29
22 42
2 32
3 57
18 58
3 55
0 52
15 7
5 62
18 54
22 49
21 66
6 27
16 7
21 38
16 54
4 12
14 28
13 50
19 15
9 18
12 30
2 45
13 47
14 14
1 39
5 28
0 52
4 60
2 62
6 51
7 31
9 67
17 15
20 66
18 5
3 51
18 6
16 5
2 3
5 4
10 60
13 10
0 34
13 42
10 21
6 42
4 21
18 63
6 35
21 22
2 37
12 61
5 38
0 12
4 4
4 38
6 18
6 60
7 54
2 38
22 40
1 4
13 30
22 17
17 60
15 57
17 4
17 32
0 14
11 65
17 59
11 65
7 16
2 55
12 66
18 18
4 67
14 27
9 35
6 35
6 46
20 2
22 16
14 45
22 50
19 24
11 44
1 49
12 50
4 17
1 39
10 58
16 8
8 19
11 11
12 22
12 38
11 4
0 49
5 41
13 65
7 49
5 38
2 32
13 19
1 6
18 61
4 44
2 39
22 39
2 45
9 24
11 7
3 56
9 26
20 19
18 66
3 24
12 23
4 35
7 56
21 25
19 3
20 38
7 20
2 23
8 34
16 20
10 32
4 27
11 51
22 40
11 53
9 21
0 51
20 59
18 11
8 15
0 5
16 62
22 65
16 31
13 46
13 10
20 53
3 41
13 32
14 53
21 54
4 31
7 30
16 50
20 41
16 5
15 59
3 8
17 49
5 32
18 62
10 10
2 9
16 46
19 8
17 36
12 4
16 36
3 30
21 14
21 46
7 56
18 54
12 16
18 45
12 9
4 5
16 27
19 36
12 54
2 66
11 32
10 44
11 30
7 52
13 38
4 43
12 45
17 47
9 19
4 26
7 59
14 36
2 26
16 30
20 63
21 10
2 40
5 22
17 11
1 21
19 42
5 31
2 17
22 50
20 4
13 45
7 57
16 30
5 48
8 35
8 60
1 8
14 63
0 16
8 16
14 26
12 39
17 23
4 67
13 61
14 64
1 58
15 20
2 32
22 55
20 32
8 45
13 4
18 63
0 41
22 32
9 3
17 36
21 33
1 31
6 12
22 32
2 44
1 66
13 27
4 62
0 15
18 27
15 35
15 53
2 26
6 2
15 8
17 5
16 5
9 5
16 28
14 67
5 8
17 15
8 35
21 24
7 36
14 58
12 61
4 27
2 14
4 39
6 38
18 47
12 57
8 11
4 55
10 33
13 25
5 17
1 19
11 16
18 31
22 6
10 23
13 29
1 32
6 20
21 31
7 7
1 50
20 61
16 28
8 43
9 29
1 28
21 4
21 61
7 57
15 27
19 51
1 46
18 26
22 0
7 25
8 61
7 62
8 41
18 21
18 31
20 50
13 38
4 47
9 12
22 23
5 57
20 40
8 16
12 44
16 67
16 35
8 49
22 34
13 18
20 12
4 33
12 9
9 47
6 45
22 24
18 11
6 9
6 46
3 47
8 45
3 17
2 42
21 18
11 15
13 28
3 23
9 37
10 12
1 46
9 3
4 4
10 38
4 46
11 4
0 35
20 31
4 56
15 59
8 21
19 24
5 22
1 42
12 22
6 67
3 30
1 6
6 61
18 32
17 17
19 19
9 18
12 35
13 3
20 18
8 29
5 6
4 20
1 37
3 63
11 65
13 30
1 2
17 55
0 33
0 57
5 56
11 49
13 22
16 1
13 5
11 21
9 21
12 31
14 60
8 6
1 53
7 22
9 50
1 15
5 22
22 10
11 11
5 47
11 37
6 66
16 13
10 47
20 31
13 60
17 8
9 44
2 67
5 18
16 24
1 44
7 7
5 7
0 20
8 15
9 42
3 60
20 46
12 4
11 47
5 59
14 49
15 60
20 61
19 15
8 2
14 1
4 18
6 29
6 29
22 35
16 20
22 33
20 20
19 18
1 50
21 50
10 66
10 54
21 38
1 43
13 50
17 57
11 0
15 18
19 49
16 16
8 26
4 42
6 27
13 33
21 35
20 0
5 46
13 63
15 12
3 51
14 12
17 21
4 60
6 8
5 15
1 67
14 12
12 22
0 26
9 38
17 55
12 34
2 50
13 38
20 65
1 56
13 64
21 49
11 14
12 0
3 45
8 38
9 64
1 49
19 20
6 60
0 45
8 0
11 61
9 43
5 55
20 32
13 11
9 0
16 48
5 66
16 12
15 31
5 27
15 37
19 58
7 48
0 66
22 7
16 23
7 27
3 64
20 14
6 51
17 8
7 43
13 34
5 55
21 18
15 13
5 63
1 30
1 40
5 7
11 7
12 7
15 31
15 38
2 1
18 27
5 10
1 66
0 33
6 63
18 13
14 55
12 59
20 53
18 54
11 34
8 52
17 37
14 46
1 34
19 4
10 0
20 17
22 52
18 16
20 2
22 55
3 1
0 63
14 19
5 34
8 3
3 35
3 17
12 39
22 29
15 2
8 67
7 30
12 15
2 27
1 67
21 58
22 36
2 42
5 0
4 10
13 58
0 18
5 57
21 38
21 37
18 3
21 54
9 17
12 29
8 56
12 21
10 19
15 61
21 23
17 30
5 8
6 26
19 23
12 54
20 5
9 27
7 26
5 2
13 27
20 42
15 24
1 13
15 0
5 22
6 26
3 41
17 7
20 59
12 51
18 12
10 13
5 58
15 43
7 40
7 41
14 26
22 41
18 25
3 66
1 25
1 3
20 50
16 3
11 20
15 17
22 7
22 2
13 42
2 30
9 15
2 57
15 27
1 3
5 42
14 21
0 48
19 59
14 34
19 30
16 67
13 12
19 19
5 54
14 0
6 34
22 62
5 25
5 40
21 13
7 44
8 15
2 21
12 6
10 52
1 65
1 21
17 24
17 53
8 11
6 19
19 67
14 55
18 39
3 55
4 64
22 36
1 0
6 47
20 53
1 38
16 60
20 35
13 62
19 39
19 65
11 56
17 47
10 43
18 45
4 16
20 32
6 57
12 8
1 65
16 16
1 10
0 23
21 17
21 61
5 47
6 66
9 4
7 44
12 34
12 4
16 54
4 66
3 49
21 2
3 48
3 39
13 17
10 11
9 61
5 37
11 11
6 27
18 25
9 35
8 66
9 35
15 3
10 61
14 52
19 37
18 55
12 40
14 44
10 45
3 18
16 11
10 33
14 41
14 48
19 46
21 23
10 34
16 51
6 40
9 17
11 1
5 19
10 16
11 42
7 40
5 59
6 66
3 0
16 5
4 5
8 53
10 63
6 5
6 50
9 17
6 28
7 41
18 30
13 55
17 11
2 2
22 6
12 40
17 61
7 55
0 27
7 40
2 61
17 64
11 25
11 33
0 21
4 20
12 29
13 35
1 7
8 34
7 25
8 10
16 59
10 5
13 46
16 50
22 22
7 7
4 28
9 29
1 67
21 19
8 32
7 3
4 10
17 28
6 63
2 24
1 12
2 21
1 20
7 50
17 14
19 15
14 31
20 59
2 44
19 56
1 45
1 0
12 4
18 60
20 60
9 21
11 46
11 20
20 28
15 57
14 5
8 62
