68 44 3560
4 3
59 204 2753 1993 1123 548 2261 641 1487 864 1978 2917 797 2384 243 805 2385 758 1902 1587 1086 1962 2581 2518 1613 2 2276 1331 1112 2073 1639 1795 2457 1359 2663 1672 2546 1942 689 1272 2647 266 2826 1205 1336 942 1453 1201 1016 2949 988 750 2674 115 1338 1417 1609 170 585 745 2399 351 2162 2327 96 785 2558 2068 
582 504 630 950 2856 283 147 2291 754 408 8 2645 1372 912 1792 306 17 2989 2421 2313 418 1285 815 322 2619 736 1144 350 2113 857 696 93 2796 821 1169 2864 2877 2614 932 2941 2820 393 2721 2628 2130 1062 2070 1440 1059 1620 1392 2375 2976 278 1889 259 2167 644 1245 551 2733 1437 1727 1900 1461 846 33 2884 
810 2560 926 2929 1509 1895 936 877 1866 135 552 2337 1137 1492 840 2583 947 409 245 531 1240 280 2673 2308 573 2430 7 803 1868 1471 2907 76 95 2414 1864 2857 1287 1019 935 2210 2552 1880 634 2205 2549 2429 1104 959 1002 1083 358 526 2833 863 2585 34 1811 2840 2334 12 22 402 1110 1786 56 2671 1660 2438 
2317 2803 2797 571 2873 2659 2172 1058 304 2090 1848 1174 1313 67 2664 729 1434 2633 541 970 882 581 460 829 1612 2265 2191 1723 2125 1149 2369 14 2216 782 2080 449 2148 1728 2800 1661 1529 2195 925 1286 2178 2350 411 1823 1081 1750 1314 1138 1486 323 1694 2698 2625 2447 464 1462 868 2019 2208 2473 2657 2279 1306 2089 
492 1636 841 415 2233 2281 256 1467 1505 162 2467 1226 2719 1510 1101 1039 1685 237 1160 1043 2079 2177 317 2093 579 2060 2372 559 2701 1884 2278 2182 509 436 1705 44 941 648 1640 1535 716 273 1301 543 2058 122 982 1195 1464 305 1494 2575 2164 623 2118 1695 1347 2966 854 2360 1305 2650 1258 1264 2153 1713 1857 2395 
2646 2344 1517 216 1689 2648 1654 329 1626 769 2582 1550 874 709 2084 1533 382 213 1667 300 446 1844 110 1571 1172 1365 2603 2406 1781 746 2396 1422 1693 1721 1681 817 2232 2028 1296 693 1193 1888 610 576 1582 2942 2844 2074 441 633 2729 2700 2972 1212 2102 1446 1855 1927 2407 567 976 220 2747 1178 2155 1373 202 2946 
2810 2310 1181 2830 37 2639 1525 1164 116 2150 1814 1218 1400 809 2502 2776 2085 1168 2403 192 913 834 445 1130 2791 1283 426 2527 1420 1633 2710 248 1838 333 1498 1926 1742 1507 2528 890 359 949 229 617 886 1924 808 2226 2890 1570 1231 1262 1448 1539 1783 975 364 1591 215 468 1788 1196 1469 921 2726 1353 1948 501 
19 1749 470 47 1645 2930 2227 270 2925 1257 308 2780 1675 881 1150 1040 75 870 2695 2893 1629 114 2022 2110 2105 2881 2727 1463 2987 61 1311 1366 488 2818 818 2913 2621 1817 727 39 1568 2145 1337 2825 1886 2072 2607 1933 2101 1847 2346 142 1778 2087 2649 462 2212 254 1065 1658 165 2204 380 1999 1310 2821 2601 1499 
2551 2304 337 2433 86 150 1271 1114 2662 1416 486 127 1242 927 1720 1007 1309 1820 1748 1202 155 2684 2444 2964 2277 1701 1925 1566 294 1092 1806 1115 1758 849 2526 2010 2754 1813 2922 1252 2539 2971 1364 1508 1662 2690 2875 395 2686 2632 1718 475 586 1530 893 320 1134 2059 2782 1346 2354 1165 655 588 2938 208 403 2141 
2029 884 555 778 2757 710 1979 2765 269 923 2602 647 2368 1544 866 386 139 1739 277 2876 2808 97 1836 814 100 990 662 2900 842 2461 1125 777 1802 1194 1116 2173 1872 212 2845 1180 1363 1869 2107 2187 790 1129 419 2345 835 1960 2790 2565 2841 326 1677 761 600 584 2736 515 238 768 685 1070 897 1717 182 1495 
683 1279 2676 700 725 2759 32 1928 739 1216 2038 1724 2262 2301 519 79 713 2863 70 2604 1622 2456 651 1679 1956 2957 536 1238 1981 695 1500 1330 1996 1547 2590 362 104 1418 2973 199 1162 1351 241 132 2231 1233 347 1322 1050 2015 2500 2330 2566 2635 1766 903 2531 1472 2931 1827 296 924 1428 2666 1596 2569 1135 875 
2378 972 744 650 2623 2540 193 1666 2288 2146 2083 2478 2783 152 2325 106 532 1988 954 2225 1599 596 1991 1562 1061 2755 2464 1798 980 500 2924 207 533 2832 342 383 2123 2956 378 690 1379 1452 249 1603 1147 490 2784 1752 1643 2883 301 1315 2481 2030 74 765 955 2217 1256 2498 2004 547 2819 563 728 50 2380 625 
469 1634 1044 2234 948 2158 2199 1769 1542 1688 2109 916 310 2732 125 1906 399 1082 1726 1376 986 2138 242 2936 345 1833 1801 1567 538 1731 1961 2962 2144 2054 357 4 2241 2919 561 1972 2504 81 2724 1538 2382 2588 2462 1033 1578 1954 2274 1648 2939 1834 2316 371 2454 2465 1303 887 2752 2416 1282 349 186 223 1671 1478 
1776 206 1047 2484 1053 883 517 3 2680 1923 639 1657 1297 107 189 1912 858 2119 1316 665 1470 674 1958 1715 2264 2866 1623 1005 2587 2513 1161 228 2398 2285 214 1243 284 222 646 2446 234 1697 2448 977 966 1378 1100 1341 2580 1034 43 2213 367 2479 414 478 2491 771 2541 902 203 2332 157 2742 1411 2947 2817 2610 
2909 1360 5 518 1501 669 812 1830 969 360 2529 2854 1023 960 138 134 262 363 92 2597 1206 1248 2263 2114 10 1075 2422 2459 2075 1371 2235 18 1269 1284 1725 521 1064 1703 1563 2739 1035 1370 1323 668 2149 2477 1030 2106 678 2340 766 1340 2620 1536 285 2704 2744 1395 2886 2697 2953 90 2902 2642 1088 2230 2896 2211 
2564 1630 1759 2048 601 1099 1067 714 1241 1299 636 1940 1504 2159 1590 1298 1423 2357 185 1764 1522 1710 1455 2174 1601 2091 172 937 1318 583 443 2694 2932 272 568 2981 1770 2675 688 1588 1527 813 1384 2768 1425 671 1964 2458 1051 2824 2689 340 2121 274 827 566 762 2986 2894 1419 240 2086 1589 1973 1607 496 2296 1577 
365 2248 120 1593 2763 2238 2613 629 1265 992 151 1439 1003 2420 1910 2774 2908 734 13 1840 1077 2888 523 1449 2605 2703 1668 885 833 2934 743 55 764 331 2185 2012 2722 2275 2524 89 281 2814 1057 2035 1048 1001 699 2036 2805 1187 1251 302 681 836 2935 802 2544 1454 537 1155 2306 2268 1887 608 2294 1809 2100 1826 
1556 1435 1909 1540 313 1908 2166 1989 2874 666 2140 2631 2510 295 2716 1477 265 1247 611 1268 856 2307 374 2131 435 1656 1229 1275 1753 1191 1442 957 338 2200 1737 53 1211 2108 440 1190 1327 767 1126 316 2594 2392 2351 2366 1274 167 251 1523 1684 578 1321 2472 2595 2452 2571 2193 542 2201 2842 190 2521 2858 23 2522 
1266 1223 2037 2606 2014 2878 65 2474 1624 553 2449 438 965 1207 2530 2439 194 2871 1482 1408 1963 1217 444 442 1387 394 1611 2798 2401 789 967 1131 952 603 2315 1450 628 166 1091 2557 2882 1614 2679 998 377 806 421 2514 1021 2653 1080 2636 1519 1632 1719 2561 1551 985 1432 1389 1466 2534 2423 589 1127 774 1576 661 
1627 1307 1204 2374 569 432 1167 855 77 511 247 1078 1320 2418 2176 879 595 2954 816 227 60 1735 2427 406 1659 2256 1410 843 1158 2512 2968 1132 1388 529 2959 2335 1036 1184 755 943 1409 1569 175 2860 2001 324 2696 2577 187 1277 1871 723 1404 1008 615 705 2020 2787 1175 1875 979 390 1436 2383 1106 1892 1045 2442 
1955 1345 1473 1 124 934 512 1885 1382 2563 1971 2365 2984 1182 2682 2053 52 6 195 2115 180 412 68 2950 143 2295 2914 1722 72 1704 1628 1637 660 1557 1618 852 2142 2251 920 2468 2196 2475 2751 1415 1858 2214 1489 1348 1873 2389 2451 2094 2194 1586 2838 2411 1511 1355 271 2428 1177 131 482 2362 494 1145 1757 1552 
1785 2135 2499 2745 535 1663 2000 619 40 796 2574 1959 931 1213 1513 703 1762 339 2848 2236 491 1261 2356 1669 919 1794 361 73 1784 2300 1383 1700 1263 1352 2705 2250 880 860 2049 2915 1852 1545 2104 2078 1546 823 2486 38 2505 530 1105 1941 2868 1430 2352 599 224 795 1215 989 2723 1328 94 379 911 2596 1702 1017 
1825 686 1339 1711 2018 1102 2576 1980 1665 21 1995 2417 2823 1484 253 119 556 1877 871 9 917 800 1421 1054 997 1548 1405 1686 1433 211 2965 2286 24 1192 275 2031 1228 1699 2026 1779 397 741 722 1863 2133 1447 1740 1867 2488 901 2122 1916 1386 1397 1754 2485 2570 1558 1319 184 1990 261 2393 1232 2735 1085 1295 83 
30 2517 2804 757 1646 2807 507 210 1984 1280 747 1354 1097 1644 2815 2322 2785 1208 544 1068 218 1214 2482 1325 2492 85 1276 2437 640 2098 1828 2507 1761 907 334 2687 1815 352 1151 1744 452 1052 84 314 2039 606 837 895 1846 2537 2412 123 2064 2766 793 1119 2961 575 2616 2249 423 2770 376 1986 2065 288 312 299 
971 20 148 2069 2573 2652 2899 62 1041 2003 692 174 2764 2436 160 2280 64 2579 2667 540 1350 953 1157 2386 474 933 1790 1069 309 1842 1270 2289 1095 128 1592 2305 888 1862 604 2222 1915 731 1076 2532 667 2487 873 2545 1093 2951 798 2045 2267 560 2637 1304 889 2600 676 740 701 1534 2503 2749 2243 2129 2246 1015 
981 1142 250 1818 1631 1465 2859 2927 1361 2258 2730 58 1580 704 355 1531 2312 2361 1821 684 851 196 898 2640 2181 2052 753 2302 2097 2738 11 1947 252 146 562 1393 605 2415 2443 2033 528 2287 973 2584 520 1977 437 463 1293 2508 2082 1755 2055 1965 2536 1619 1952 565 513 2426 477 878 1020 1292 1290 682 2692 1543 
1932 2209 804 845 1407 2643 602 2240 2802 111 2702 2290 677 1199 2023 2206 225 1333 1159 2777 775 906 2013 1391 779 1598 2677 2062 2887 792 2034 456 25 2706 2394 1308 516 2009 1642 1969 756 2933 2152 2455 1797 1625 2926 2424 276 129 2967 209 2928 318 2466 453 1281 1859 649 770 424 2912 2223 613 539 1687 1426 853 
2812 319 328 1843 2008 1140 1072 2489 1259 268 2586 2769 638 2550 2043 2297 391 707 592 624 257 1108 169 2186 2111 2198 1234 2299 1260 1608 2435 1683 290 387 1121 1188 1476 1939 368 2974 1029 2592 178 2228 1520 546 279 1998 2321 1502 2081 2425 2041 1254 776 2672 130 819 1537 346 1706 968 1203 1443 2218 1793 2271 2117 
2599 2762 396 1253 2405 57 2535 2021 1865 673 2016 36 826 1692 1396 2516 1554 330 1733 2834 657 987 918 1377 1635 2827 1152 484 255 2132 1518 892 1745 2303 2179 1655 400 1113 2260 2379 2901 1573 2476 900 654 848 2165 2490 1103 2644 598 1893 2348 476 847 1831 2183 978 867 2373 1255 784 2254 31 141 1369 2224 1312 
2139 105 82 2837 1913 1894 1356 799 1994 2169 267 1774 1349 2331 1038 1949 1763 1398 1581 1931 292 297 899 2708 226 2660 1173 2720 1176 2006 1156 428 425 1143 1037 2207 2728 2717 2270 112 66 2088 2523 198 427 759 2627 626 1273 1094 1579 2775 2409 2885 1009 524 1012 2688 126 2734 2328 1111 2892 471 1171 2891 1491 2828 
2432 16 1897 1066 1381 621 499 91 2980 2324 2363 1775 527 557 1032 145 1837 2397 1976 2137 964 1664 1641 2047 984 1937 1621 622 2988 2025 1878 1920 618 2963 2979 177 2126 2758 2778 369 2683 2555 2952 473 1374 2678 510 587 1929 1317 1380 2741 102 1074 398 2336 1922 963 2685 594 1475 2975 1107 2911 711 35 1294 637 
1879 1098 1773 1673 2147 2853 201 993 1911 2314 1403 1516 372 2154 2509 103 1670 2342 620 2494 286 2713 1696 715 282 2112 1438 236 1406 158 580 1936 1730 2591 2562 825 1249 2731 2793 2077 1541 48 1006 2242 2843 787 999 664 144 2665 1235 1118 951 465 940 1561 1945 51 2756 2002 2811 2788 2889 498 2040 260 1772 844 
156 1738 1198 1698 1031 1716 607 454 1849 1881 434 1300 2626 1163 2589 2450 2622 1049 1431 2867 2255 591 859 1329 2879 627 1890 29 2945 1782 956 2370 2904 1288 1063 508 2906 99 298 1468 1117 2160 2593 572 2556 991 2630 291 1385 2948 447 2096 2099 1803 1934 2244 205 233 1896 1917 1712 159 422 78 749 939 451 1585 
1905 680 161 1874 549 2391 163 996 1514 2846 1046 1985 429 2483 752 1891 373 2470 748 1796 1756 2168 1951 2171 41 2419 2654 2410 570 2982 712 1800 2501 2272 1807 1344 2247 1183 1087 154 909 1302 2718 2511 1024 632 2847 2283 2829 597 217 780 1944 2651 720 1743 1921 401 0 2634 1189 719 1938 1835 354 1935 1883 149 
455 480 2358 824 2806 2554 2221 1237 653 760 1154 1528 2598 2057 2567 2870 2202 631 1291 706 1829 786 1414 1676 2940 2746 1357 321 1139 1680 1982 944 2441 2298 2553 811 375 2282 1765 2609 381 1768 1946 80 1682 1564 1332 2273 1853 2239 1736 1483 1845 28 1056 2293 915 1060 1953 489 325 522 2067 2364 1427 2773 2781 1368 
2309 289 1734 179 407 493 2711 2017 675 2044 2761 2822 1120 2958 946 2641 2538 26 1832 63 724 2578 1073 2748 2127 1413 1451 485 1647 1747 1930 1898 2861 1042 1485 1458 2497 2850 1000 1445 2865 1649 1096 505 2376 2767 794 773 2128 2918 2737 1324 1760 183 45 550 2353 2404 2381 2061 708 2326 2801 1055 176 1950 121 2192 
1555 1153 2944 697 2880 1524 430 1141 1230 1610 384 2284 1907 2219 219 1804 15 733 2795 1602 416 2367 1025 2852 1122 109 1267 850 2525 1089 928 614 1791 656 702 495 2608 108 2252 2134 2175 1732 894 1521 820 388 2789 2920 315 2895 2990 742 694 87 2388 2970 2120 2519 1375 2124 497 1822 1210 2051 2572 1497 1146 2184 
2190 861 1983 2629 1026 822 1004 1583 1975 2849 2559 2669 2323 1014 2156 545 2170 2157 1595 2991 938 1824 781 2743 1560 1780 417 303 1861 1597 635 788 2905 164 133 200 1444 466 258 751 1028 1575 738 1250 616 910 343 905 101 687 2180 2259 593 2469 1358 2836 1506 69 1860 458 1854 42 801 1812 1674 1402 450 612 
958 1819 2215 2714 2161 483 2668 1549 1870 1856 1816 2359 191 2670 2862 1441 2638 1362 2960 1474 1481 1084 2937 2612 1690 344 2916 479 2007 1460 366 2320 1390 2903 1901 2408 1394 2624 1225 1221 1133 2715 1399 525 1799 1185 1851 1367 1227 311 945 2032 828 1787 46 98 1224 2319 2245 2794 1011 2197 2709 2617 230 772 1584 1010 
1512 1943 1424 2042 2520 221 1914 672 1335 652 1876 1493 2712 1197 1606 2855 2897 1746 1899 514 1691 1919 1166 2341 467 1751 1771 2116 1987 2390 1850 1970 1553 2699 1653 2387 2813 2434 1708 831 264 679 307 2533 2063 1490 246 830 2076 1904 232 869 235 136 420 2095 2203 2691 554 1729 735 930 2189 2103 1777 642 995 2661 
2229 1457 1326 1222 1209 1992 2611 2445 2163 244 2402 670 2136 1997 2495 1079 1605 2707 2955 1128 2027 502 1572 431 1022 2071 1707 783 1615 2339 2809 2547 2471 1179 862 1013 1600 2431 974 506 188 2046 1638 1503 2985 472 1200 1018 590 71 2311 392 332 2400 2377 2656 356 287 1918 1604 645 1616 2257 481 410 2453 983 1170 
404 2568 2349 2786 1090 1459 1220 137 2750 1882 1808 1966 1244 2413 1027 1526 2740 239 1594 2506 2969 1071 609 433 1456 737 1412 2066 459 1559 1805 2983 2011 2978 721 791 2343 726 2292 2910 564 1617 2092 2839 1479 439 2024 1136 659 2799 54 1480 962 181 118 293 263 698 2338 1565 2693 2658 1741 2355 140 929 1496 2851 
2542 2493 1289 348 88 168 341 2496 732 1124 1574 2921 457 904 117 1709 807 1401 2237 2771 231 1957 961 876 839 832 2872 2543 1342 2329 891 336 389 2266 896 922 1246 1109 1429 2333 1652 2655 2460 2515 691 763 2772 487 448 663 2463 908 405 1967 643 994 413 2143 872 171 2618 1334 865 461 2816 1343 370 385 
353 1236 2923 173 574 2760 327 1219 2188 2253 2151 2869 1767 2548 2371 1278 335 27 718 1903 2220 2615 113 2480 914 2725 2977 2269 1974 1239 1841 1968 658 197 1714 2440 558 1839 2831 534 503 2005 1650 1532 2835 2943 577 2056 2681 1651 1515 1488 838 1810 153 1148 1789 49 2898 1678 730 2792 2318 1186 2050 2347 717 2779 
45 34
15 16
42 30
28 16
55 43
29 0
47 10
36 11
16 23
21 42
19 8
14 31
49 10
19 4
15 33
7 8
43 37
66 35
13 6
57 19
39 0
65 23
6 25
60 26
59 0
14 8
21 30
50 13
37 34
52 13
3 27
63 23
21 25
10 24
67 41
67 23
55 12
35 3
56 10
42 21
31 35
22 20
60 13
13 18
22 13
65 36
61 28
26 16
36 18
62 18
19 36
54 32
5 12
41 39
1 34
52 17
10 22
16 7
47 41
58 11
15 3
36 23
55 26
15 2
11 4
33 30
48 39
6 8
42 10
7 12
42 27
17 33
29 35
43 20
53 43
0 0
13 10
39 29
16 40
27 43
53 15
55 40
15 5
25 24
28 28
40 30
12 21
51 9
28 12
44 36
11 38
14 10
57 33
56 0
54 22
15 29
42 18
62 27
63 22
56 30
56 33
53 11
52 0
7 31
20 28
26 21
4 37
20 11
40 16
17 39
23 37
60 32
13 37
32 23
43 6
21 7
8 9
9 15
52 18
37 8
57 20
24 41
25 3
32 22
46 38
49 10
7 8
15 40
3 17
3 9
65 40
27 13
6 14
12 41
29 30
28 4
59 9
52 7
23 42
24 28
53 5
44 26
33 16
10 17
33 2
46 25
28 13
5 37
1 30
51 8
47 3
20 23
56 2
66 42
22 25
17 29
51 36
27 18
55 19
37 34
9 10
43 16
5 39
59 38
15 20
54 38
44 29
19 20
27 23
66 30
6 15
7 2
40 24
48 2
47 30
2 25
24 26
51 21
1 43
20 17
8 11
5 43
45 40
58 41
15 10
67 12
24 15
20 21
67 38
8 11
31 21
30 32
44 20
26 42
55 13
9 13
4 4
46 19
28 34
7 25
24 31
2 26
45 21
24 25
66 12
7 22
39 39
25 0
20 23
8 28
4 25
44 39
24 41
51 31
42 33
15 27
49 37
40 10
49 20
47 38
41 28
7 35
4 27
36 19
13 22
51 43
28 19
22 32
43 39
64 17
30 20
3 5
34 19
38 21
45 11
32 43
41 35
43 3
16 39
54 6
29 23
53 36
63 39
39 33
42 31
12 41
35 31
47 15
62 8
31 25
50 14
1 37
59 23
67 38
49 21
52 28
13 43
37 20
18 10
4 10
31 22
1 43
10 41
64 19
3 31
45 7
47 15
63 7
37 14
30 28
43 34
65 11
41 37
22 6
22 2
30 43
14 0
30 40
31 42
43 36
55 41
18 22
7 32
48 26
30 21
30 27
46 38
40 31
49 16
23 21
7 13
41 15
5 31
11 42
41 19
5 13
52 12
11 10
34 10
54 20
15 41
45 8
55 23
22 24
43 1
2 33
11 12
44 26
14 41
32 8
7 35
62 3
8 33
46 6
55 5
24 0
15 9
13 34
55 33
3 19
35 14
2 38
56 33
36 39
65 40
67 5
51 34
18 14
48 14
41 31
19 34
62 32
62 15
20 18
57 37
0 20
27 17
10 5
4 10
36 5
62 36
54 28
1 25
62 29
37 2
20 15
8 3
36 27
2 26
22 1
50 36
44 23
43 39
11 14
49 5
0 12
20 10
1 1
51 3
45 35
4 30
60 13
38 23
34 26
31 15
20 18
46 9
21 30
46 25
20 30
65 18
37 9
32 25
49 16
4 32
57 18
34 21
0 39
25 30
25 19
25 38
36 34
9 37
10 37
64 15
20 34
39 4
42 42
43 34
3 9
44 2
57 8
4 42
58 8
64 22
60 39
54 4
0 27
14 5
61 24
29 17
16 26
41 2
24 21
52 31
36 30
64 11
35 4
36 20
30 19
59 10
29 12
12 27
6 20
36 10
21 24
66 33
31 31
13 30
3 15
43 17
64 23
1 10
46 16
59 11
27 41
1 38
28 31
40 13
37 15
1 13
8 21
64 3
23 13
51 34
25 27
40 43
55 38
52 12
56 7
48 41
1 28
22 24
51 24
47 3
45 2
7 6
35 2
5 40
36 38
2 42
65 40
64 12
33 35
16 7
66 19
52 7
8 18
46 16
44 13
34 9
49 20
31 9
7 40
34 25
0 23
51 16
63 39
7 35
27 15
11 40
64 36
48 11
56 0
37 16
39 42
55 8
20 9
15 33
12 15
55 20
66 2
47 19
46 6
31 42
63 4
3 1
43 41
38 2
57 26
51 5
35 1
65 16
57 33
32 3
24 26
18 13
61 32
14 28
28 14
64 25
39 24
30 9
44 37
9 1
6 20
24 0
22 33
45 8
40 34
19 5
9 26
32 42
18 19
32 22
4 20
18 29
7 42
39 42
32 16
16 18
26 28
61 7
5 33
0 25
63 36
58 6
34 12
3 19
25 33
37 21
47 20
64 42
13 33
1 0
23 40
26 5
48 15
22 16
60 4
21 24
37 17
47 17
16 1
11 26
1 8
5 16
20 1
21 30
26 14
8 28
7 17
7 23
28 4
54 29
27 21
15 21
66 31
53 25
12 17
58 18
35 16
55 21
34 34
35 21
63 12
34 17
51 8
5 26
28 21
66 32
57 27
60 33
16 32
40 11
17 43
65 21
2 18
65 13
16 23
25 36
25 34
45 1
62 2
66 35
23 6
51 25
32 8
13 1
5 42
9 27
56 13
29 0
9 35
27 35
57 27
37 28
4 4
37 3
53 14
29 32
56 30
16 36
42 37
24 23
3 38
39 21
42 10
35 37
36 31
3 34
13 19
52 25
24 4
31 28
7 31
35 31
47 33
42 15
9 41
21 43
7 5
47 32
11 17
6 30
61 14
18 12
55 33
47 26
16 40
46 35
43 5
14 37
6 43
40 19
41 40
18 27
56 7
23 35
40 38
54 9
22 29
38 25
44 10
58 7
5 29
49 17
36 12
21 3
47 9
62 24
24 30
10 26
34 31
42 9
10 10
1 24
15 22
11 2
40 27
42 20
30 20
53 4
21 22
38 40
49 12
25 40
53 24
46 8
34 14
63 2
5 40
35 11
1 14
44 42
52 43
58 4
51 0
28 13
47 33
20 10
62 37
42 30
35 3
54 26
67 8
41 7
8 25
3 22
44 36
13 2
22 24
66 39
40 27
46 25
1 9
29 18
61 15
4 8
5 6
66 10
19 25
54 43
8 18
13 25
45 31
55 22
19 18
25 32
39 33
53 40
49 1
46 4
3 1
13 21
41 29
48 16
34 13
6 38
54 41
44 39
34 33
22 35
39 32
30 40
10 31
28 15
40 43
22 0
34 29
49 43
48 35
57 40
59 9
13 20
51 22
45 27
34 39
2 22
11 25
35 35
50 33
25 22
16 13
50 26
28 20
9 4
29 4
50 42
6 15
66 31
17 41
1 32
62 32
8 7
56 29
2 22
34 14
43 2
43 41
20 35
1 18
67 39
1 42
37 28
56 33
55 41
31 28
31 1
33 11
19 36
47 2
62 26
5 31
54 8
62 27
11 2
2 34
49 7
39 42
59 36
15 33
19 41
17 40
10 6
63 9
35 3
39 12
7 25
64 18
35 11
46 29
48 21
42 5
54 43
63 9
39 5
55 24
0 15
15 16
46 4
20 43
7 28
41 11
0 27
27 0
30 41
38 26
37 30
36 25
24 32
47 23
42 3
63 37
45 11
6 13
5 24
6 3
18 7
11 37
53 2
22 8
64 41
67 35
7 26
34 31
10 6
26 13
41 32
36 22
34 16
28 43
39 4
20 24
66 37
66 34
7 40
67 18
42 34
29 33
32 23
4 16
11 7
2 2
1 39
19 41
49 33
27 0
23 30
25 9
5 35
25 15
34 3
56 37
5 39
43 3
10 43
62 2
59 23
39 21
48 17
62 28
54 35
65 20
7 43
19 6
34 10
32 21
24 40
9 35
54 2
65 34
18 4
46 40
43 27
15 19
63 37
56 22
31 1
38 6
56 33
20 8
37 28
64 37
8 29
64 13
41 8
7 22
63 10
38 40
46 0
60 3
33 23
33 18
31 30
59 38
3 8
7 11
37 43
51 38
51 36
55 35
3 8
41 32
37 26
18 8
16 28
60 35
20 16
2 31
63 2
46 1
50 7
10 14
67 15
29 32
63 40
3 17
67 28
7 17
14 10
6 19
0 3
14 34
46 0
52 35
8 24
35 20
16 20
32 38
34 4
36 17
35 23
16 41
40 24
7 28
39 21
17 21
12 40
47 2
51 8
54 12
26 39
55 7
61 1
5 21
39 35
8 10
64 18
67 14
54 35
34 9
42 8
9 37
26 34
42 14
45 6
47 2
29 24
6 38
57 40
23 8
55 23
22 34
67 22
34 38
34 15
8 32
25 31
29 17
66 42
29 1
20 17
66 7
34 31
2 26
42 38
67 16
8 35
35 24
50 29
31 41
19 13
59 33
13 9
53 38
23 7
45 24
20 21
34 30
20 19
5 16
8 25
13 22
50 35
57 43
17 33
37 33
12 43
59 11
50 36
10 11
28 22
33 29
62 5
25 30
28 39
30 23
0 24
16 24
62 31
8 12
23 32
61 14
37 19
31 6
47 31
67 38
29 29
35 22
39 9
29 1
24 33
20 17
42 32
36 27
44 26
54 40
46 34
23 22
60 34
62 21
49 7
2 32
59 37
5 14
63 19
34 37
66 28
47 16
25 12
11 41
48 2
63 35
24 41
44 43
67 14
49 14
52 13
14 7
20 14
19 6
22 19
48 34
50 37
15 13
7 8
50 16
5 15
40 15
44 33
4 22
59 3
20 1
65 34
8 16
38 14
1 39
5 23
14 37
26 5
6 9
25 3
16 24
55 19
62 37
62 24
13 40
67 4
6 19
2 0
25 10
44 29
32 11
21 35
50 11
30 26
58 25
45 33
47 2
21 14
39 12
17 39
8 0
22 0
46 21
36 26
3 17
22 3
47 12
16 1
22 4
14 24
16 38
31 24
15 23
64 2
9 1
63 16
11 24
28 22
48 36
6 32
29 1
42 15
42 27
34 2
9 7
31 37
21 20
56 6
45 7
8 13
60 32
51 32
38 10
54 2
57 2
7 37
23 36
44 29
4 17
39 4
54 39
27 10
34 26
10 39
13 23
2 26
55 43
57 26
18 26
29 13
48 41
50 9
11 33
55 30
27 6
21 26
35 28
8 14
16 30
18 23
26 21
41 43
16 5
45 10
64 4
37 37
36 23
31 22
37 38
32 0
24 38
45 33
66 31
34 12
0 22
28 14
54 32
5 9
67 4
25 27
29 25
56 41
15 6
49 15
37 32
43 24
63 2
44 2
60 3
65 15
14 42
31 14
50 13
16 39
3 34
31 17
29 31
30 27
51 22
59 22
18 34
3 42
15 11
48 36
16 43
63 38
60 2
1 19
41 33
33 6
62 29
67 15
5 15
8 13
16 43
49 22
11 11
26 24
56 21
21 33
40 23
26 16
61 29
47 18
10 23
52 17
20 41
67 0
64 5
43 1
43 28
45 13
11 33
14 2
50 0
4 31
14 26
53 32
45 3
34 17
40 16
55 38
3 33
19 31
37 14
34 26
33 39
49 32
13 42
60 33
3 30
17 17
19 30
35 15
2 16
49 8
18 16
14 20
7 41
66 7
41 2
12 40
23 4
6 16
24 17
36 32
33 17
27 8
56 37
24 12
26 36
6 37
28 7
52 7
11 28
8 15
65 42
32 42
38 31
33 26
18 31
22 26
44 2
37 6
35 24
37 25
53 21
12 22
48 30
59 5
3 13
54 7
64 29
20 0
46 17
45 4
34 33
40 4
46 16
3 41
52 32
46 18
8 33
44 28
19 25
40 19
19 29
55 2
37 33
48 31
37 34
62 3
57 26
30 3
21 22
26 36
37 41
47 35
6 43
26 7
33 7
67 27
56 4
41 39
10 26
10 25
57 36
50 27
66 13
25 43
35 27
19 19
19 35
24 19
19 17
55 0
33 40
38 10
52 4
41 43
56 28
41 18
18 32
29 14
14 33
64 41
31 13
57 17
37 17
3 40
12 29
1 31
41 17
64 41
15 31
66 12
60 22
22 5
19 24
36 15
65 19
42 19
18 41
23 36
45 19
60 21
16 8
35 33
8 36
58 1
47 11
16 5
59 28
43 24
62 21
22 33
17 1
22 21
34 33
19 32
49 36
45 32
13 7
46 17
21 13
66 32
30 26
19 21
32 27
55 27
48 29
16 36
31 24
32 13
40 39
11 13
6 8
12 20
31 29
62 0
29 27
49 26
13 21
55 6
42 1
24 35
19 34
67 33
47 41
58 22
50 28
27 6
13 38
19 39
38 1
26 26
2 39
26 43
20 2
63 3
63 27
33 1
35 32
24 18
4 15
51 36
49 19
59 6
42 23
67 22
40 22
19 3
28 20
48 31
44 37
3 29
2 5
43 36
7 31
63 0
37 40
22 14
1 39
24 0
43 30
6 10
32 28
51 6
57 11
39 11
63 27
39 32
46 36
34 14
25 12
60 30
9 33
15 22
12 12
21 40
1 35
34 36
44 10
39 22
5 9
1 9
41 34
43 36
34 28
50 37
56 35
29 40
32 30
20 14
9 34
38 11
39 1
13 8
36 16
42 40
41 30
38 3
57 26
26 19
2 34
25 29
64 12
64 33
9 14
4 24
11 34
56 36
38 10
36 10
35 31
34 0
28 33
22 32
28 39
67 14
42 31
40 3
36 42
15 24
40 37
6 1
67 29
47 1
63 27
9 28
62 6
59 14
16 43
13 26
8 41
57 43
38 34
30 13
61 14
11 38
33 39
44 41
46 13
5 9
30 3
14 19
2 18
65 11
39 13
64 7
31 8
28 15
34 21
0 17
17 32
44 35
54 9
28 20
6 15
12 8
61 13
2 13
16 37
46 10
49 33
25 29
24 5
32 25
15 42
34 18
29 18
9 43
10 8
53 3
26 39
29 38
20 12
12 5
53 21
14 15
4 24
14 41
25 6
14 2
55 40
57 0
23 36
40 8
45 33
62 40
10 42
7 12
28 30
7 27
46 31
57 2
0 23
36 21
12 5
13 22
5 5
49 17
64 15
40 36
52 43
22 39
38 39
58 34
13 17
56 33
22 26
40 42
31 33
28 9
29 3
56 31
49 2
7 9
31 41
2 4
10 31
5 20
16 7
44 32
0 16
31 36
13 13
21 37
51 42
67 15
63 36
64 39
40 8
53 27
8 15
8 13
17 27
59 9
32 30
14 27
3 43
55 2
29 42
51 3
37 13
8 29
55 7
26 22
57 37
25 33
64 3
9 38
25 4
27 19
31 5
42 23
19 11
27 17
51 29
37 27
66 25
35 20
8 34
29 0
15 28
24 0
49 13
10 8
6 0
9 20
51 23
50 27
54 39
39 34
56 36
0 40
26 15
62 33
62 24
21 7
38 24
19 17
42 18
52 40
1 24
8 8
23 36
8 35
4 30
6 29
17 28
48 6
27 7
47 39
38 3
17 4
4 9
50 17
31 7
9 22
26 27
50 9
4 28
28 5
60 13
27 12
40 16
33 21
61 30
41 1
29 9
51 42
48 41
24 42
20 31
62 16
18 18
4 27
22 41
0 20
43 19
2 36
45 13
38 16
36 6
19 14
56 11
0 31
50 3
37 23
37 27
6 28
22 11
13 1
62 32
19 2
41 6
22 29
12 0
7 16
20 10
56 38
11 0
56 16
55 4
36 16
60 14
28 14
12 30
44 21
39 10
8 38
24 33
8 6
20 0
49 31
16 21
58 34
53 43
5 9
37 38
8 34
4 3
12 16
26 23
45 1
11 32
17 31
15 43
13 40
33 0
19 8
63 38
7 32
19 21
47 19
49 15
39 32
5 14
5 38
41 20
52 9
27 8
6 5
33 28
20 1
23 8
49 40
55 18
6 22
26 14
43 22
21 14
55 28
32 34
39 35
8 40
9 28
61 36
4 22
28 36
60 10
52 24
61 7
59 3
11 16
40 35
33 21
27 24
66 24
21 39
29 39
19 4
21 1
33 37
25 29
28 6
29 16
19 0
60 22
57 41
36 31
61 3
30 41
30 10
0 43
2 21
35 30
52 27
65 14
19 16
46 28
61 15
58 14
55 40
13 11
57 8
8 37
22 10
34 38
49 34
15 43
14 41
0 41
59 7
50 30
62 3
48 29
12 27
65 23
36 12
12 4
67 31
42 35
13 12
66 3
48 29
67 36
43 40
54 36
40 7
27 9
11 26
62 9
6 41
28 5
59 20
49 21
27 33
15 9
25 19
42 27
66 21
27 5
56 25
50 29
1 37
64 24
20 19
40 13
38 9
4 13
1 6
1 25
44 1
13 14
22 12
53 35
15 43
4 25
4 6
52 12
44 43
60 33
39 33
64 43
57 35
54 38
56 0
34 42
17 15
16 9
62 9
6 41
54 14
39 20
14 22
43 34
40 33
25 21
61 24
3 22
24 3
55 17
30 12
20 1
0 36
56 16
40 9
20 40
26 27
22 1
64 17
49 3
42 7
45 21
28 18
40 42
61 29
22 40
11 13
35 25
44 10
51 38
56 16
62 35
44 2
67 38
53 21
36 33
12 26
33 10
4 30
4 11
20 34
63 24
35 30
20 23
55 42
59 26
50 41
15 7
17 0
14 13
34 30
28 9
61 13
43 23
33 13
37 34
34 5
28 41
67 24
26 2
18 43
12 36
36 26
0 22
32 31
26 36
6 21
27 37
35 17
52 20
67 12
24 9
4 3
66 21
58 23
10 15
42 1
23 11
65 18
40 38
41 14
59 20
32 17
12 24
20 1
43 31
32 6
17 27
53 25
24 39
1 28
12 33
13 21
6 18
25 38
48 24
43 8
65 5
11 17
34 23
25 17
1 34
45 22
55 1
10 1
52 13
16 29
40 0
25 5
40 36
63 40
21 41
2 36
11 20
58 26
2 4
43 13
8 20
30 29
13 8
54 24
8 24
13 10
47 28
67 42
36 15
35 25
14 37
30 16
57 13
62 12
36 8
49 37
11 2
16 15
28 0
17 10
29 32
54 7
41 15
56 37
53 37
26 16
4 3
62 19
7 10
16 20
41 17
54 11
59 40
4 32
33 40
26 24
22 19
60 11
3 1
15 20
1 28
27 41
39 41
41 5
65 10
54 41
18 8
6 27
58 38
49 18
56 11
51 5
50 18
61 19
26 38
39 22
42 6
51 29
34 29
57 4
2 13
8 1
53 40
33 43
12 36
21 5
39 10
50 32
14 40
3 37
59 38
39 32
51 10
18 32
17 26
30 17
7 22
14 42
34 3
34 9
4 40
0 43
53 3
56 27
33 6
20 25
45 41
40 36
30 15
1 15
19 37
65 22
17 27
1 18
63 41
27 34
15 21
22 33
58 16
45 30
50 14
0 8
61 43
35 17
30 33
65 39
3 13
65 11
16 13
59 25
41 14
26 20
36 2
1 33
43 39
47 0
42 30
36 26
13 40
11 17
13 40
13 3
55 38
64 7
59 26
48 18
67 30
63 34
28 39
11 38
41 19
52 29
3 7
61 10
55 29
28 36
34 22
62 2
54 25
41 12
23 31
57 13
40 33
48 43
11 7
49 34
54 6
9 8
46 7
3 27
16 0
58 43
56 11
51 16
11 17
34 19
58 11
4 1
59 13
29 34
26 12
7 14
53 39
63 5
12 39
9 1
44 21
33 38
60 42
46 29
30 8
21 32
43 37
24 10
39 41
50 9
22 9
0 18
22 23
60 14
46 38
48 26
25 41
64 29
4 26
6 31
67 22
32 33
33 9
61 28
54 30
4 1
51 19
25 35
4 4
4 12
0 1
54 12
51 1
66 33
39 9
23 37
64 29
20 16
65 22
45 12
3 16
32 18
16 19
56 40
8 10
30 26
53 37
61 13
10 37
60 20
35 24
24 21
39 1
19 34
29 16
14 7
52 20
28 19
28 39
22 28
6 28
56 43
25 32
4 3
10 26
17 14
28 14
37 35
11 20
13 8
31 13
38 30
64 38
64 43
66 16
56 38
39 11
35 4
46 28
36 16
54 43
13 31
38 33
20 43
56 20
36 43
18 28
41 9
18 10
29 43
36 42
51 15
41 26
48 3
58 29
49 15
6 7
27 23
10 7
47 38
65 33
19 17
31 12
21 20
37 43
5 33
49 12
35 15
43 5
34 7
62 20
44 43
57 11
29 20
32 26
17 42
28 38
65 38
25 36
64 14
40 2
13 41
20 1
19 19
28 43
24 39
30 27
45 12
17 34
40 41
30 18
18 37
56 29
54 35
65 35
23 15
35 33
63 34
42 13
29 2
57 22
48 10
27 32
20 23
37 12
58 15
64 21
66 24
46 19
48 16
6 20
19 36
21 10
55 43
4 43
46 33
51 24
16 23
16 40
67 30
39 41
41 35
38 10
17 30
60 3
30 42
38 15
5 11
58 9
66 30
31 5
17 25
46 35
8 20
2 13
30 18
22 10
35 3
67 21
56 29
39 30
1 5
66 23
26 42
64 19
60 21
31 6
17 41
24 16
37 14
61 3
66 10
38 15
50 11
44 40
7 28
53 16
43 4
8 40
66 9
13 10
44 42
30 13
67 27
16 32
21 9
53 1
52 23
66 27
40 24
56 28
59 26
55 27
62 8
63 9
13 42
37 29
2 16
33 31
62 27
33 20
38 32
67 36
19 17
19 31
58 37
38 0
3 42
1 2
10 10
40 39
10 34
13 28
4 3
2 21
43 9
58 26
39 22
15 35
61 8
50 13
1 21
62 31
40 41
25 2
25 3
0 26
34 41
52 9
16 15
19 21
39 35
48 7
16 8
40 30
64 33
52 29
58 13
46 14
23 36
24 16
53 19
0 14
52 11
23 41
5 22
59 11
43 22
64 26
17 26
60 15
6 6
62 36
7 17
3 30
40 1
54 31
66 35
1 43
52 41
45 26
8 14
55 33
48 5
61 37
49 8
38 15
30 31
30 4
4 17
37 22
24 26
53 15
31 9
13 31
11 35
18 11
33 25
43 35
61 22
20 25
9 5
6 29
62 25
18 36
67 34
52 20
62 5
54 24
45 18
61 25
55 40
50 20
21 33
66 34
15 31
62 23
49 0
0 10
32 26
63 8
57 32
19 26
0 9
62 6
37 5
64 34
1 15
2 17
17 33
28 11
35 32
48 27
50 15
43 11
5 40
36 40
11 40
27 2
42 17
5 22
55 23
28 13
45 37
50 36
21 34
20 27
52 6
0 25
22 43
37 4
52 21
59 31
41 11
42 35
51 34
66 11
7 35
45 9
39 23
32 32
20 27
32 16
55 18
57 21
64 16
32 24
24 22
3 3
6 2
7 16
40 29
56 10
48 41
66 1
36 3
10 25
41 0
51 28
40 5
1 10
10 29
53 30
64 1
66 10
15 27
26 40
34 13
63 32
65 6
37 42
15 38
22 31
51 37
45 8
35 11
9 8
25 22
4 35
23 18
2 3
46 40
9 26
21 21
42 12
37 10
38 16
52 41
43 9
16 2
51 25
8 40
0 39
30 42
49 25
23 19
43 41
27 20
50 30
8 28
36 12
15 8
61 39
18 12
55 12
28 38
32 39
10 43
44 33
48 6
39 38
14 38
23 37
33 30
13 0
33 18
20 15
12 22
18 7
63 18
42 13
12 36
23 25
12 32
34 7
37 17
33 36
12 15
34 32
4 10
53 19
49 21
6 11
4 31
62 0
24 5
5 5
29 13
38 13
47 15
67 34
5 25
9 4
43 11
1 31
10 24
33 34
17 42
61 38
13 42
34 18
23 39
11 20
6 13
48 6
49 21
45 1
0 36
61 43
19 19
65 1
1 36
28 43
27 17
32 39
33 4
3 42
26 3
5 23
24 22
63 23
59 20
20 35
33 16
17 2
30 13
6 36
12 9
58 27
0 3
32 32
11 13
5 12
56 6
45 35
45 19
52 7
45 17
0 24
46 27
18 34
8 3
32 20
56 5
50 1
27 33
27 12
24 16
50 10
3 32
24 20
35 31
61 42
57 35
63 15
59 26
10 11
15 5
28 35
47 35
62 43
58 19
0 41
49 1
0 37
5 11
58 12
13 8
61 34
41 25
24 13
30 18
67 14
5 26
31 41
34 42
18 41
14 3
40 28
65 19
54 13
10 21
65 4
5 19
41 20
60 26
30 36
49 15
49 1
66 26
32 1
5 31
58 17
53 29
44 28
48 22
40 39
35 1
40 24
4 35
10 10
38 12
8 6
62 16
61 37
67 30
52 19
67 16
58 39
57 11
19 16
30 14
42 42
42 19
23 36
1 21
42 27
28 29
12 34
0 7
8 8
41 22
19 0
25 15
36 4
46 11
56 13
21 13
35 42
43 41
57 1
29 16
13 10
34 12
66 14
61 8
4 14
32 25
7 19
20 16
67 12
48 14
31 17
0 0
7 22
65 40
53 16
22 14
14 0
1 38
0 38
25 32
10 10
0 20
13 9
2 16
46 38
55 12
7 19
33 37
59 35
49 43
39 36
58 40
27 40
51 4
13 31
52 27
30 26
47 17
7 5
11 28
25 5
51 31
0 6
48 35
3 23
28 28
29 20
2 24
17 30
59 29
27 16
29 42
61 37
63 23
56 14
36 30
33 42
51 5
46 9
44 38
8 36
49 35
12 29
31 24
39 25
21 25
43 11
34 28
38 40
47 17
56 43
20 12
63 23
64 37
21 43
12 37
21 17
36 14
49 34
42 3
15 32
51 15
18 2
59 7
56 19
62 26
58 21
45 21
58 12
0 39
14 8
15 11
29 0
63 13
35 2
51 0
59 22
50 5
27 40
0 10
18 38
14 23
54 8
44 1
4 38
63 16
35 10
26 9
65 27
15 23
64 26
2 7
64 43
48 24
16 15
9 18
67 29
42 16
1 7
10 18
44 31
29 23
32 36
61 34
53 3
41 14
40 0
61 32
31 11
20 25
23 35
26 10
36 5
5 12
10 6
6 18
26 2
0 1
19 4
49 40
41 14
16 0
63 12
32 5
35 29
4 40
2 31
14 24
1 27
62 7
11 16
30 18
13 34
13 41
9 29
54 27
16 27
16 43
14 17
51 15
49 13
50 6
4 36
38 12
53 32
49 18
40 34
26 16
9 23
14 9
14 5
21 19
25 7
19 38
67 6
56 29
23 0
26 41
15 9
13 10
35 34
52 15
58 43
62 2
18 39
46 18
28 14
54 22
27 22
41 28
45 9
10 5
5 8
0 37
0 13
44 19
25 38
55 39
55 29
55 13
36 8
60 39
16 27
32 26
17 39
38 15
7 23
15 2
35 10
17 25
32 38
12 26
19 2
46 43
38 43
34 9
56 3
35 24
50 32
49 14
52 19
8 12
29 7
30 22
46 26
40 19
5 23
59 17
34 7
8 23
58 41
17 17
4 3
10 22
22 41
45 6
14 43
46 17
51 13
37 11
36 24
67 30
3 7
8 29
51 38
63 35
48 18
42 9
36 34
38 27
3 33
57 41
51 43
55 37
32 15
61 38
4 43
27 24
13 36
18 19
42 25
30 18
44 9
50 21
49 38
40 41
27 40
13 27
20 24
63 0
49 8
40 10
31 8
42 39
45 35
51 28
21 25
51 3
51 25
7 2
38 18
48 26
19 39
20 43
32 4
16 23
16 6
59 39
46 2
58 3
26 12
13 21
59 12
32 26
34 41
43 4
53 23
20 27
38 29
61 16
62 13
65 20
22 27
48 21
37 42
24 29
56 2
51 20
13 12
66 26
46 24
24 24
66 14
46 30
12 42
61 29
40 21
46 4
60 40
19 37
32 30
6 29
2 15
6 14
12 42
47 39
13 3
31 41
16 33
47 17
7 21
64 4
62 33
2 27
7 1
26 40
47 26
12 40
4 32
47 16
22 30
41 35
67 16
58 23
56 19
66 3
2 30
11 26
23 15
65 38
50 37
21 34
27 15
53 43
5 31
66 40
53 22
22 2
8 9
43 32
64 12
28 7
13 37
14 42
5 2
20 34
6 11
65 5
16 19
47 36
43 17
55 9
60 0
1 18
4 43
16 24
5 38
38 23
9 5
30 24
52 0
63 35
52 41
52 35
31 1
5 21
38 18
26 43
23 18
66 33
19 14
26 19
20 34
35 12
21 42
40 8
16 20
35 14
11 25
29 26
49 33
44 15
23 16
52 30
37 42
67 31
59 43
5 20
62 10
67 39
26 15
65 16
48 7
13 31
4 39
49 14
15 1
20 0
40 16
48 31
52 38
52 29
60 18
66 29
45 16
39 13
5 35
8 3
39 5
1 33
64 4
42 18
64 4
65 25
36 22
61 22
50 31
17 18
27 34
23 0
20 32
53 23
18 40
33 12
66 5
58 18
30 42
51 7
39 39
47 27
35 24
26 13
2 3
57 31
31 23
64 30
49 24
50 20
57 34
11 41
58 43
58 21
11 40
40 20
9 27
56 4
25 16
27 20
24 32
16 35
48 13
52 25
46 21
34 29
42 8
22 39
20 0
5 14
28 10
45 37
31 3
52 4
60 40
17 7
33 4
37 33
43 38
65 24
15 15
24 22
19 27
49 1
64 2
35 31
59 39
21 5
33 29
33 32
25 9
9 0
57 28
11 1
37 29
14 19
64 6
22 39
52 10
15 19
31 19
54 7
47 13
22 29
18 36
52 3
27 41
48 2
25 0
26 7
5 24
22 6
11 8
48 9
59 5
56 19
15 16
59 18
0 21
14 16
4 13
6 42
37 7
38 9
32 9
67 35
54 18
52 4
57 16
26 3
49 42
43 25
63 13
63 12
34 28
3 7
44 4
57 37
23 8
42 39
24 21
11 16
61 14
20 43
67 34
25 1
67 23
58 35
49 28
0 39
19 18
35 9
15 12
62 32
55 6
11 2
54 14
63 17
8 13
54 36
49 28
37 28
44 4
10 5
23 27
43 35
32 30
50 18
11 7
46 0
12 9
63 18
10 31
48 13
63 37
7 11
16 26
33 4
25 29
14 7
1 20
36 2
51 43
27 40
5 20
52 2
0 40
64 21
3 16
65 34
1 31
4 29
62 40
36 5
63 0
17 2
58 27
7 5
61 40
42 5
61 4
39 33
56 14
3 27
54 16
57 5
43 32
39 36
36 19
40 36
23 25
4 24
16 28
38 6
16 25
32 27
14 31
62 10
12 2
33 9
54 22
19 26
38 11
42 41
31 19
2 23
37 39
7 24
60 22
46 13
53 24
8 34
37 24
2 34
10 18
34 12
55 25
0 3
67 0
21 25
25 31
12 43
59 31
14 11
67 18
15 35
46 28
14 40
54 10
26 40
16 10
48 40
36 18
43 43
54 33
55 1
24 7
54 11
49 5
14 29
58 9
60 16
2 6
30 37
65 35
9 14
51 37
9 8
6 39
10 34
41 14
63 17
34 32
43 25
57 1
57 40
47 34
22 14
12 4
43 22
28 33
1 25
60 16
2 10
59 23
14 14
45 16
23 23
45 40
25 35
5 33
39 6
6 12
25 0
56 25
50 33
6 29
9 36
3 40
22 11
53 13
53 40
17 35
45 0
67 16
63 30
27 42
3 2
48 25
33 0
31 20
59 11
60 29
52 5
22 36
27 31
1 39
0 22
5 28
21 20
57 42
43 13
1 7
46 7
47 27
0 43
58 41
16 18
49 43
52 32
34 33
11 23
28 12
49 27
62 35
17 8
37 32
67 20
62 21
44 9
11 3
29 11
46 26
66 29
27 9
4 35
61 4
44 6
10 27
54 32
26 1
51 42
12 32
11 42
42 40
25 37
36 37
52 19
57 42
12 26
16 39
9 43
5 1
10 1
42 19
34 13
40 43
20 10
44 4
57 27
47 26
52 9
30 27
8 1
7 17
18 13
19 20
16 9
57 23
10 7
64 7
3 36
53 1
22 1
39 24
64 28
65 41
48 10
4 15
39 0
