90 79 1031
17 63
2167 4150 6782 4544 6792 2320 1656 5597 4864 140 5559 161 2752 790 4626 6676 833 4761 5227 3333 570 6096 4019 135 2309 4160 845 2592 1524 6251 6202 1635 3915 6122 5562 581 4050 6674 6547 2252 4052 530 6585 6045 2525 3964 5029 863 2130 2387 6926 4994 4093 5610 5796 5704 3900 911 4152 6333 3546 4463 3286 3247 4428 4573 193 5560 1662 5401 6611 6180 1541 3257 1386 5148 4210 5900 2510 111 895 7050 2725 1757 6088 3104 719 452 6231 904 
4898 5675 5152 5096 129 5985 6505 748 1882 3990 374 3565 793 784 3095 5385 2312 548 2305 6609 1631 6116 2359 1139 4728 3440 854 3637 6834 732 4745 1030 3034 2845 5221 6528 4141 1949 4797 6537 1739 303 5757 6949 2477 6341 2384 4259 1403 6502 627 524 762 2678 1937 260 2186 4130 1771 688 3726 2304 2753 3656 5586 6061 3912 1914 701 1795 1676 4828 177 1307 2627 6098 6593 4157 4187 2098 170 2934 3692 6663 3563 2270 119 3567 1288 3381 
6741 4600 6719 6127 3496 5016 2392 1855 2039 3328 1471 2034 5747 3613 5889 1361 5864 997 3254 418 4614 6181 2515 5869 4786 2543 2842 3197 4849 6660 488 6791 7038 5678 913 2116 779 605 6379 5615 3717 4464 3635 4823 4028 6557 3453 617 6965 1372 5075 4584 1174 4553 6038 6325 3329 1786 1108 3411 3392 1529 5198 6566 3107 5377 4520 6984 1334 2153 4782 441 3224 2108 4819 3732 1580 6395 4335 2192 6594 6987 6328 1226 6241 642 4442 3791 5787 5245 
939 3368 6362 2937 4108 1267 2923 1401 3154 6492 3548 6991 3109 3261 4227 855 5881 3590 2052 2106 6074 5516 6216 6513 6772 158 1650 988 2983 5439 4523 6545 5015 1462 2241 2499 389 5592 5536 5090 822 5649 1893 1241 992 589 5764 4031 1381 1390 4391 5256 3288 2663 1958 6460 1257 160 999 806 780 1745 6020 43 4158 5622 6305 2165 1754 4569 6453 6895 4172 3939 698 5753 2184 2174 3640 4493 771 44 5639 3751 2534 2800 4840 4000 604 6530 
3943 4913 3739 3477 1693 1742 5676 5998 3456 1559 1842 922 6436 3087 3137 3050 4804 2126 1322 5858 498 1368 2058 4229 3405 3834 1969 6143 5159 5027 1494 6535 6302 2194 6996 4815 3991 2956 1487 5640 5806 5429 615 7067 307 1293 5936 682 136 746 4949 5513 2265 6683 3166 1115 547 3557 551 2533 2439 4029 4068 3869 3910 2580 1520 2283 2150 1989 2892 5430 6358 2898 3666 4176 3597 2251 3447 5404 5807 1809 5946 3296 1206 3275 5682 3971 3867 1277 
7099 1704 2317 3706 6443 6923 620 1734 3067 6082 5248 2719 1188 5824 4382 6882 2054 5235 6013 6733 868 4875 509 4690 6779 3784 4033 817 6913 3810 6480 3452 2408 2890 6552 2016 6960 1474 1032 5849 1929 5708 4324 4100 656 6444 3744 2375 5669 1965 6111 3304 2588 5981 6176 2494 5550 3026 5141 3342 4147 4565 2879 5587 3349 2033 721 5114 6902 549 142 6102 3942 783 6152 4462 1881 7004 5551 2177 4554 3852 3360 4076 5278 5218 3901 5567 938 395 
2271 4120 1871 5138 4113 731 4863 1694 5135 3013 2102 6542 5952 2000 669 1610 4514 5305 7090 3509 4665 3379 5620 3344 3301 5032 247 5018 4518 2097 3138 4074 261 4885 944 4054 4186 5009 559 2127 6424 1729 6033 4631 812 728 1622 1547 3284 2142 3068 4624 1906 2912 1932 6128 2496 6027 6823 204 4003 6450 1709 5056 5987 5886 2328 1758 1339 843 5723 2633 6927 283 228 6340 6687 3544 438 2659 2932 4966 6138 1365 3715 5074 6971 6718 1872 3108 
1911 3931 6060 1725 6686 2615 1211 3125 3071 6575 3219 1621 963 4096 2311 412 1004 631 6470 2893 1939 2045 689 961 4283 3258 5182 4317 1814 2622 126 430 1480 2080 4983 3059 6551 2953 3074 2530 6912 5534 2373 562 862 4072 2299 4053 1356 2827 4140 576 2761 7097 671 4390 2135 3375 4084 2281 327 5994 819 3083 715 4495 202 4910 3155 1993 1406 394 1746 1720 3253 3534 3905 882 1581 3151 2698 6920 5653 5400 4995 2202 2234 3403 6188 3422 
2736 5230 5306 6746 4619 1779 5644 4367 5123 4461 1476 4200 785 6239 2231 6850 3401 1373 3032 6692 3388 837 1328 2877 1938 1497 5955 2734 1086 4435 6959 3650 5520 86 6666 4134 4816 3395 7059 5750 1304 6858 5045 6100 1917 6691 3555 2687 1532 5355 85 4191 3086 1850 4216 6389 4833 1302 3845 3250 5172 2223 1670 820 572 96 6164 2415 5915 6205 4704 351 4032 6797 3922 6951 3409 2992 4247 4207 2120 416 6315 1819 3895 2246 5311 2528 3755 2505 
6311 6793 6957 980 2866 6525 5868 2026 5617 2724 3149 337 6841 485 828 4998 3113 2651 4688 5085 5104 813 3578 6399 3139 4821 1077 3988 637 5051 1385 5866 2151 2988 6986 6345 4334 1619 2113 4363 2509 2751 6804 2218 72 3413 5460 5809 1439 3099 1009 1467 3540 4159 5574 4148 3699 6579 2818 334 4481 4240 5286 5011 6555 6004 5716 4961 5703 2422 5343 3186 1017 5767 3893 3462 6701 3350 6247 5067 2046 7064 206 937 6512 5060 3606 3481 3012 4506 
3947 6141 5359 6319 4839 2369 1327 4301 3672 5081 4973 5937 6465 3359 2028 4562 4255 3193 6156 2277 5373 4055 1806 3577 1117 3225 921 3 3331 3051 6200 2612 590 5609 267 151 4403 2318 6271 4775 131 3769 1362 1039 5614 5282 1680 4680 4420 2790 5568 1979 3527 4869 3560 6612 6028 2049 1245 3847 2603 4655 6075 1904 1376 4988 4118 4091 6899 830 1094 5314 2350 5183 3300 735 2180 5255 4296 3750 5031 6324 591 4321 1889 4357 7057 5292 2378 801 
5265 6021 4965 6844 4098 2050 6441 60 6801 2104 6523 7021 6365 6980 3986 59 6796 1616 500 1849 3025 5185 5367 3630 5739 6825 7103 4167 3441 6230 1138 2297 4196 6422 4681 5557 4131 2730 6415 3925 4552 3965 587 3794 654 5968 3030 1564 4870 2709 5458 1102 3639 1192 5765 5963 2863 4278 5801 5876 3204 4358 306 2123 5887 4798 5285 6252 3443 235 6091 6197 2538 3363 5577 330 6992 3480 1833 2287 2586 6695 4657 6596 6057 5526 695 7055 1816 3446 
2086 5705 4693 5823 960 657 5246 3919 6240 2520 2929 2078 4843 2479 2336 1972 5450 1956 7061 2670 2090 993 1523 7076 6780 5243 3785 1941 7036 5165 6595 678 6704 5490 3690 588 1469 7085 884 3385 1593 3238 2755 624 5199 5187 6911 6999 851 1054 2744 5004 5464 3623 1021 1808 1049 6836 3770 4776 5933 4425 4678 2152 6519 6758 2916 470 67 234 4579 1658 1856 2604 4077 5334 1500 2868 2448 6067 4251 6099 5721 1791 5603 727 527 2199 2636 2575 
1144 5773 6475 319 5005 5349 5264 1297 3553 4502 3235 2686 195 3263 3689 3806 6476 4867 184 4389 99 1475 6081 62 3323 7045 2720 616 73 5262 4905 149 2712 3353 5066 6680 2247 1896 647 5775 4609 1898 965 2140 2364 1715 4726 3479 3043 3538 2666 4781 1551 3088 5580 4598 2063 1975 2343 6420 5405 5037 5950 6562 2981 130 648 2777 5529 1114 3111 1570 6633 6391 686 1194 4787 1859 5907 4571 6437 5113 2122 2342 1213 1045 116 5846 2621 348 
662 4182 2802 2954 1407 4511 1063 6907 3414 5272 7102 4779 4659 4359 3181 1369 1776 3653 1572 6217 4689 6226 3407 3465 5613 287 563 6175 5403 4313 4220 2424 759 3600 3681 4040 3861 3270 5709 1647 3887 2897 2819 4333 3228 76 1574 532 3210 4322 3314 4683 326 2117 1299 3364 2250 3463 6210 1894 3010 5383 4725 3047 6856 4364 1884 3173 2792 2390 6647 6490 1344 670 1040 482 2156 3588 2162 2181 805 4596 1041 2821 1664 3522 2701 5654 11 5070 
1204 6095 4641 6573 2262 1432 838 1707 5712 3179 4471 5960 951 2435 3611 4477 3322 4999 4509 471 6508 2541 280 4354 1027 3473 5062 5297 3937 3913 3619 2855 6026 6376 4526 4505 360 3830 5435 275 2836 4531 6815 6748 2395 5912 426 114 13 336 1710 2512 1637 4166 6257 4008 3602 5118 1477 6783 5666 2076 5124 4239 4328 3190 5208 4672 3282 5267 2665 6517 3315 3873 2582 5799 1391 6174 4723 6371 1018 1545 3449 2500 5438 6192 3617 1263 2059 3361 
6208 3271 1003 2244 3412 3581 2961 2503 2128 1515 5785 442 5576 2172 4011 1336 3707 6721 7023 372 3172 6725 4373 6359 1396 6346 4379 2197 3642 6267 1761 2068 5724 5007 4736 1499 4927 4610 3180 3118 6685 4876 7075 1196 1741 4180 5521 3708 6236 4395 6069 5345 4830 2075 6720 959 4208 6199 1119 4413 2859 984 799 5674 2420 1483 5930 600 4097 5935 4754 6233 3200 2083 3434 4327 6568 6167 5991 968 4771 69 5368 3592 1255 962 4087 1233 6183 6003 
5092 5313 5497 1935 2532 2225 4703 1229 1173 3102 4026 6742 542 2248 3997 621 4964 3833 3638 5840 1885 1575 1759 2476 433 4185 176 2107 4948 3206 6229 3761 486 4774 1546 3756 6699 4834 6607 4540 3058 1215 353 6784 5134 1359 7053 4392 4566 946 3472 5964 2216 839 2745 3313 3242 3426 1883 5945 2092 6133 342 1300 3024 1521 3202 1128 3599 4933 4620 6863 6964 2190 6009 1095 4708 5119 2834 4491 4662 5000 1811 1587 2904 1618 6159 359 515 2824 
153 5446 5250 2198 5835 2513 3594 6166 6756 6278 4698 3679 4629 5546 5153 7016 3777 2671 2461 4747 2322 2175 5786 26 1075 4219 7068 4968 5388 3580 5928 4685 6291 175 1157 4381 1526 4963 4586 1028 1902 1352 3260 7058 5842 5151 6653 6396 4653 3629 2867 6224 3029 6763 2267 3319 1740 7062 2718 1892 6735 1222 3683 5441 143 3484 3779 5147 3766 4102 4977 1493 5471 3817 4235 3056 4263 5794 3914 5962 3188 3856 2619 5742 2735 3227 4735 4279 1908 1538 
5304 1824 244 5548 3054 6393 1874 2132 2419 2482 5034 818 4592 6397 4132 1280 2003 2918 2810 6818 2949 4967 1875 5259 923 990 309 1438 1291 1442 4922 5327 4465 2463 298 4783 2765 5086 1292 4732 2943 350 696 1928 6258 5688 97 5421 2657 2310 5759 5982 3072 2088 4957 1479 6576 5228 6876 6059 4895 5817 4737 5805 3798 652 7026 6300 3821 7028 6849 4500 5664 4865 3626 1978 3404 4238 5095 6716 4799 2803 6448 6321 3281 5728 7070 1782 1832 2990 
4145 6622 4044 582 5812 1221 4742 3660 2074 1256 4960 2873 2492 3803 7081 288 1155 5804 2840 5959 5834 1079 4972 2662 1934 2581 4930 2347 6917 6378 1973 4825 3177 794 7096 3336 1417 4444 1136 995 1084 2255 4405 1170 4647 7060 1713 3194 4589 165 751 4536 3433 80 2589 87 2758 850 6225 936 1714 2680 3949 2432 4904 5080 4109 3486 5892 3583 5106 3352 222 1019 1424 653 7 3539 6112 5565 2851 4110 6145 302 5445 2301 2862 943 6577 3442 
422 277 5475 5634 5026 832 1799 6872 2742 2679 3299 5488 1594 5711 6104 2508 4924 6194 6809 3424 189 2728 2056 2796 3164 4731 634 5338 1458 6976 1959 3667 4104 5891 90 5583 3117 7051 941 3952 5854 560 2579 5057 217 1285 481 5517 4222 940 2797 5771 4588 6406 5976 6157 6193 6290 6220 4882 626 6903 3601 4252 473 6384 5819 397 5295 1563 4525 6770 5133 4295 5083 3033 7040 5700 1573 636 5473 3175 6105 3570 2940 6582 4356 5296 2450 6603 
4808 6941 3748 352 6684 5611 6053 2778 3616 232 1338 5905 2825 722 5811 6526 375 6958 739 2878 3259 1392 788 6536 2941 3159 3140 723 6186 6703 3957 1981 6083 1444 3316 378 1187 146 504 4707 1991 209 2938 869 6975 487 796 5035 3677 7072 3661 4606 2441 610 3620 4062 7089 3799 5024 3787 3647 886 3384 651 4326 2768 6482 4198 6966 5549 3337 2874 887 5223 3603 1251 2771 1473 5046 3859 4260 6421 1851 6628 4480 5924 5539 6297 3879 2061 
82 5064 6092 5448 4749 4306 1001 979 602 3675 105 4911 3450 1065 2804 2096 5173 699 5979 1692 6484 1464 5357 6810 3896 3218 6037 3556 2876 1431 2915 1919 4887 3807 857 5251 106 5792 2443 4623 186 6334 3207 4715 5254 4450 2672 3127 1578 47 4371 1810 4088 3551 4935 1015 4286 4639 3505 2749 6889 6769 4527 4027 5578 5729 4476 4232 1576 2903 730 6963 4332 5017 3684 1985 4293 384 6312 1723 405 476 1283 1382 2529 5882 5352 3057 4809 5791 
5778 4547 479 6435 215 6417 1603 1205 381 5044 2947 2690 4086 3237 2660 5132 3550 297 4733 6121 6854 2869 1171 5495 3891 6534 2635 5752 1120 2160 2053 898 1326 7093 982 4818 27 2569 2857 4535 5815 3840 5727 3649 400 3251 897 4325 1143 2591 3492 2064 1597 4663 4002 6819 6714 5693 3321 1990 5238 1643 3872 364 4223 3425 6353 4170 2188 2401 4360 1240 497 2065 1305 3749 7003 1659 2282 6751 2774 3037 4512 5329 6486 1463 3792 4275 3918 6702 
2176 6860 1377 3737 7031 6015 22 84 5871 4490 439 5499 7063 1869 3105 6329 6355 1923 3669 2776 6423 5838 231 4752 7082 4437 123 2 3501 4085 934 4012 214 5584 3917 6014 4599 5426 2838 1278 5317 4936 2704 3714 6516 320 1767 2453 2823 6295 1528 2917 3262 978 6955 2682 1825 6759 6671 5888 743 1314 1184 4212 4016 4986 6203 4030 3198 2227 774 1072 3959 4368 1886 4353 7013 5332 6619 491 5415 3838 6878 2919 4650 5624 2518 2516 5638 1459 
5920 6 5346 4253 1504 6265 16 1794 1562 6472 6213 4203 4177 3454 6650 5169 705 5581 6634 4421 603 3293 4899 2434 3064 6937 2922 3390 4112 6985 3265 6821 998 4857 5956 4582 1321 1838 2030 4550 4237 1203 2648 4734 6154 5996 6222 1436 1968 4213 7106 5919 5820 440 3969 733 4706 4388 6101 6394 1135 5851 1405 5657 1053 6051 3146 3239 3686 3976 4908 5431 5572 6689 7027 4383 6605 1243 4468 885 964 137 2417 5271 650 1901 2379 1142 3367 1728 
1609 2762 1105 1648 1777 668 1020 681 1398 5501 259 2389 2481 1335 3735 3561 6640 5433 2780 1595 4841 3231 2341 1663 2398 3634 2545 2681 6374 5033 2785 1279 2491 712 1961 2501 163 1318 1324 1924 6646 5002 4807 3103 5328 414 1870 4896 1146 5224 5043 7009 6274 6471 2224 6522 4007 1379 1583 5684 4978 6182 417 5093 4149 2169 3268 93 797 555 2073 1319 5120 295 4365 6350 6897 3428 5481 4836 1490 6446 2066 3053 974 1098 181 4528 2746 861 
2266 6473 4456 5266 2607 4105 1918 5048 1507 5762 3116 2535 6469 4479 1994 454 5008 6510 1733 1413 6567 4632 5822 4679 6629 2593 6588 3898 1669 6068 2767 6285 6883 2242 1309 6072 870 5661 1661 1700 4652 3532 5690 4035 6621 3171 2385 271 6620 1185 2134 5171 411 2365 3394 5914 4613 4812 2219 5879 6085 5827 4080 754 7091 2772 6464 311 6711 6377 5025 5427 5519 2037 5339 5097 3212 534 1101 6432 734 4533 2677 3816 3510 6488 2989 17 4020 2920 
6729 3371 6368 2927 3848 5515 6641 4006 708 238 6886 1395 1596 2460 644 3676 6348 858 5395 1943 2783 6786 1982 1249 6479 3786 3572 4630 1237 4280 5423 3886 800 278 4266 4183 4969 1104 1936 1695 1513 6665 3377 6722 3222 1995 3874 983 4583 614 6016 6877 6728 1430 1954 661 4721 4427 396 1366 3205 718 6272 6337 5040 52 5071 2841 1706 6259 6153 6862 804 6158 4832 6774 2245 233 1231 6054 4399 3719 5743 6308 5406 3383 354 211 4473 3240 
3723 6724 6802 3591 3303 4346 3804 5054 3725 2275 1000 2740 5162 256 823 2393 1286 6430 6948 4041 4727 4013 1899 2445 3514 5885 2737 4352 2936 4521 3015 3001 6109 5079 2069 6586 1234 1678 4759 4234 1332 6843 1422 987 5284 3406 1738 5253 2258 2830 4593 5419 5302 4601 6734 1571 3878 4446 4564 4224 4866 6178 4618 782 4691 5190 5480 3621 5389 6198 5984 5398 1371 2860 5144 1783 147 2801 3927 3622 4666 1750 4119 3632 3503 507 5685 1963 3080 4336 
4572 5364 5606 6520 6697 1927 3825 989 3070 6761 5679 4602 1953 225 2020 2504 5453 2716 5042 5101 3345 305 2235 3930 4305 1412 4595 2743 3718 2676 3743 3800 2661 1380 5772 767 2639 2826 6142 3077 6090 12 203 1752 5589 1566 1337 4848 4709 386 5836 6077 0 6852 6509 5486 480 2131 2856 4117 775 383 4410 5830 38 6056 6558 4226 156 4384 2427 5126 3410 2240 5844 840 6832 2788 5019 138 3306 5510 5522 1766 5535 4225 5761 2962 5896 5233 
6119 3944 1416 1827 5291 703 4290 194 1933 4 4643 4822 3215 640 340 2531 1957 463 4340 2404 1950 4276 5545 5591 2699 6276 6822 5072 285 5263 6256 996 1209 1455 6887 6540 6997 505 5323 2290 5698 3809 1891 4045 6730 4892 1789 1632 1219 18 6221 5003 1247 1296 2468 3326 2166 7054 1641 2585 3814 5478 2814 392 308 3618 2994 5273 77 2626 1287 5902 4872 5832 6842 6234 6587 5402 3643 4873 1760 1821 249 3652 1675 4350 4633 3768 2087 5299 
6910 1397 6798 4298 6974 2858 4853 5167 4835 2959 6048 2596 2911 7035 1106 917 6870 81 4970 1112 2425 2431 115 3309 1897 4472 4345 1156 1008 660 778 2093 413 2888 2976 2367 5330 4107 3366 6888 155 3850 421 6881 5414 1996 2900 2019 954 4214 899 3801 2950 1353 3280 2413 7034 1890 3765 4455 5041 4135 1260 1052 4285 4205 2511 4211 98 7019 3981 2601 6461 6811 5459 6063 3468 1942 4402 1813 5627 538 2014 2191 3712 144 200 2205 2124 4827 
4377 3788 761 5386 1068 525 94 3305 4347 1769 3358 6738 5372 3128 3079 4501 2170 6022 1805 741 5180 2577 4273 5967 379 2284 6757 5904 3372 4590 3985 196 5665 15 1736 5733 6973 32 4560 4101 5781 5621 3351 4492 6387 7012 2696 3920 5893 2428 4943 1345 5780 3052 632 299 4956 380 1461 4917 2646 2484 4059 1987 3710 2808 3941 4249 435 5117 6952 1773 4894 2475 7108 5867 1726 4233 3287 4656 1584 3248 6073 5186 1930 5848 883 139 3568 5966 
3318 914 810 6155 4627 2638 2991 2357 4859 3437 3019 5461 3815 1828 6583 4645 4079 2673 1180 3596 4393 4459 190 2791 5365 2901 2643 6383 2566 1404 6129 6776 4162 3673 8 6905 5298 6170 6696 1629 407 304 3776 5958 592 7017 3972 4312 460 5590 490 24 7109 6771 6916 453 7066 432 1516 1925 3533 3183 4952 6418 2001 706 2926 4262 4982 3136 6639 4674 3427 5324 1190 293 1358 5990 1798 1468 1074 1046 5951 4178 2816 3741 6000 1721 2881 5281 
182 907 3862 484 1340 5795 5595 3655 6744 6859 2421 4767 528 3811 1701 2655 1818 1093 4941 6794 6433 68 6826 5855 2551 856 2232 5911 5261 14 6434 1343 3819 4482 848 1254 4676 1484 6246 223 5769 1387 2013 3343 860 122 6347 451 2072 1402 185 5537 7098 4231 1912 3246 1712 3552 5798 489 5226 3936 6447 118 6550 6970 4954 4741 5 4075 4712 197 755 5411 3380 6195 6338 6425 700 2145 3782 3398 5965 5607 3419 596 1749 2032 3035 2040 
3733 4646 5629 7092 2259 4893 1333 1601 5715 2611 2832 2972 2047 494 867 5505 6817 41 6901 1947 4538 597 3605 1033 891 266 3459 6688 4714 531 3182 969 768 5502 3742 6710 4577 1419 676 716 4349 5424 2077 6659 178 2381 5268 3094 6846 4342 92 5170 1354 3142 4484 1606 4094 798 324 2565 6950 3399 3701 3122 3935 4151 3234 5631 5878 5571 2193 2645 1175 357 434 825 1428 5350 3273 2907 2041 208 272 5301 5088 557 9 5396 1880 237 
3513 3209 2697 347 702 4604 5564 1016 7000 2062 1308 6184 3612 5382 5477 4649 5977 6344 6705 5288 3393 1682 5437 88 2996 1169 6506 6342 461 1498 1062 5860 5642 5826 6673 10 1200 3888 6248 3757 370 3812 3335 5720 6541 6706 1081 3220 945 1679 1048 2807 167 4457 1264 166 1310 4401 3631 641 1639 6402 5918 6036 6301 3593 803 4419 5006 4729 6454 227 5249 344 3999 1888 5156 5694 6777 2553 2289 2948 5213 1043 4785 1140 2969 7074 1974 949 
5469 1181 5236 4793 3682 6824 4257 391 2230 1290 835 5884 2021 3168 478 2237 4004 1781 5707 4092 2405 6316 3728 6356 3721 5184 5553 6249 826 4078 4429 2396 772 5452 54 145 4837 2164 2274 5547 1125 1218 5001 4288 2029 6868 205 220 693 3256 262 4605 269 270 5563 2668 423 3526 3978 3624 6740 1355 3061 3076 172 5667 5077 5039 2256 4513 2570 3928 5447 2352 2786 6381 6835 3213 4163 6631 3150 4127 5100 2254 4230 3720 3162 5509 3153 2483 
714 4576 4277 3334 2018 2273 419 2519 2119 4448 1865 3354 5861 169 6497 5163 3370 2995 6800 2112 3467 2372 4351 6218 5084 3796 1909 3097 2103 4171 1863 3187 5457 3727 529 2472 6404 1611 6280 5028 1434 3670 6354 4772 4453 5628 2667 569 5543 890 4625 5392 2171 7044 6613 1163 5504 1614 3778 2967 3659 5128 1207 6150 3695 757 1835 5275 2051 2423 168 5754 4594 4190 1527 6499 986 5052 740 5833 6237 5909 1449 2438 5947 1029 6501 1992 6455 4329 
976 6066 3169 802 4504 40 5047 5476 5942 4314 533 5605 3558 1456 7100 2109 6107 2963 5290 1797 3418 935 444 5561 5465 5793 3775 4081 6838 4271 2540 931 3378 575 1056 5680 5076 5451 5585 6283 3131 3469 499 6661 526 5776 415 1837 5397 5014 2426 1764 6071 2222 1055 1216 2829 4603 212 2038 5010 6242 6089 6559 6827 1920 6544 6209 546 2957 6452 3517 1176 2852 707 6658 1011 4416 1951 903 1375 814 6515 2759 4946 3355 64 2928 6745 1604 
4197 4192 5467 1298 2721 2057 3511 3528 5843 6814 6207 78 5894 924 5829 3828 6478 1743 6929 2354 3542 2944 2835 2625 2017 4539 210 3654 4375 1542 1076 1496 1092 3283 4574 1132 4316 1784 4047 577 4287 7079 3158 5555 3824 2313 5474 5544 3133 5525 4669 4297 6485 1960 1244 3195 2004 5108 6232 3693 901 5103 1182 2507 4813 5623 3091 6805 1465 2430 2446 3979 6667 5112 2913 7020 4124 2980 573 3112 2637 6228 6807 3995 7043 5362 516 2326 5239 3391 
3700 1732 3502 2327 5326 892 5877 1774 1812 5648 4617 1007 623 3977 2280 1657 2455 4925 3571 6979 2539 4919 2400 5969 338 508 6120 1097 3564 5800 2561 1533 5668 6477 3759 5999 795 4984 853 5191 5651 3549 2303 1002 5289 3396 3831 5527 4209 2731 3734 3272 2982 5925 1550 4386 643 2027 4433 4133 3984 6385 5789 7069 566 1556 630 1730 6189 933 4711 4642 1248 4376 633 4791 1780 3346 3417 2114 2764 792 4387 5975 5276 873 2249 6076 4009 5643 
1006 981 1350 613 3432 4221 6599 4675 1702 4142 3476 3595 5055 4522 3543 6084 4803 6813 53 5633 5573 618 4801 132 3199 1426 3628 148 5980 4292 4179 252 1755 6712 1689 4530 1450 1193 1568 6694 6561 1228 4811 1123 5137 1697 2042 1099 4339 2705 3745 4746 4682 2609 900 5496 361 3114 1331 2209 2208 2906 4137 3387 2794 5157 5662 3466 1082 331 6139 5094 1787 6875 5283 3004 2973 2739 1232 847 2871 1900 6243 2263 4944 4282 3680 1364 910 3308 
2187 4717 6429 6322 4121 5188 2451 6309 4174 2653 2658 4587 5102 942 1100 607 5387 5279 1585 5409 5063 5768 1312 363 6988 4585 292 4981 556 5944 1031 553 5953 6489 7052 2945 4058 6500 23 1691 3892 4073 5970 250 29 1148 1223 6024 4487 1826 1183 25 2276 1214 7073 5217 2997 6349 4979 1846 5375 4043 3245 4304 4855 3961 390 1294 6675 912 2849 6403 5408 3436 1005 4720 2970 2555 3382 5456 5378 4824 4541 2880 4916 427 1162 628 5219 564 
3027 2220 2101 5492 6563 2757 2474 1971 1980 2700 3100 1227 4344 6624 5696 1525 1384 928 6828 1915 3685 2456 932 957 4537 1363 5241 4021 164 2608 4407 447 6812 1367 1069 1711 373 4143 5903 4654 3223 1159 6426 3147 5992 4474 5702 1674 6390 3445 6457 5491 4348 1823 4470 6007 611 6993 2706 1592 6409 1626 6275 5973 4950 6644 2649 253 5129 1374 241 1655 3902 552 769 1717 1765 3948 34 4406 4914 1522 3703 4897 5215 6466 409 1208 1443 6896 
1905 1472 5220 2433 6245 6894 807 956 3877 1822 3713 2872 1877 2641 180 6657 3297 6034 4284 5538 3101 3521 5370 561 1197 3495 4445 4800 3120 2674 6261 2564 1160 4184 462 5175 2279 3241 4992 1843 5859 4928 355 6752 6924 5943 6279 6589 5645 3716 4810 5013 1913 1164 5192 6035 3958 4438 827 1536 6736 6754 6006 1400 6861 6693 117 3430 3216 1091 5600 1348 1847 3267 2264 5354 371 1653 5672 5749 894 1083 1158 2206 3307 1804 2489 436 786 1690 
1753 541 2703 2865 2349 2115 6286 2182 2009 1448 6808 6137 4862 1998 6829 3907 6190 3665 3431 2554 104 645 2302 4755 1096 1796 2839 952 3327 3009 6930 4475 2714 927 4529 4049 558 2557 4805 4439 902 5863 5319 6370 5021 3066 1057 852 5756 5363 3897 5038 4987 1421 6206 517 3134 3124 4794 3421 773 1489 313 3738 3627 6191 2799 5342 5722 6662 2887 3797 4788 2883 3369 46 2331 1503 3157 5931 6532 1839 5978 5699 6654 4256 2308 4089 2909 2781 
2111 5091 6064 455 5890 4048 2999 6310 4702 518 6373 2361 666 6893 6773 113 5140 2082 985 5745 2542 5898 947 4138 866 2930 6201 4561 3478 6564 1342 6931 2773 1409 4710 6087 6531 829 4879 4447 2971 3882 6401 5986 3934 2546 1763 4753 5932 5532 6934 6606 5384 5857 6097 915 6904 5582 1316 6288 4161 6253 4300 4436 4307 2946 2809 2362 75 4796 2488 3530 258 5287 2547 3746 239 6918 3298 2436 5360 3875 6451 535 2144 496 1681 5436 6223 4901 
2756 4017 6967 2298 3090 4696 4845 5647 5575 465 4496 5895 3955 6947 2885 4236 4891 1289 4261 402 5181 1457 3402 1351 4575 2358 1756 5274 2399 3516 5897 1224 3730 2366 7046 45 7107 5237 1800 3871 65 1329 4452 6942 6481 3805 2211 3924 2333 1530 3923 2391 4361 2993 6123 4422 5906 1349 4441 1388 404 4660 3951 2454 1627 5660 2161 2905 4497 2351 1311 5379 5913 3657 134 6778 2933 6331 5598 2902 4789 2363 710 7010 1768 6571 4850 4692 335 2067 
2784 1126 1716 864 2055 2268 4153 4194 4877 6866 5416 183 1868 6255 729 4432 677 2178 6928 3020 6837 6029 6043 301 2576 1360 4372 565 3500 3916 5619 2008 312 6002 4739 42 408 445 2269 3973 2522 4001 1731 3975 3310 5856 322 3864 2675 2978 425 3096 1236 3696 5706 4248 5154 2899 103 3865 6407 1393 3065 2300 3857 3880 5779 5366 2070 2693 1565 3889 6982 7015 877 6215 4635 585 1323 3317 522 2497 4806 3357 4466 4915 6788 5391 1577 1273 
2137 2348 4668 3883 7029 5939 5813 5852 4380 3633 7030 5260 4926 2614 346 836 4907 6830 6747 3842 5737 246 747 6262 4111 2044 2908 606 5923 6118 3645 474 5358 3535 5927 4267 5280 6715 5139 1719 2260 539 6867 5498 1955 2787 6148 1454 2694 2882 4291 3089 2813 1591 7080 6254 2652 4611 991 2095 2409 1867 717 6900 2831 639 6503 6126 4175 5444 1509 5130 5351 5738 5089 290 5957 2105 3702 1857 3291 279 1698 5065 1191 5335 6382 5361 2602 1590 
1615 6933 1238 450 3252 2617 4687 1044 387 3823 4616 2861 3641 3780 5277 3143 1281 3435 7041 3170 4738 1276 5325 4136 245 6627 1161 100 3569 2253 5697 3881 456 720 6185 1677 6954 2370 3211 6114 2748 4760 5127 2683 3023 3226 2081 3269 5636 809 4996 3040 4744 5380 3144 3217 5205 2195 6168 6755 736 2715 1820 4440 3615 5201 1090 1866 6874 3119 6369 3938 4722 5763 5974 665 6591 4315 5656 3989 5625 971 691 3832 3980 4644 6131 2011 2204 6610 
6289 749 6264 5122 3820 6363 1852 254 1067 3016 6058 506 3489 2630 5258 1612 3295 2285 5853 3704 2010 5692 4188 6635 6244 5232 4331 1988 5466 4854 4246 6908 6495 2782 5760 1944 4597 2444 63 2449 401 6277 1427 893 6049 2779 4756 33 2214 6820 2368 3537 3482 2329 4580 4764 7011 3374 4362 36 2071 3221 6994 1274 5484 3724 4844 846 511 2925 1272 6892 2414 776 3802 2147 3148 4069 2644 1282 492 1271 216 6419 56 4757 4686 6187 849 5210 
5149 4534 2466 3894 3783 2360 1239 2654 1535 5229 2574 4015 55 4888 4070 2747 1186 2296 2397 6179 4024 567 5303 4193 1122 1552 1042 382 5020 4449 4852 6413 2708 6781 1133 598 2812 1303 1460 2702 5503 6125 6983 4254 5814 6630 4241 5954 6511 102 879 3085 333 6298 3607 6602 1088 1491 7095 3843 5449 2406 5683 3536 5506 6161 5983 4503 5731 4115 6463 1567 3974 4483 3854 1109 5142 1058 1080 6953 385 4570 5407 1051 6135 2669 5726 6487 4559 1258 
2642 2620 1111 1651 2766 3325 5294 3423 3818 6030 4842 5225 5594 1879 4858 6833 3844 5485 6010 1259 4423 537 6598 6491 1862 5588 3341 5810 83 5073 2870 4169 6638 2196 6140 1762 4103 58 5570 4139 2416 1127 358 276 5161 764 4713 399 2895 1 2688 6939 5910 4634 6304 6136 3855 4777 6094 3648 1172 6643 5012 6044 2550 1383 6762 3214 1599 1860 2567 6632 6717 4701 6795 5971 1966 4156 4409 2163 6052 1425 2459 3167 4900 4694 5730 2914 1147 3625 
5540 2382 3899 4426 5432 6533 4517 6169 6303 1790 1613 5802 5558 3644 3400 3504 7024 5145 4773 5934 1608 625 4940 5714 1116 6078 1089 687 5837 2371 680 2717 5632 5146 5554 5663 6775 5831 1708 51 4658 7022 4770 7088 5197 4489 2452 3038 4902 2043 71 5770 4228 6269 1788 3093 2979 3508 3129 6040 3890 5336 6364 3585 286 1926 3523 568 6581 659 3608 3576 2549 6132 4038 5131 906 5701 1984 2337 664 3711 2984 1433 6172 6493 3849 4303 4217 4063 
4083 3075 6115 5494 658 1793 449 1178 2291 3338 5872 5394 4763 5428 268 2647 2334 876 3081 2229 791 4556 2775 4939 5164 4244 1770 3813 2763 5618 3983 2986 4434 448 1505 3362 3078 1492 5732 1242 6263 3340 4299 89 4106 468 446 824 6847 3573 2632 926 6727 316 6046 6467 2278 1014 2295 5234 2847 3420 3512 4467 6327 4310 4677 2853 3835 2129 5166 7056 6281 467 2158 3932 5158 3884 2133 469 6400 521 7007 844 1035 5880 5160 188 2323 4591 
2537 5348 3474 816 1495 3126 4411 1512 3747 5972 3790 2025 4780 6323 1445 2723 3006 4802 2616 3575 2094 3092 5468 2526 5483 3460 2587 6405 4095 3678 1024 2189 2293 1747 5440 6750 1130 6268 5818 2634 7032 5710 1916 3471 2012 5713 841 291 4765 4414 4551 1437 3060 4046 1853 2146 1569 5735 1121 4396 1013 3753 2624 4947 4959 6890 1544 4929 2951 128 4636 881 1453 201 2713 2085 1325 586 7071 6940 2338 6439 6427 7001 6879 3866 5204 3967 6690 6335 
5098 4264 5734 5331 1511 4622 6507 966 4308 3485 5176 1410 5718 6618 1378 612 4330 3836 3519 2377 2457 6398 7049 1370 2155 1269 1703 2473 2968 5929 5604 3132 5099 6165 6144 3691 2035 3579 3008 4932 4778 2345 1270 6981 30 6839 6361 5917 5602 3018 4499 4989 2606 2478 6943 1408 3662 1624 3160 742 2383 5231 2521 6318 2403 4861 5717 5635 1705 475 3279 4820 2998 284 4955 4758 2750 1131 2006 2437 1153 1540 5566 310 3963 6768 4860 6196 3106 3135 
2965 5125 3582 875 4355 2022 1071 5222 1225 28 2394 5681 5940 4218 1531 955 472 554 4953 3464 1946 6047 2335 5784 880 6001 916 519 6597 3356 5646 6651 3760 2321 5206 2548 6459 2490 2571 7101 6681 5050 3229 953 2640 2118 1341 7006 5899 5808 4258 257 4945 6313 5110 7005 5320 3954 4743 5242 1078 5312 2179 4404 6946 1023 4921 599 2894 1539 281 6574 6442 6790 6538 274 1301 2442 4730 109 6669 1486 5755 2339 1268 635 4123 2695 398 6070 
4378 713 1558 4612 1517 2710 4542 5410 758 2891 4673 1414 6270 5340 5371 6909 5087 124 2157 5655 1549 3021 3347 5209 675 2212 493 4615 5518 5689 5725 3274 5862 1061 1537 4851 6713 226 3885 5512 4394 377 1154 325 1059 5528 2356 3762 4122 2595 1645 6146 5758 6615 2692 4545 2121 2952 4766 3292 110 198 2524 230 5677 1605 3490 3609 6737 4366 1652 1817 6764 5155 1246 3921 6637 6147 6320 6031 2502 3763 1831 1315 1137 3671 1686 3005 5687 4985 
5069 3416 2732 1306 1873 3123 6855 5247 4243 4568 6570 2711 2236 685 3853 583 4976 929 5637 4912 1501 520 503 3255 2005 5174 1179 2314 1642 1878 1688 6504 6005 3011 4494 5214 5202 1118 5507 6352 6731 1518 513 1962 6670 362 3586 4684 4871 1844 2573 808 2578 2559 5344 6925 6177 5552 5997 1997 2563 6360 6062 1151 1724 5922 6936 332 5508 323 6553 994 3266 1265 236 191 2552 1548 3996 3249 3764 690 6865 6672 1668 6616 2498 2685 5413 2558 
4460 6108 6212 7087 1792 6483 3945 4628 6968 5203 4165 1801 1262 133 1840 1087 2610 70 787 6765 7086 4374 6110 5783 512 4154 2822 3415 4923 3041 1415 3302 5616 5748 6961 2226 655 7025 2386 2340 6880 1607 1555 5652 6204 6767 157 483 3793 3668 2089 4671 510 464 5177 958 263 5036 4060 4578 1124 679 341 2789 6656 667 594 6011 584 4067 4173 1718 4294 6851 5412 5531 174 6386 3494 3822 4507 5489 1646 3285 6339 5949 1506 6012 6498 6050 
3189 2664 7039 437 3933 2315 6707 2239 5695 6456 1134 2110 3529 3664 4195 5938 6130 1672 1834 6785 5659 4724 6962 1582 2848 477 4005 3055 3493 1346 1836 3098 6284 2471 5353 2307 457 4563 4769 905 3017 1864 2286 6972 1553 6514 2233 6375 5257 2458 2828 2344 6496 1907 3531 495 2726 4705 2977 6042 2002 248 3470 4918 5347 4975 3911 4116 5961 6124 3827 1588 6018 6726 6969 6998 1441 2060 2272 356 4962 4090 6898 242 2125 3781 6803 5901 5269 6614 
5333 3604 2754 2722 4424 1737 4478 3968 5948 1026 1598 349 4250 709 4951 2168 920 4128 750 2599 842 6995 973 2886 6326 5916 2388 5418 2100 4997 1667 410 2884 3192 744 3178 6977 1586 6372 3698 5569 2560 2355 3230 39 4795 1253 1313 975 4883 6956 5995 5847 1435 948 1976 6367 2380 7077 3498 345 3165 1666 3233 878 5310 5322 4018 1284 4638 4458 4826 3448 4443 1945 3208 1411 3022 4408 3438 1167 6294 5194 5434 2707 683 4931 4661 6642 3525 
5746 5420 5374 725 752 5059 6149 6565 1952 1638 3062 3829 3191 2594 760 2889 1560 3232 2517 6449 5356 2964 4323 2007 6806 1050 3236 593 3587 1940 4508 6539 4700 3731 1470 31 6411 101 1948 3566 424 766 2817 4125 6103 5193 1037 1848 219 6799 663 3998 6431 3846 2210 4320 4082 4309 282 20 3499 6885 3475 1107 5479 2136 2024 6293 2987 2207 3903 3909 6238 4272 6753 4385 6468 107 545 5500 6682 2598 3826 2590 5179 6032 315 388 6921 4412 
1876 1785 95 1252 2418 1064 3069 6332 4881 4878 2958 5850 4543 6749 3348 1165 4454 5740 3970 6766 5107 919 112 3046 5875 5082 2741 4010 3950 50 6351 6093 2924 6978 5524 1561 4934 2467 1266 629 2031 367 2805 1466 3547 1640 5111 1010 2600 2288 1665 6698 3940 4025 3152 4751 1895 763 3697 199 1970 3429 6330 3705 162 5744 7047 514 5195 2854 1579 4051 2850 3330 6266 3956 4846 3524 6235 3003 3906 5719 1149 4318 1802 2099 1649 4206 1036 2583 
296 2143 1201 3584 6392 2875 4302 5650 619 2023 6292 1152 4269 2942 2613 674 6648 5196 7002 865 6857 6521 5908 694 4242 6227 4817 240 1829 711 1113 429 3196 765 2470 6556 314 6668 737 3110 229 646 523 4289 19 3688 5390 6416 2820 5921 5442 6518 6578 1600 6408 4037 6527 1129 5514 3014 2572 5821 6932 3039 4129 3868 5736 5443 1660 4510 5030 7078 2556 1060 4607 5376 6652 5109 5189 536 2798 1320 3376 1887 7084 950 2597 1195 6462 5523 
4546 888 1502 4400 6440 5596 2243 6214 57 3860 6134 2154 6645 6845 781 5244 930 459 1447 121 2985 2811 5599 6708 3987 5061 3174 6019 2656 376 4042 6162 3203 5828 3929 3264 3487 4784 3156 4168 756 4991 5455 3031 5542 5816 6458 428 2527 1620 5845 6260 6023 4245 5470 300 6990 2325 3458 1921 5308 3729 108 4847 1861 2833 4829 1103 1722 6677 317 339 1168 4341 1508 6592 6554 6307 1772 3562 6853 4370 1807 4549 5482 365 2837 2048 5941 5873 
4856 4697 3758 2159 1317 3541 6065 7037 4397 5252 2896 4890 159 4740 4164 6601 4498 874 6548 2324 6549 834 3044 5841 3036 2173 3658 6366 329 6626 1357 2238 3589 218 4884 609 3646 152 6922 1481 501 7094 1673 3876 4268 6869 1845 2353 3049 4014 4064 5463 6600 3073 1983 4343 544 6219 3311 4719 1110 2447 154 221 6700 6816 3772 5425 1488 2440 3674 1964 4319 4664 1066 3488 970 3201 2183 251 2844 4971 1199 6678 5989 3554 4555 4792 5150 443 
1145 5422 6884 5212 2846 3507 5608 1634 3130 4189 2374 4155 7065 1751 3278 3497 2319 4637 1141 1250 502 6117 6163 2966 2584 2469 3185 5393 294 207 1073 2217 4974 366 1683 672 3651 1922 3244 2084 3290 3506 48 2760 264 1685 4114 5053 4667 3636 1841 1830 5691 6314 649 4768 255 872 2411 3754 2536 4144 6760 3028 5216 1744 5797 4880 4488 1330 3767 1644 2402 1217 2806 5670 543 6739 5626 3736 3277 2332 6919 2221 3960 4524 684 3771 3000 4942 
3243 5630 6306 2316 2376 3451 3752 2330 3461 6723 1778 6025 6299 2201 4567 859 2306 5369 431 1696 4532 2091 2975 2960 1482 3709 1630 4748 622 595 6357 4670 4415 2213 4980 789 4938 2292 1423 5593 1684 6414 179 120 4651 3946 638 37 692 1230 6664 3141 2795 6679 1543 6871 601 2514 4281 5774 6079 5601 6282 5168 745 6287 141 5115 3994 3063 2485 6584 2910 5293 4838 1636 5530 815 3457 213 6250 2689 5116 7083 724 1967 2931 5315 2148 3483 
4418 3992 2733 7104 6840 91 6380 2139 550 7105 21 466 1202 4790 4608 3332 6873 1654 4886 5472 1854 972 1025 1478 1210 697 738 192 1623 4909 3518 2770 2215 1858 3774 1012 6560 3598 6317 571 458 5782 4337 4215 6787 6789 3908 4202 3324 871 4716 3312 4581 5993 403 5049 4199 3045 5316 6935 4558 5686 2138 2487 3002 3953 1070 5766 1295 3161 3176 967 5658 4036 5143 1628 5803 6906 2495 5240 6160 3444 896 173 5556 3962 3145 5741 1514 6572 
4695 6388 3851 5309 5337 3663 3515 2568 49 6732 2939 6891 289 1803 6008 7014 125 3982 6625 5200 6831 2684 2486 5671 1671 6041 1748 393 2815 3121 5777 321 6173 6151 6524 369 6086 3082 4874 3773 4648 5533 2628 5865 1815 6474 5318 3084 1235 4274 2462 6171 4486 4548 4181 6569 4066 2843 1931 540 6655 6546 4431 5541 79 1420 4126 406 908 5058 5612 4762 3276 5788 3839 4699 5790 6017 2650 6636 4750 2429 2015 6055 889 5211 7033 3007 3048 2523 
6273 5883 4516 2618 5641 6039 3870 770 6945 3926 2506 6336 66 1510 5839 2935 2036 4071 925 6494 1602 3389 4039 2629 2465 2793 4958 6113 5105 6944 4430 1452 4270 4065 3042 3687 2228 2691 4640 4204 3408 1699 3789 2605 2294 3863 2257 3841 3610 1735 4338 6604 1910 4868 811 578 4398 1534 3184 5078 3966 3373 6709 4903 7042 5579 1485 1903 4034 5493 3545 4557 4990 4311 6649 6580 2141 150 3397 6106 4831 187 5068 5270 5307 5487 6989 909 3722 5751 
4937 2493 5417 3163 1687 3795 6428 579 1189 3439 777 2921 2769 1261 1440 3294 1047 5341 2631 3520 4621 3491 3115 4023 3455 6623 5300 6529 265 4920 1177 2729 5381 2407 3858 1085 4265 1394 2410 6938 4993 5178 1275 273 5023 368 1034 3740 6445 4417 4451 3694 6211 5825 2200 6590 6343 4146 343 61 3386 1150 4519 6915 1429 6438 673 1999 1589 5988 1022 1519 5926 127 3574 2412 2149 4889 1389 243 2185 831 6296 6080 4022 1347 1625 3614 5870 1399 
5321 4469 4201 224 4056 3365 1986 580 4515 5462 2727 2261 7048 5454 2544 1198 420 1220 4369 6848 35 3837 918 726 6410 4814 2562 3904 4099 1557 3289 4718 1727 7018 1418 5207 2738 2346 4485 5511 2623 6412 2079 1617 1554 6617 318 4906 977 2203 3808 5121 1633 5136 3339 574 1451 6914 6543 1775 608 821 704 2464 1166 3559 6743 4061 1977 7008 328 1038 2955 2864 2480 3320 2974 74 1212 5022 6608 1446 3993 753 5874 5673 171 6864 4057 5399 
63 17
76 48
71 46
22 77
65 11
74 8
70 50
51 0
57 13
70 38
43 14
72 67
43 67
62 26
45 27
48 37
55 52
85 78
14 40
28 66
70 65
51 64
3 8
60 57
41 37
63 13
60 74
27 46
42 28
32 39
64 34
5 78
13 68
80 32
83 30
7 69
29 66
45 44
3 64
40 64
31 76
69 47
17 28
73 67
81 0
87 18
51 61
82 44
67 3
70 52
59 34
75 54
17 34
27 60
53 76
80 8
22 7
36 48
26 57
58 75
70 17
24 69
14 20
75 35
57 12
27 65
67 20
37 13
71 72
26 2
62 9
5 59
42 48
79 74
7 19
16 75
13 72
14 28
65 12
23 47
18 76
27 68
86 31
80 42
15 67
35 52
7 54
17 41
86 13
16 72
41 62
2 37
23 52
15 58
25 46
34 75
79 63
14 39
78 29
52 0
35 76
43 49
37 40
89 19
65 61
15 2
49 26
83 20
77 10
65 60
36 66
43 57
43 34
57 22
15 43
27 25
36 53
42 69
40 47
11 9
38 38
50 41
39 18
9 49
28 55
83 1
46 65
56 48
48 29
4 2
26 20
63 46
42 58
75 36
37 50
88 3
59 65
83 49
89 58
77 46
24 36
52 73
1 53
57 13
49 59
53 45
73 13
41 34
72 30
4 24
82 36
84 40
73 14
5 14
34 32
31 21
65 12
1 18
32 38
1 29
76 74
87 36
47 11
70 69
74 24
52 52
18 57
34 55
67 43
79 31
81 32
68 74
46 78
73 16
64 78
12 25
61 19
33 58
58 23
61 9
1 26
41 30
34 63
51 66
3 8
84 43
4 70
46 40
27 20
11 67
31 48
7 50
79 38
40 54
47 43
87 67
80 71
52 75
42 39
77 61
54 45
62 57
26 55
6 40
79 15
10 35
52 2
72 74
28 48
20 4
47 30
55 10
12 3
21 20
25 36
51 54
36 21
25 41
82 77
73 19
5 2
77 0
52 74
61 71
0 32
11 11
5 66
21 32
9 64
16 14
18 2
8 10
22 50
52 78
51 2
20 36
29 54
86 56
61 34
52 12
70 60
38 33
18 1
20 44
29 76
23 29
53 31
4 63
68 30
56 20
25 67
46 32
74 16
66 21
79 54
53 43
51 37
8 18
20 62
69 31
17 10
54 1
17 45
89 54
74 0
82 45
49 43
0 71
66 71
45 65
61 18
15 3
55 70
10 24
30 0
63 26
52 68
83 71
36 3
5 47
42 57
49 43
19 16
88 46
30 38
26 67
73 31
8 26
79 46
50 38
19 57
51 54
45 76
5 40
2 49
61 40
52 64
25 28
29 77
12 74
77 12
34 27
62 62
85 60
42 32
28 55
57 52
73 22
72 23
37 28
5 24
31 10
59 23
16 71
47 15
29 37
88 2
35 9
50 49
79 72
53 54
61 23
8 17
42 72
18 35
80 13
51 23
75 25
48 56
30 52
69 74
37 77
30 47
58 61
64 16
21 39
6 21
87 52
5 43
12 48
51 77
32 22
40 57
83 0
23 65
77 3
63 3
80 72
51 54
17 38
82 42
69 18
40 57
85 13
83 22
24 75
14 59
64 0
1 65
67 69
18 49
6 8
24 30
55 14
87 32
2 32
49 14
83 78
88 74
8 55
63 32
35 43
57 23
72 31
1 56
65 13
73 1
1 75
78 39
4 62
67 43
83 50
10 10
31 16
78 22
36 51
29 10
89 24
88 77
44 21
20 75
53 68
55 74
20 26
76 58
76 19
20 13
87 12
16 56
72 20
75 6
24 47
1 18
10 26
21 34
89 17
60 65
10 37
1 10
68 59
67 3
16 28
17 12
28 26
76 49
86 74
1 12
15 27
61 13
73 51
88 9
75 64
55 59
52 5
51 36
81 39
86 7
76 18
53 41
7 6
79 57
81 2
45 20
27 24
88 26
2 35
4 62
59 64
28 19
1 37
28 59
17 57
47 48
26 74
55 45
4 59
86 49
12 27
89 36
51 62
27 41
43 31
71 71
34 15
13 61
87 2
42 55
68 25
52 67
27 63
68 38
89 15
38 58
28 77
7 12
59 32
7 74
87 54
50 13
84 66
41 41
42 74
16 41
61 32
21 51
36 6
56 16
6 33
77 53
0 77
39 12
65 32
45 22
82 19
24 57
71 56
65 6
66 75
42 76
42 13
64 45
37 19
2 11
35 51
41 53
29 70
76 23
57 35
60 42
18 39
17 62
61 22
15 49
17 2
84 59
57 44
49 4
31 67
60 34
14 56
80 58
67 57
45 73
25 37
77 37
59 26
68 3
26 38
53 39
9 21
25 51
49 34
35 28
18 74
65 34
37 73
61 57
1 4
40 19
29 19
71 34
49 63
15 49
72 61
51 48
57 61
38 25
65 27
81 54
29 57
87 68
65 18
12 63
36 21
22 1
54 54
85 22
52 55
65 38
51 29
4 4
32 12
73 65
87 15
30 8
12 35
18 58
19 78
55 43
40 25
40 23
65 62
81 47
35 71
8 33
40 43
34 65
32 56
51 31
26 49
85 55
43 20
76 71
41 26
33 27
58 74
38 21
20 33
50 43
74 19
59 41
74 22
47 63
35 12
66 22
68 51
15 3
13 24
70 2
31 25
48 33
29 60
45 30
61 2
34 20
40 76
85 11
32 40
1 23
71 12
4 21
18 48
55 25
65 6
66 60
46 33
83 60
44 31
40 50
70 6
5 26
20 30
58 44
47 4
50 34
48 8
6 21
13 29
38 8
3 52
39 25
78 63
73 60
22 72
18 17
85 24
12 55
13 69
47 41
84 47
49 24
70 49
73 50
59 10
85 23
48 9
20 30
40 23
21 7
2 9
65 65
67 35
48 47
70 46
43 69
52 7
88 8
13 4
67 24
41 39
58 51
58 52
8 24
69 49
42 44
71 26
62 56
31 11
45 66
7 36
45 56
42 61
73 68
86 8
35 23
86 3
13 62
86 60
53 34
31 48
67 41
71 54
42 37
22 15
71 53
29 43
73 42
82 25
8 12
19 67
18 43
19 11
84 63
45 72
72 34
83 37
38 17
69 22
13 44
2 52
28 38
33 51
12 21
89 55
69 78
15 66
2 54
51 51
88 11
7 59
42 14
72 8
43 78
37 0
15 15
52 37
72 67
37 20
24 72
76 22
25 40
46 14
56 2
52 6
17 40
71 33
79 41
37 57
19 67
14 62
44 33
69 7
69 1
15 8
65 37
1 27
17 29
64 16
9 7
19 31
5 67
50 26
43 41
58 36
71 44
54 77
29 50
61 65
16 66
69 11
34 70
16 33
43 15
28 53
19 55
32 65
82 12
70 17
6 10
80 64
60 49
53 46
39 42
51 33
63 0
47 3
81 75
49 22
10 41
79 61
86 24
67 31
74 25
74 69
20 27
82 60
2 70
75 6
46 69
12 50
59 17
79 16
65 65
0 18
14 73
88 25
10 24
83 38
24 72
65 10
75 31
19 66
30 63
2 73
63 2
9 35
79 52
75 71
12 40
42 68
7 11
36 0
22 34
63 18
43 77
44 28
39 53
66 77
23 59
34 35
10 46
16 62
85 23
15 72
40 36
88 72
9 16
13 14
45 17
24 21
59 59
45 71
79 35
36 2
1 7
2 71
39 8
67 48
17 28
50 0
79 24
66 24
72 28
86 49
50 29
4 54
24 11
23 31
28 63
61 37
8 54
89 43
53 30
18 4
19 25
49 35
34 58
38 20
52 20
25 78
7 7
67 5
66 27
1 68
37 25
23 14
76 16
5 13
9 35
12 4
42 28
39 30
44 64
61 39
8 69
69 1
10 19
44 52
45 19
45 43
7 6
23 31
83 16
5 63
63 4
47 55
78 25
55 43
20 40
26 67
77 73
21 60
74 71
70 8
13 48
75 71
6 58
66 73
79 40
71 22
61 1
42 33
40 22
87 4
11 28
80 73
33 70
1 29
19 9
78 50
51 49
49 19
26 64
74 54
83 77
41 14
87 35
21 57
58 27
18 48
89 23
48 66
3 25
61 47
50 73
56 63
5 16
6 20
18 73
64 45
35 2
51 5
73 11
65 52
52 75
46 2
73 44
74 20
34 61
84 17
50 75
13 7
35 23
46 45
31 45
14 54
19 65
84 29
49 14
53 33
39 62
11 0
43 71
35 9
54 54
13 34
12 9
77 64
50 20
33 31
76 65
0 77
15 52
19 6
57 62
74 74
4 33
45 42
54 31
83 71
40 19
17 75
24 61
13 27
20 54
78 23
72 34
7 18
62 48
68 64
84 7
9 7
65 5
44 57
75 12
73 69
52 11
3 69
77 76
71 78
56 28
30 37
78 65
67 31
84 77
84 63
49 76
65 10
71 2
27 9
77 68
56 70
80 7
35 70
46 50
25 35
11 30
26 69
32 26
53 33
35 22
83 42
84 61
19 53
59 35
14 40
9 78
6 21
58 2
12 43
16 52
38 71
73 63
1 27
8 1
61 31
84 72
84 12
24 10
7 71
18 41
30 24
47 4
24 72
67 36
47 78
29 24
55 3
47 31
41 75
82 42
56 30
51 44
18 13
29 11
12 63
11 33
25 57
72 74
72 50
47 77
