9 57 1784
1 2
87 201 85 186 25 370 199 46 76 
218 274 260 77 3 18 507 383 267 
449 112 379 142 332 278 14 182 360 
161 464 420 456 225 440 194 467 44 
478 97 58 296 505 34 460 299 23 
479 441 442 498 283 484 326 147 123 
127 437 476 353 439 343 52 134 307 
359 179 474 463 98 264 238 192 494 
153 158 333 209 419 308 330 339 361 
128 92 364 203 445 408 166 481 387 
221 45 177 453 16 117 168 426 341 
280 7 155 254 70 26 304 244 64 
385 302 73 13 376 349 261 490 337 
241 447 167 425 391 430 190 365 82 
19 195 36 9 344 2 230 176 60 
65 40 429 372 42 246 151 223 465 
181 431 486 226 289 193 502 38 471 
43 24 504 109 107 83 191 120 286 
328 306 59 290 348 156 477 438 282 
461 357 32 452 130 206 145 106 95 
374 338 325 500 213 355 321 485 294 
455 115 424 205 144 436 51 224 432 
417 501 352 21 1 114 216 80 488 
217 395 508 350 435 154 450 247 222 
512 219 215 8 493 310 110 12 207 
480 94 320 483 139 272 319 63 242 
329 231 100 253 368 234 183 6 72 
17 10 165 265 61 90 239 491 389 
404 291 340 75 495 185 69 472 71 
235 510 285 275 259 263 409 356 189 
118 126 288 245 271 53 378 136 303 
448 212 0 295 458 421 322 509 300 
315 393 401 392 196 346 277 312 104 
89 141 150 74 41 220 102 354 297 
227 470 180 487 96 125 171 406 398 
101 373 30 148 140 499 331 428 157 
443 444 396 334 81 188 336 200 129 
375 159 174 33 342 327 469 411 116 
473 121 240 412 451 119 229 309 268 
68 172 399 324 366 146 135 482 27 
351 390 301 388 347 371 446 358 35 
511 103 287 198 323 50 55 131 269 
316 122 4 197 133 204 178 454 86 
279 433 468 47 317 91 20 382 49 
273 311 270 214 78 314 377 251 67 
292 422 380 415 367 170 250 48 466 
418 335 400 345 132 39 66 397 284 
298 414 416 93 381 457 152 31 57 
276 249 489 15 236 228 262 258 403 
169 384 143 62 255 99 257 252 475 
266 124 187 413 79 138 496 113 11 
243 160 29 84 137 410 363 232 407 
111 211 386 162 405 37 462 108 402 
427 362 305 54 237 492 503 459 149 
281 202 233 369 105 248 28 394 423 
318 184 56 313 256 22 208 175 210 
497 434 293 88 506 164 163 5 173 
6 30
7 21
6 53
1 10
5 55
1 52
3 56
0 2
4 41
1 27
8 15
6 2
0 36
1 41
0 54
3 25
8 26
5 9
4 1
1 32
6 13
4 25
3 4
1 41
8 28
3 13
7 24
4 19
0 29
5 50
3 50
3 48
7 36
6 39
2 23
7 4
0 43
3 30
3 5
7 20
1 9
6 54
8 23
1 41
0 21
5 4
1 40
8 37
6 43
7 2
2 48
7 5
1 38
1 23
7 23
8 39
6 27
3 22
1 49
2 29
5 25
0 16
1 28
7 4
5 17
7 1
5 36
0 8
6 27
4 14
0 42
5 32
6 2
4 52
4 24
3 24
3 8
7 44
4 33
3 12
0 42
6 24
2 33
3 6
5 14
1 29
0 45
1 23
0 52
7 7
6 8
4 21
4 42
0 36
5 24
7 41
6 38
5 20
8 45
7 1
3 34
1 14
6 53
5 20
1 14
7 53
3 31
1 45
2 15
8 14
8 21
4 37
5 10
4 46
4 33
2 56
0 52
1 17
2 47
2 5
5 34
6 32
1 38
1 22
5 51
7 38
4 39
4 0
6 56
6 25
1 3
4 3
4 46
8 29
5 46
7 5
7 8
2 20
4 56
7 13
8 9
5 27
0 54
1 5
0 30
6 15
4 39
6 40
1 54
0 31
4 24
8 49
7 23
2 52
8 22
4 39
4 34
0 7
0 25
2 48
7 35
0 20
6 39
2 46
0 19
2 37
3 12
7 0
8 1
8 38
8 6
8 6
6 20
7 33
2 15
3 56
5 26
1 13
2 21
0 21
8 51
2 23
1 1
6 41
8 1
6 36
5 20
5 36
4 34
5 25
4 37
4 22
8 30
5 46
0 5
1 18
4 56
2 31
5 23
7 38
6 39
5 29
1 10
7 16
8 32
8 37
2 4
4 55
5 22
3 53
5 9
4 0
8 17
7 13
2 21
7 17
7 0
4 50
5 7
6 53
3 6
8 2
2 23
4 16
6 42
1 23
6 12
5 33
4 16
8 11
7 54
7 26
5 25
7 43
4 25
6 43
4 19
3 53
8 33
5 32
0 37
1 54
2 43
8 0
4 8
2 36
4 11
1 9
5 30
1 48
5 24
2 25
1 41
2 43
6 55
4 42
8 41
4 51
6 30
0 38
1 36
5 28
8 28
1 38
7 13
3 24
7 0
3 12
7 6
5 9
3 1
4 3
8 33
1 5
4 54
0 18
6 1
7 2
1 45
1 44
0 14
0 3
2 51
7 31
3 46
7 38
3 0
5 49
6 13
1 53
8 44
0 13
3 0
6 0
3 25
2 44
1 48
7 3
5 47
0 20
3 44
8 32
5 55
1 54
0 7
3 53
8 28
4 23
2 9
3 6
4 44
6 3
5 19
2 23
1 19
1 8
2 42
1 45
3 32
3 37
6 49
8 47
2 55
1 53
6 53
4 42
8 53
3 38
1 37
5 19
7 36
5 3
2 27
1 24
7 11
3 33
5 27
3 16
6 13
1 5
7 3
0 26
6 14
4 20
2 46
7 3
3 25
0 1
0 22
5 6
2 35
4 21
6 14
5 8
2 32
6 29
3 37
8 48
6 45
5 48
7 33
5 44
6 10
4 32
2 27
6 12
0 27
0 34
5 35
0 44
2 26
5 37
6 52
6 21
4 10
2 36
0 38
3 1
2 46
0 5
8 10
5 34
2 2
5 46
0 5
2 56
7 48
6 20
5 11
3 41
1 17
5 47
2 11
0 28
2 14
5 20
0 37
7 15
1 34
6 18
2 14
4 22
5 5
6 20
8 32
2 0
0 12
1 33
5 2
7 0
7 18
7 38
8 26
4 27
1 2
6 30
0 45
0 36
0 19
6 38
8 20
6 1
8 7
4 45
3 16
2 4
2 38
6 7
5 46
6 55
1 14
5 15
2 32
2 6
3 47
1 47
7 24
0 24
1 53
5 46
8 8
1 45
6 56
3 30
3 54
8 48
8 5
1 13
2 0
6 51
1 18
2 40
0 38
5 10
3 30
7 52
2 7
1 41
8 10
2 9
4 9
5 38
2 45
6 24
1 44
3 40
7 56
4 12
8 22
2 36
1 53
6 35
6 31
1 50
8 4
1 39
4 25
1 44
8 20
2 46
3 27
3 35
7 35
5 41
2 39
1 0
5 39
7 54
0 4
0 30
1 16
4 42
5 28
4 36
5 35
4 18
8 13
3 17
1 41
4 3
7 23
3 6
1 54
3 33
0 37
8 48
8 45
7 19
1 8
8 3
1 1
4 44
3 53
6 11
6 7
6 5
6 40
4 41
3 47
6 1
2 17
1 47
7 47
1 8
5 45
8 31
6 15
3 28
4 3
3 23
1 48
3 34
1 2
3 41
2 13
8 47
8 37
0 26
7 48
2 32
2 47
7 8
3 22
1 54
7 28
0 38
2 42
4 6
7 0
2 53
6 15
0 0
8 10
2 35
0 29
3 28
4 4
5 30
7 51
0 18
1 43
4 14
1 54
1 29
8 55
3 42
0 17
7 41
5 36
8 2
5 46
2 3
1 26
3 49
5 38
4 7
5 12
1 16
2 33
5 20
7 7
2 27
3 7
0 14
0 23
7 20
1 13
4 24
8 33
6 11
5 13
4 45
5 40
1 2
0 28
3 7
7 7
2 18
7 6
2 1
6 44
3 24
0 31
4 23
8 40
8 19
8 15
0 53
0 6
8 7
3 53
6 42
7 13
6 20
7 5
4 17
1 3
7 0
5 19
8 31
4 39
1 50
4 34
2 45
8 2
5 16
6 38
0 33
5 6
2 4
3 47
7 52
8 7
6 43
2 31
5 16
2 16
4 11
2 38
5 50
1 29
0 33
5 49
3 11
5 13
1 47
1 13
6 37
5 35
7 8
0 32
2 54
3 1
0 26
7 0
0 40
8 31
6 19
0 39
5 6
0 9
7 26
0 5
6 20
5 6
2 19
5 48
1 52
1 7
1 35
6 18
7 19
0 21
5 3
6 13
8 0
2 31
2 44
7 30
0 5
2 44
5 53
6 41
5 31
2 50
0 28
3 34
0 46
3 15
8 39
3 55
6 15
5 21
3 55
7 48
3 8
1 45
4 27
0 16
2 32
3 37
8 43
6 32
6 21
1 42
1 14
1 29
2 29
8 21
4 37
5 0
7 26
7 2
0 16
5 51
1 17
2 27
6 51
6 9
0 53
4 55
6 44
8 25
7 4
3 36
4 39
8 45
0 35
6 47
1 33
0 0
6 8
6 33
2 22
5 36
1 13
7 23
6 4
4 22
4 56
5 22
6 35
1 46
6 15
3 50
8 41
6 21
3 3
3 48
0 10
8 55
1 29
0 19
6 30
8 39
2 34
1 47
5 36
3 44
7 51
5 28
6 37
0 55
6 6
4 32
8 39
6 10
6 53
6 48
6 50
5 0
7 53
2 37
2 55
3 40
8 45
2 30
8 0
4 4
4 12
4 42
3 33
6 50
6 18
0 7
2 22
6 35
5 17
5 46
3 53
2 50
6 4
0 53
4 8
6 28
4 55
8 10
8 6
2 15
2 18
8 16
5 41
7 2
4 37
2 52
0 9
8 0
2 49
5 3
1 16
2 37
5 19
0 4
2 25
8 45
3 27
5 48
4 55
3 1
3 40
4 2
2 55
2 52
5 8
2 14
1 18
0 11
7 8
4 49
8 19
2 55
3 50
1 9
8 47
8 32
4 13
7 49
0 35
6 36
3 37
3 56
8 1
5 15
0 42
8 17
6 27
1 47
6 27
4 20
3 55
5 26
2 11
2 53
4 49
3 16
2 50
0 32
2 21
6 34
6 7
7 14
1 41
0 45
4 14
2 43
7 46
3 7
5 3
3 5
3 18
0 46
5 8
5 28
0 12
4 12
8 2
7 53
4 18
8 47
1 20
3 5
8 13
5 46
1 50
1 52
3 51
4 22
6 50
4 23
8 19
8 44
7 43
3 56
7 56
2 55
8 22
3 3
5 48
0 27
7 25
3 5
0 28
2 5
5 48
8 15
6 26
4 36
1 2
8 34
8 1
2 38
1 11
0 31
1 31
8 37
8 52
0 4
3 48
0 26
7 51
3 52
1 16
8 48
1 51
1 16
5 41
3 38
7 47
2 10
1 11
2 1
8 23
0 25
8 1
5 52
6 0
3 37
8 46
3 33
7 36
2 54
6 12
8 19
2 53
8 47
4 47
3 18
8 5
7 41
8 17
2 18
6 35
3 5
6 53
0 19
4 14
1 28
8 42
8 42
5 56
7 32
1 6
8 45
7 6
7 50
1 50
8 13
1 11
4 5
8 52
8 14
3 24
8 2
4 4
8 52
8 2
6 29
2 11
8 2
5 27
1 54
1 46
6 37
7 5
8 25
2 7
6 29
3 9
5 32
2 37
4 41
3 27
0 12
8 8
6 20
1 13
5 2
2 13
3 10
0 45
2 4
5 34
7 5
5 5
3 31
5 38
2 45
1 8
8 17
3 7
5 49
0 53
6 44
2 33
4 0
2 55
7 13
8 18
2 33
4 4
1 6
1 37
0 38
1 41
1 43
0 36
4 53
7 26
5 33
6 9
5 30
0 51
7 55
7 32
6 37
7 55
4 48
6 35
3 5
2 42
3 50
1 31
8 1
4 19
5 0
2 14
3 17
8 51
8 34
6 9
2 43
1 0
4 26
5 28
0 45
2 37
8 48
0 32
0 0
3 5
3 56
5 31
0 28
3 48
3 12
2 2
0 0
3 28
4 14
3 14
5 22
1 33
5 38
0 40
3 25
3 56
4 11
4 4
1 22
8 43
8 43
3 16
6 5
1 38
1 40
4 16
2 17
7 4
5 37
6 10
0 1
3 26
1 38
5 43
6 29
3 22
4 45
4 11
3 25
6 40
5 41
6 24
0 41
0 47
8 8
4 47
6 29
4 47
8 3
6 44
0 49
7 33
2 7
7 39
6 5
4 3
0 41
6 0
2 56
5 23
8 26
3 17
1 50
0 25
1 39
4 20
5 36
4 16
8 31
2 22
4 7
6 12
3 48
3 27
1 8
1 27
0 11
0 31
6 40
6 47
1 18
7 9
1 2
7 37
4 36
4 30
6 12
5 35
0 27
6 51
2 32
8 54
1 51
1 0
4 9
5 24
1 14
6 33
2 10
2 33
1 46
7 55
7 44
1 2
8 2
4 11
7 51
6 30
3 2
4 32
0 36
5 15
8 15
7 36
7 33
2 33
7 37
1 56
7 26
6 41
6 42
8 39
8 34
7 34
8 56
6 22
8 6
6 46
7 5
5 47
3 19
3 3
5 32
7 31
4 18
3 6
4 30
7 40
0 20
0 53
0 18
3 4
3 29
8 33
5 27
1 2
6 35
2 13
5 44
2 45
2 56
2 17
5 3
4 32
7 39
1 50
8 49
0 37
8 35
4 23
4 43
2 31
0 32
4 25
0 48
8 50
4 50
6 7
3 45
5 47
6 16
7 50
0 7
7 13
2 17
6 21
4 14
2 24
1 8
8 56
0 11
8 8
3 46
7 12
7 54
8 50
3 50
2 56
0 6
4 12
2 18
6 43
7 17
4 15
1 25
5 0
1 13
5 29
8 49
2 42
8 43
1 5
4 43
0 50
3 46
3 39
7 44
6 8
2 49
2 18
1 56
3 48
2 34
1 35
3 28
3 12
5 53
0 40
6 20
7 49
8 54
6 15
7 29
2 33
6 33
7 32
6 3
7 38
0 12
5 7
1 30
3 12
5 42
4 14
7 14
2 47
7 20
6 12
7 12
0 45
7 22
5 2
8 16
2 45
7 29
3 45
0 14
2 12
4 29
5 1
0 40
0 16
7 5
2 9
0 45
7 44
6 24
0 34
1 15
8 24
1 46
0 4
5 1
1 12
1 39
2 43
8 37
5 43
5 52
0 47
5 18
2 25
5 4
0 6
2 40
1 7
5 0
0 40
7 55
8 21
8 2
7 40
6 33
5 52
8 48
2 42
4 7
5 47
3 4
7 30
2 39
1 34
7 56
0 10
3 33
1 26
6 35
8 43
1 37
6 14
3 26
0 14
4 44
5 13
3 21
0 2
0 41
0 8
7 25
5 10
5 26
0 39
6 33
3 23
3 26
2 7
1 5
8 48
5 10
0 50
5 17
1 5
5 27
6 46
0 8
7 47
4 8
4 18
2 38
0 16
0 29
1 52
3 9
1 52
7 9
5 7
1 15
4 42
3 46
2 27
6 30
1 1
1 46
6 3
0 2
7 38
7 17
7 4
2 36
3 34
1 47
8 46
8 31
7 48
0 48
8 6
1 12
7 55
6 35
3 44
8 44
5 20
6 52
6 21
2 50
1 2
3 29
3 35
4 54
6 25
5 29
6 35
2 38
4 42
7 24
2 35
1 46
2 1
7 8
0 27
8 10
4 22
2 46
6 13
1 43
8 16
8 20
2 14
6 51
7 19
6 29
5 52
6 45
3 38
4 39
6 49
2 52
0 0
8 6
3 7
2 39
4 22
3 24
1 11
3 44
6 22
3 6
5 34
2 25
7 53
0 51
0 23
1 2
0 20
1 38
5 2
1 36
3 2
5 56
1 7
5 25
6 50
1 52
8 56
6 11
7 9
3 31
3 16
7 6
8 1
8 2
7 27
1 56
8 10
6 23
2 28
6 39
6 42
1 36
2 39
4 21
0 36
1 3
1 46
8 7
4 6
3 30
3 56
5 17
2 35
4 54
7 28
1 14
0 23
3 22
3 40
1 8
3 55
2 48
2 24
4 9
4 48
1 17
2 6
5 28
1 8
2 49
2 30
1 0
7 8
0 22
4 48
8 10
5 12
2 39
5 14
8 38
8 4
0 29
7 6
6 23
2 46
7 38
7 56
8 40
4 24
6 53
5 42
3 20
6 2
4 3
5 0
3 0
6 8
2 29
0 15
6 12
1 51
6 22
4 41
0 3
3 30
6 2
6 15
6 43
0 51
1 29
3 19
8 0
1 31
4 10
5 17
3 44
1 28
0 2
2 23
6 43
4 45
2 32
0 0
5 35
4 7
7 29
2 25
2 46
0 35
1 7
5 56
8 5
4 31
2 49
1 2
5 40
5 11
1 20
0 29
7 5
0 12
1 54
7 10
4 52
1 7
2 54
3 1
2 49
2 41
3 8
4 43
7 47
1 26
1 7
7 46
7 37
1 49
7 36
1 37
2 43
4 20
8 55
5 12
0 7
6 21
2 39
4 32
3 38
2 31
8 40
3 50
5 19
6 2
7 8
2 8
7 53
5 56
3 50
6 46
0 16
6 5
1 56
6 53
8 12
5 24
2 40
4 55
0 24
3 1
5 12
1 8
8 21
2 45
0 6
1 52
6 8
5 15
5 22
1 9
0 39
1 52
3 52
0 9
6 23
4 8
2 51
3 6
5 24
6 0
6 50
3 28
0 22
7 49
4 13
4 31
1 3
0 14
8 11
2 47
2 0
6 26
4 43
8 44
5 38
1 21
6 4
6 56
0 20
0 44
6 18
3 26
5 1
0 12
8 38
7 23
6 35
8 28
3 42
1 48
0 23
6 53
3 14
6 19
4 32
7 37
6 22
1 15
8 51
3 42
2 19
7 18
0 13
1 42
1 24
8 27
3 54
5 5
1 13
4 37
7 45
6 12
4 51
1 22
7 17
8 55
0 13
2 11
8 40
0 31
6 3
7 2
8 7
7 21
7 49
0 20
7 47
1 16
5 8
0 32
2 36
5 37
1 30
4 47
3 0
5 5
6 54
2 46
5 49
7 43
2 9
3 9
5 34
8 6
8 5
1 24
0 3
5 25
5 34
2 29
8 26
8 8
4 38
1 44
4 13
0 21
4 38
3 40
3 42
4 33
3 27
1 26
7 23
8 52
3 8
4 0
0 1
4 0
8 52
0 47
5 52
8 33
5 37
2 34
2 33
4 47
8 15
7 49
