61 54 4157
38 20
1821 2854 1113 2351 442 2708 705 1517 1542 505 2344 1009 2081 2594 1920 597 514 2493 1033 1910 3046 1789 853 1993 2392 2009 2916 1668 1995 1081 2507 1443 511 2791 2441 2552 3204 1825 2456 2393 2435 2957 719 2320 1496 1991 363 571 2697 1156 345 690 1145 2525 2127 2006 1506 2285 539 1461 2674 
2048 1274 1555 3076 2603 2222 897 3154 749 1200 955 3224 478 940 2012 1432 11 721 3063 2415 2857 1192 1 1591 2868 1170 2589 2342 1743 891 2382 81 3165 3174 2263 1298 14 3162 2638 3278 3087 3016 309 2483 3147 938 173 2013 1635 1854 1649 937 3188 2315 248 3290 2651 2725 1065 2137 618 
474 105 157 1424 2715 786 2947 2564 2799 2767 1578 185 993 1082 2224 2804 839 553 1643 3272 2373 1562 2843 2166 74 1321 929 238 1564 1768 2509 2718 471 2044 2835 16 725 2094 1487 184 1601 301 718 3228 3098 3051 1376 1454 675 2397 559 741 624 300 766 468 1900 1223 2143 609 2336 
2383 1423 1824 925 2766 1370 3191 1007 3236 53 2464 1798 1593 2887 2078 85 1271 2036 2240 1613 1828 569 1590 2723 1213 1566 2844 160 2176 2772 242 2512 3105 784 319 691 202 1374 1733 1068 1342 1906 349 408 1328 1404 805 1232 1349 1201 3019 1978 2015 2631 2092 671 1839 152 1709 2577 1369 
683 904 2385 1948 580 1876 1484 1651 748 892 412 1969 812 1204 1123 273 1670 2853 246 957 3059 854 423 464 2273 115 3126 2504 2446 1141 2811 837 3042 2658 361 704 556 1527 752 2113 212 96 1019 1397 2704 724 2059 906 302 2061 2716 253 1210 76 584 133 1905 2707 1661 2522 2516 
1421 108 2423 2501 2120 420 1853 2981 1754 3135 3180 895 460 1261 1563 1276 2056 1230 124 368 2242 1659 3074 1470 1846 3143 3179 225 88 2261 150 440 1399 52 1098 2543 3282 284 70 745 1716 2485 531 2177 3144 1367 588 988 2550 2185 1410 2578 2908 2080 2874 359 1612 233 2110 2149 1732 
2347 846 2496 1368 722 1027 174 2449 446 2352 1088 2539 2876 264 2404 2795 1441 1619 1963 1819 2021 1707 2999 1592 1894 695 844 1544 214 2883 1747 1456 3052 299 1571 794 1866 1510 1522 2699 1180 985 3182 992 613 456 422 753 137 292 2445 1340 1531 439 1061 2112 1408 1048 3148 2829 2926 
2422 2200 2227 390 135 320 653 2386 444 352 316 968 458 3193 2181 2255 1548 821 2210 2133 1536 984 2239 1056 2461 1752 2064 3275 593 2408 1878 1595 208 1877 2560 339 3066 3254 1291 2573 711 2526 1801 2662 1361 1140 3127 1625 3050 2684 2754 1891 2557 29 172 587 855 2411 1194 3029 2362 
1227 2763 1239 2773 2277 2183 283 3248 1953 2687 1503 555 2077 1176 1546 592 2710 341 1249 2341 1904 1043 1766 2620 169 789 1675 3230 2963 1514 2659 2442 744 2743 907 1365 1985 1572 1689 451 909 3088 2863 2146 859 1346 2891 2345 2801 1961 2226 1634 2838 510 2881 865 421 3082 31 1714 2698 
2995 2429 2856 2771 2576 3251 2517 1083 835 3073 523 265 1673 2574 1972 1837 516 3195 1260 2037 975 2611 2201 2680 585 73 23 2232 35 2466 1438 910 734 2071 2586 2424 2375 2873 1684 1039 2361 2389 2481 663 2932 645 168 1059 3054 2572 2287 1852 2190 1149 1547 2706 77 2122 2969 1483 178 
1129 2035 2590 2836 2057 2821 44 2156 2802 2470 1193 99 2803 3166 1996 656 3130 1870 1094 1057 2935 2346 833 3125 2894 130 45 1690 1046 1348 2395 1250 1667 921 2541 2742 908 1054 2581 2175 967 782 601 726 2918 669 969 1268 2721 193 326 2635 1835 2667 3222 650 2630 2204 1888 1945 103 
3111 2705 2571 3194 2409 1489 2029 591 3079 2086 2731 2046 2745 1516 790 878 1779 3049 235 2142 1012 728 1753 1737 2131 2076 546 676 1559 648 312 2317 1708 917 1335 165 1187 1901 1025 1810 1741 2069 2497 1358 1042 175 1398 2443 1896 658 201 2535 1096 1765 467 898 1672 3005 2467 2974 1029 
3091 149 769 3205 881 3023 2657 2265 2259 1980 416 1512 1426 1183 2089 1884 1282 2412 3264 117 941 2152 1035 903 2610 343 1449 815 1911 1899 2866 2324 1491 1315 223 2205 2498 2307 2468 1694 1596 1337 499 1597 801 3025 167 1338 8 2011 2026 3227 1838 2214 735 2082 2032 2837 1390 1005 1412 
757 191 2527 879 1826 987 986 2008 1632 3045 660 3001 1767 1080 369 2593 617 1879 501 2648 1093 2607 1360 1264 3036 3030 1171 2964 114 607 1486 2312 2339 2406 2911 3124 755 1245 1475 365 1966 2629 2616 1820 1975 1885 189 194 2278 2335 3085 364 196 1411 1530 2903 2332 1735 3259 4 2777 
1121 95 247 595 820 1302 1577 1874 34 1290 2318 863 2042 2966 1629 1669 1579 2165 1751 1281 1897 1467 688 2601 3200 476 2807 1301 2252 604 3276 3011 1926 2258 2405 2416 1307 2997 2178 2107 228 2425 1134 3033 405 1429 646 1458 2419 2748 1640 2679 466 1594 1829 1581 384 1556 3021 2570 976 
1363 370 1792 3269 1233 1220 2971 1977 1919 221 2414 2199 3183 2855 2119 472 2154 2329 2349 655 239 1464 2274 142 2521 1418 2696 2831 2818 87 2948 1023 2537 1073 1011 2322 3122 27 3171 110 2770 1508 1469 3209 1812 1933 919 1044 318 1719 1401 1297 1322 1964 2632 1295 79 1406 303 1099 1834 
2153 2052 394 1657 1448 1287 1022 1381 2219 1898 183 1795 2682 1814 1318 920 3244 282 28 1776 3003 1310 362 3107 1309 1706 1434 1844 633 2694 1624 63 3286 887 2390 1433 2534 2430 1466 2085 654 2970 1021 1306 1247 2348 1161 147 1047 1228 164 2786 1890 2569 793 1959 996 308 1705 2330 1211 
1050 180 1710 3163 843 717 2886 954 1532 3123 2299 2272 2284 2280 1927 2885 776 1678 2850 2454 680 1778 1084 2126 742 397 877 3260 127 1979 1284 118 3280 2943 2237 2486 2164 549 3192 1259 2634 2606 1569 1293 756 883 2189 1618 710 3121 1921 3090 1225 2472 1804 1102 1427 2612 2364 317 254 
1785 258 981 2686 2533 570 1471 2859 3089 465 1446 915 1058 285 2400 1327 1388 2709 3132 1757 427 828 15 507 973 482 1937 2144 943 1131 36 425 2136 2091 1385 810 799 3232 578 3097 2016 3170 3233 1139 1648 181 409 2194 1336 2794 1617 566 557 2427 953 1540 280 298 2830 1494 896 
2489 2211 2471 2788 3239 1447 2269 527 3215 639 3279 729 1215 641 687 2985 808 3246 1849 3014 277 424 2271 627 3281 229 1488 1116 2305 1152 888 1037 1925 2438 1143 3069 643 1357 1028 1642 1267 797 3235 3214 227 3142 679 1071 2147 1861 1120 775 1378 673 2279 3096 2677 1984 1982 304 2588 
2508 2238 1922 2613 1159 2871 3114 791 3172 512 244 1105 2045 389 473 396 2882 922 2901 632 2354 1501 1700 1008 1863 1002 1967 1680 3055 849 203 933 357 310 1848 1605 2262 1238 2905 2899 3047 255 383 1110 2331 542 1243 1830 2685 3256 2030 2150 3189 2380 3109 2797 33 443 313 1097 1886 
2455 2363 2123 1314 2538 1407 3119 2502 158 772 2849 1299 3010 2218 2453 2257 2562 2672 1362 1528 1150 1664 234 3247 824 1087 2953 2779 145 1983 574 535 3080 1998 1576 513 823 1380 93 1214 2034 2139 1860 2915 2746 529 92 2267 1893 723 57 495 64 1208 19 2798 3267 1004 2998 2724 1806 
1024 1216 2359 3164 3012 2547 281 3031 1818 204 2895 2897 2730 344 1674 1638 1165 611 685 3265 927 348 493 1326 58 2187 2555 2735 2778 360 251 1202 1339 2102 2396 2473 2268 215 91 961 3058 951 504 2134 1240 1938 84 777 1950 2717 1036 2765 2551 767 2168 1946 216 2308 524 2989 1157 
1568 429 355 1480 634 1472 2955 2958 541 1845 256 491 2275 2426 636 1914 3026 1415 2135 1462 1372 2492 2121 378 2506 1375 1431 3013 2582 139 1685 608 1599 1254 1739 2902 2713 393 2847 490 2295 287 1169 373 1604 1364 116 3034 3131 2530 1188 798 1791 2617 2719 259 2433 3075 2549 2484 1221 
496 2751 1422 713 2162 1136 936 1089 518 176 615 697 3158 2839 995 2996 126 6 1062 1840 2283 2 2774 2645 3022 1103 565 2968 274 453 2243 449 1658 448 2961 1703 1986 1761 2040 2732 1515 1742 1049 764 2300 1856 2459 2465 372 1126 437 787 2005 1148 3070 452 498 1859 2286 614 1355 
1573 2310 295 1529 97 3201 795 1186 2739 2371 3092 1109 682 765 2919 140 567 119 323 2596 703 1671 1750 1631 1646 1041 934 2167 3104 2950 1917 2737 2817 1662 1790 107 131 3274 2249 1341 2583 959 536 1468 1331 1994 2598 1108 492 2641 521 220 3120 918 1203 1160 494 3197 997 3229 1787 
502 2256 1738 2917 2960 610 1970 410 693 1063 991 2740 3065 2749 520 2650 2114 269 3134 1344 177 324 2116 3093 356 161 2434 3136 1636 1734 3028 926 3218 1231 1451 1017 2556 1909 1313 2559 1343 1499 337 2761 1585 1957 2248 706 2602 1868 2513 802 2609 2910 2575 1655 586 515 1699 3000 1788 
1545 1887 2161 1561 232 709 3258 1609 2378 1823 2529 2984 1003 334 2369 7 519 2384 61 314 1147 2436 2518 1077 948 3043 3113 3168 928 388 3217 2815 2619 1987 1883 1269 1729 68 635 686 1442 2360 2500 210 1855 2712 2478 454 1764 1614 3056 479 2197 1695 2245 222 2195 3083 672 486 2303 
141 2756 1395 694 2940 1425 391 800 2418 455 509 1373 841 2640 3146 2703 1598 1759 2637 1616 831 2072 327 2350 1452 2520 1052 2566 1106 198 2206 982 1275 856 2018 2171 958 2407 893 2787 207 156 252 2391 946 3100 806 3071 2592 2158 403 2151 2652 696 606 1122 2079 825 1032 2043 1055 
3207 2301 3187 2972 2020 1179 2755 2000 2357 2626 560 257 1999 477 900 1936 1622 1296 3211 763 122 2988 376 692 1270 1713 2294 1262 377 2432 2007 3108 143 871 43 1308 2714 1311 1288 626 811 3039 2865 884 1565 1519 551 2174 296 818 1324 166 1960 1567 1191 2980 2775 2316 3288 1166 1453 
979 2842 1255 2544 3103 2321 1366 414 3032 1687 2374 882 2002 2365 3118 3203 2900 1797 2608 3061 1016 731 827 598 1809 2962 1902 2480 3155 3017 2994 848 544 809 1929 1589 1481 751 278 1189 38 2088 1988 3145 2824 2293 1000 2896 1808 342 2203 1557 2479 2913 2180 1347 2656 406 2888 431 213 
3237 2796 94 2244 2758 2084 1325 2540 111 2490 322 962 3199 819 2954 2934 2505 2920 2281 1400 1770 2290 667 674 3177 974 395 792 902 1777 262 2170 2309 1827 1997 1715 2251 2421 2101 2141 1610 3202 970 681 445 1623 664 3 306 2398 2914 2665 583 2004 894 911 100 1865 665 2548 2812 
1474 644 1493 1111 379 2019 1457 1758 2624 2666 1090 1403 796 1833 1681 1394 1294 874 1437 2877 1258 1417 407 840 2212 2229 354 1092 335 3271 1728 2231 69 867 3060 1772 2460 2733 1006 1869 2420 3053 3149 2793 3129 2633 2250 1939 1543 40 783 759 670 3284 1439 2643 1903 2949 945 2673 2462 
2039 266 1551 1383 2401 136 226 2266 2103 530 2128 1895 1796 3156 462 2729 3277 2841 42 2738 2073 1207 2191 2701 2722 2503 32 1234 616 3048 1951 762 1930 3292 1756 1316 2597 2669 1679 2945 2452 3015 1142 1278 1718 291 2676 768 1850 430 346 104 2780 470 3095 217 1858 2510 2129 2292 2599 
1600 340 151 347 3102 245 2488 2702 2800 2447 2041 2095 1164 2221 3225 1460 1832 148 2628 1212 2022 1236 2753 469 1107 2058 1525 2394 533 3068 2288 1763 2264 989 426 2939 3009 2741 866 2819 901 1419 1135 1981 1353 132 1813 2491 1968 619 3206 1802 1266 2813 2115 2587 2664 2403 1683 206 1881 
3062 2098 3285 554 3117 1836 129 2744 188 1045 62 2444 2621 1459 1908 1745 2690 1574 1195 3139 590 1862 3257 3252 836 315 1539 3007 1782 1330 1175 2246 2225 623 1389 1184 736 2333 2862 2591 1931 1127 1396 2783 1146 1526 3241 3020 930 20 2413 2313 924 750 2711 218 1091 2921 1217 575 2781 
629 358 2388 1811 781 558 3133 0 1256 1086 1177 2372 2038 1030 1450 2334 237 2049 26 1942 3157 1118 1627 2639 1805 620 230 2208 50 1305 271 2381 1476 2689 923 1880 30 1455 1923 2727 2567 1053 2003 311 2376 1606 1351 2832 1918 387 1354 550 1402 297 2148 1523 2298 689 1479 642 1384 
80 2469 1749 1114 2236 1332 727 417 270 1538 402 999 822 2207 121 1676 1560 1500 1138 1841 59 2368 2188 716 1478 2495 2978 850 2457 1913 3159 2924 82 1720 3234 1198 3057 2668 195 2182 1226 1864 2907 1875 2923 2782 1244 2642 1038 487 552 2768 1272 1079 826 2892 720 1780 737 2568 2532 
2959 1847 699 905 1257 1867 186 71 3210 288 2192 1428 171 2014 2975 807 3167 1359 51 2458 1413 1319 2828 1511 547 2678 3137 1513 2845 400 1645 1615 932 1463 385 1124 605 1976 209 1584 2880 960 2055 651 1954 740 1018 2060 1130 1608 1535 1074 2108 1621 2235 1702 1944 2209 182 2809 1101 
2276 1912 1133 60 2991 2340 785 1067 1816 652 2202 2764 128 1783 2054 1185 2810 594 817 1786 2494 977 1520 861 2050 1125 1650 761 1507 1873 1842 1076 484 78 3185 2827 240 480 852 2053 350 599 1962 2017 2370 1382 179 205 2661 2314 1815 1554 2695 353 1334 1941 236 1730 965 2993 279 
1132 3002 872 1637 3270 2253 2124 2655 2820 2328 2450 475 3255 2402 2622 1196 830 1436 2355 2519 2356 972 2358 2157 1409 2173 2511 2864 399 1104 2627 197 582 163 657 2023 589 666 2580 1760 1444 1965 1229 1892 1660 2270 321 2554 1172 1209 758 1549 1263 435 2595 1696 2090 956 459 1916 3253 
2736 576 2099 432 154 2028 3291 1949 2247 2117 1265 2769 947 3064 2792 2660 243 2693 101 1771 1582 2410 1711 2179 3035 1167 3081 1273 447 380 250 276 2759 1502 886 2399 162 1317 3268 3250 1794 868 1253 351 3196 1377 199 2024 366 1219 1001 331 3169 1992 503 851 1014 2523 2614 1726 1117 
2545 1241 640 2343 668 1283 1445 1663 434 913 263 138 1303 3173 2987 3084 3293 3138 1626 2834 3176 829 1721 545 2367 526 622 630 2437 2066 3238 1505 1889 418 3160 1070 1174 2379 548 1603 914 517 2956 1736 1807 596 3094 2100 3242 3273 497 2925 2193 1168 2118 3101 2654 9 631 2675 2893 
2728 330 1907 754 54 1537 3212 1485 3249 2155 2649 2922 3262 268 701 249 2325 2326 747 1712 1793 1482 1199 2296 1069 912 3220 1031 1060 1137 2912 3152 2327 3112 1773 1725 1541 2097 134 146 2070 1799 10 2132 538 944 2977 3128 875 1289 2297 328 525 506 774 1235 2898 382 2431 1440 2482 
834 2087 1740 2805 638 2976 75 415 261 56 2644 1162 3231 192 2319 2928 2542 1956 2973 1040 2065 579 2062 1704 392 625 2111 2233 155 1285 2931 2106 3178 144 2536 771 1286 528 2604 1851 2618 3287 1237 1182 2291 1575 2159 2816 1723 522 83 738 3067 1692 1652 102 860 732 1163 3198 1677 
3226 200 374 2927 241 2499 857 1701 1762 1693 862 2757 3140 2814 2561 572 1947 65 483 714 1371 481 2353 869 219 1580 2860 698 1989 2700 702 971 3190 1558 1251 89 72 3099 224 2068 2762 2528 1552 3027 677 1078 411 2808 2387 1435 3018 260 804 1218 1686 1329 3150 1955 1682 3024 3263 
2282 2476 2625 2986 2692 325 41 990 1356 2093 1350 450 2983 661 2140 1691 1128 1279 2067 537 939 1181 730 1405 1242 2216 3289 1784 2750 289 1744 2104 637 1587 1252 1588 17 2623 67 48 2223 1292 2870 1504 3175 2944 779 1119 1345 2826 2858 98 1015 90 873 966 1498 842 1280 55 2990 
952 813 778 1013 1304 1717 532 2600 814 864 2776 3151 2160 563 1173 120 1633 2869 2001 2822 1775 2563 508 3078 109 739 2105 1928 647 2515 125 949 438 2965 1300 916 1817 577 935 2217 816 386 2377 2145 1153 1644 2196 543 1583 1656 2951 2579 3161 628 485 1490 21 2163 1800 978 2169 
1915 39 3077 2938 1248 1628 1085 22 1940 37 2439 1222 2463 2546 1391 2833 1224 3245 211 5 562 2451 338 18 1312 463 3208 1553 649 375 1497 2474 964 931 2311 890 436 1151 1857 2992 983 286 113 1641 1934 2688 1072 2942 1550 461 1020 1570 333 1246 25 441 2524 1872 1727 3186 13 
12 2734 2930 3006 2747 2083 838 2302 1144 573 159 1414 267 1206 3261 1769 998 2720 1882 3223 1755 1064 1524 1924 2306 847 3106 1112 2979 2096 2752 1803 1653 2565 3116 3037 1115 500 715 170 371 780 1379 2884 832 1066 3221 1158 329 2448 2846 1051 1034 612 1178 1323 1630 275 1197 2241 187 
2220 994 2186 433 788 707 3240 773 1697 662 2138 2823 1392 2254 2790 231 2789 1333 2031 2477 1586 2681 1971 1477 2929 3115 332 2428 2861 2304 2890 1958 1843 700 2475 2889 1935 1509 49 760 336 2906 112 2213 2109 963 290 1026 746 2033 870 1320 46 2967 1393 66 1973 2440 534 367 1746 
3184 1473 2125 845 684 1518 1465 2172 2937 1748 3283 1602 413 2230 3153 876 803 942 2615 3110 2417 2289 3008 561 2909 1781 1647 2806 2323 1521 603 2027 2840 1731 3243 2904 1639 885 1665 294 2760 24 2514 1430 1822 3072 1666 1277 540 2198 621 858 2936 980 2867 2366 1416 2825 1620 419 2848 
293 3086 2010 2585 1352 3038 1386 2784 1607 3040 2047 1010 106 2671 1943 2234 2487 2646 153 1420 2670 401 1611 712 2215 47 1990 2691 2074 2584 305 3141 1974 2933 3219 1095 1075 2636 1952 488 2726 659 1155 600 2338 2785 2878 2228 2558 1495 1698 428 2852 1688 1533 2879 708 2647 1492 1932 3044 
1154 381 272 678 2982 1387 3266 2683 2872 3004 489 3041 2260 2184 581 457 2553 3181 307 2130 1722 2941 1534 733 2663 3213 123 950 2653 2851 1831 86 190 568 1190 404 564 1724 398 889 2075 2531 2875 2337 2605 2952 880 1100 1654 3216 899 1205 2025 2946 1774 2063 770 1871 602 743 2051 
7 32
44 5
25 18
21 24
20 35
3 25
57 34
1 46
33 51
23 52
17 13
36 11
23 25
40 14
23 29
18 41
52 5
15 47
52 4
26 42
31 14
11 32
43 33
38 30
26 29
11 1
29 20
18 8
32 12
31 40
19 20
11 29
45 24
18 14
5 25
31 5
0 21
55 23
1 21
42 41
35 16
33 11
54 28
13 11
42 32
0 53
22 48
2 32
45 37
14 45
23 25
46 4
48 51
58 17
17 22
18 11
4 35
60 3
26 15
38 28
52 53
10 32
25 32
59 48
34 13
53 44
29 29
33 36
1 6
15 29
18 37
36 5
60 42
33 47
5 22
40 12
52 42
56 39
26 0
38 45
54 6
27 5
42 14
24 2
20 52
30 35
15 24
11 35
15 23
56 25
48 37
20 16
39 42
48 10
6 2
46 21
33 5
34 22
3 53
52 42
38 6
59 34
26 25
8 37
57 1
8 5
47 37
41 11
16 30
49 2
51 50
11 50
55 47
50 28
5 19
37 39
50 7
34 24
16 36
45 24
3 28
4 44
39 6
3 23
14 26
24 12
17 42
44 25
20 12
5 36
49 13
49 31
19 17
54 16
49 6
26 44
53 6
12 27
52 5
5 39
42 16
23 41
45 12
13 4
56 47
8 9
15 17
18 37
25 18
12 3
38 15
15 39
43 50
44 5
13 34
7 29
44 34
42 36
60 12
39 52
43 40
11 8
22 46
55 13
16 7
60 0
8 3
58 36
36 27
9 47
14 37
27 8
46 37
45 27
19 20
45 8
53 35
53 19
23 43
52 29
22 9
25 10
3 3
2 23
16 50
35 33
46 46
27 48
51 52
39 35
5 2
60 53
39 35
50 29
60 28
4 25
12 3
38 33
55 4
12 1
47 44
49 41
0 31
51 19
7 29
13 24
53 6
12 29
56 9
0 38
25 44
55 42
11 17
38 36
32 0
13 19
51 39
60 10
2 9
22 38
38 34
19 52
8 52
50 48
41 8
9 0
19 40
24 42
13 14
0 1
51 27
35 9
27 36
11 20
21 47
13 19
43 41
22 51
41 20
60 47
47 35
46 31
18 52
45 29
13 45
51 43
49 40
40 14
7 43
3 3
23 9
21 20
43 10
30 50
8 14
26 50
10 49
37 52
35 49
16 7
0 34
13 2
4 10
0 43
26 12
12 47
5 42
23 10
1 45
35 18
5 19
39 6
53 38
20 47
28 36
33 29
56 48
26 16
60 7
8 26
8 7
44 27
25 28
53 26
24 42
25 46
12 14
42 25
13 16
49 25
60 34
17 33
36 29
29 45
49 43
16 0
3 26
29 47
39 35
42 47
48 2
10 4
7 29
57 53
37 49
10 49
18 43
5 8
57 35
29 17
37 7
51 15
6 20
27 20
14 42
21 41
8 41
59 44
27 30
7 13
55 23
5 45
36 30
54 1
9 5
33 17
59 19
42 12
29 0
21 22
49 21
26 5
43 38
9 19
51 44
6 31
41 40
52 45
25 23
29 28
1 20
40 6
42 22
13 49
31 17
52 49
45 2
51 20
36 11
49 51
37 24
6 36
54 8
25 17
54 4
0 13
7 28
28 24
6 19
52 39
38 1
34 20
10 50
19 52
52 4
14 37
43 27
12 37
37 39
44 28
38 6
52 29
31 38
23 29
8 52
4 6
5 53
42 27
6 14
16 2
22 52
23 43
6 22
38 27
44 9
50 26
24 2
2 36
16 6
4 18
40 9
45 14
44 42
53 47
52 24
21 1
12 24
9 48
59 44
28 51
12 46
19 12
46 53
16 11
13 2
23 51
25 23
57 36
6 47
17 47
5 52
52 26
44 41
16 31
23 11
45 28
11 53
40 48
57 9
44 34
44 4
34 37
19 51
56 38
28 5
36 38
25 4
26 50
35 14
56 44
60 53
30 15
34 37
46 5
45 41
29 6
16 34
21 2
10 17
23 31
14 31
17 3
29 35
19 12
31 6
24 32
28 40
40 42
6 48
38 8
53 43
40 38
26 23
28 4
17 16
13 26
28 14
55 28
24 21
31 16
27 34
11 14
42 46
5 13
36 24
25 52
60 22
5 13
23 43
47 13
20 28
54 29
19 39
43 16
40 35
60 9
23 50
21 15
35 6
54 16
4 34
19 2
0 23
9 34
37 47
54 22
60 24
36 11
29 18
20 51
19 0
40 28
6 45
19 36
43 12
50 49
41 35
26 44
4 51
39 26
60 23
16 42
27 15
26 30
15 50
1 35
5 4
48 30
11 1
14 15
29 41
32 40
33 14
33 52
31 42
57 25
36 5
28 38
23 23
38 35
32 27
15 48
26 6
32 5
23 37
5 47
6 19
37 1
20 9
6 12
3 25
47 30
11 44
18 39
24 23
11 12
52 10
45 0
18 24
31 44
57 36
2 0
7 51
59 13
24 30
30 25
41 30
20 33
58 44
13 1
8 25
42 2
40 47
47 30
15 37
48 53
31 35
57 39
29 5
20 46
58 37
24 22
58 18
39 16
31 36
1 26
7 24
37 40
44 16
58 5
55 4
10 53
25 35
19 40
20 26
54 14
25 19
60 12
22 32
2 10
28 33
1 6
5 1
49 29
17 36
2 25
15 26
34 21
21 32
21 0
41 23
58 26
13 42
39 50
44 36
24 27
44 8
20 37
58 28
58 35
35 17
25 44
11 9
37 29
3 14
47 28
12 28
6 4
7 1
8 45
27 3
5 41
10 10
25 36
4 40
48 47
26 42
23 40
49 5
43 0
38 16
58 13
59 49
15 52
15 23
36 27
33 33
56 44
36 24
1 9
50 3
51 2
20 1
15 27
17 23
17 33
50 10
4 17
50 43
57 25
9 30
43 53
14 27
34 5
45 41
0 20
40 0
24 38
13 3
17 36
51 52
15 37
39 24
28 42
44 9
47 19
30 30
24 33
3 39
50 34
33 15
4 34
44 42
23 34
12 19
33 49
10 29
11 5
13 14
22 30
36 8
6 39
59 3
14 13
20 4
17 25
43 37
21 7
50 48
2 31
55 1
57 18
29 26
22 15
56 37
47 23
35 30
45 21
57 2
29 7
10 50
26 47
25 16
30 15
12 22
58 23
38 11
36 2
54 49
20 1
11 21
0 45
45 37
13 50
42 1
36 46
23 2
6 29
49 12
60 23
43 2
14 50
52 29
14 18
56 26
12 2
36 44
21 12
39 22
32 32
13 19
26 31
11 24
53 13
47 53
27 52
14 46
42 48
53 36
49 14
9 38
27 32
53 13
28 26
21 36
7 45
23 10
1 34
33 32
36 15
40 16
54 28
18 26
11 14
7 27
15 35
9 42
57 26
2 50
54 34
11 40
16 40
53 53
45 41
52 31
40 11
26 47
39 36
43 5
1 16
55 11
59 21
25 49
14 35
24 12
47 42
2 10
37 52
20 36
60 7
20 12
36 38
29 43
58 29
39 49
60 37
14 17
11 20
3 39
42 31
30 45
34 51
43 41
13 35
17 23
4 11
46 38
10 7
37 16
13 15
13 53
2 10
14 29
19 22
1 5
56 4
26 6
50 38
14 43
56 31
36 17
22 19
43 46
18 42
51 10
4 48
49 8
43 43
3 24
31 21
56 37
19 28
13 25
52 21
24 8
11 6
1 46
31 43
4 26
7 42
53 34
9 32
16 39
18 15
37 25
42 27
22 29
6 34
9 4
7 38
55 50
6 13
36 21
11 25
37 49
19 24
34 45
22 31
2 43
25 19
54 5
20 36
35 13
7 10
51 19
17 47
47 23
0 48
33 53
14 10
50 28
29 22
52 53
22 37
15 3
12 49
15 4
29 43
53 25
41 23
50 47
32 52
27 28
60 3
54 6
39 35
52 31
47 14
0 51
50 24
18 1
8 28
31 18
7 26
42 24
30 39
50 17
56 29
36 37
31 29
1 28
27 17
11 30
22 18
6 3
15 11
45 26
6 12
12 48
51 28
24 23
32 29
45 44
45 15
41 2
23 42
48 37
29 3
50 15
39 7
35 19
6 33
18 35
4 19
55 43
17 13
58 0
41 51
41 35
15 51
46 48
42 48
33 3
3 49
19 27
11 3
27 14
44 17
50 27
50 28
9 25
35 31
14 13
20 11
58 25
50 4
53 10
47 28
38 23
5 43
14 27
26 22
39 22
53 9
44 43
0 34
28 15
5 41
19 53
0 4
7 45
51 46
41 25
25 9
47 22
20 9
5 17
50 9
37 32
58 47
16 47
48 37
41 34
28 30
14 36
26 6
52 16
29 25
52 3
46 33
35 0
3 29
54 50
0 18
27 15
7 40
22 37
33 22
3 40
10 28
34 21
30 51
12 18
8 19
23 28
55 42
42 44
15 46
23 24
39 52
3 49
14 0
16 0
43 7
32 51
14 26
26 41
7 11
6 43
16 52
19 10
54 33
36 53
13 29
33 45
5 45
29 21
17 26
17 19
8 3
46 48
47 12
1 28
25 28
18 5
18 51
23 16
42 17
38 47
59 10
48 14
24 17
37 35
57 18
55 19
29 29
31 20
16 35
15 20
37 3
0 2
40 36
59 53
3 19
41 7
16 48
50 47
37 39
16 19
23 22
53 35
6 41
1 6
29 15
26 0
21 47
30 48
48 42
56 5
45 37
43 19
23 33
13 5
43 45
44 29
43 25
5 16
7 52
15 26
29 16
37 25
7 38
37 44
22 21
34 50
19 46
48 13
26 21
34 30
59 49
6 3
60 24
25 2
16 42
33 48
50 41
26 41
9 47
37 25
3 52
11 7
22 29
35 44
58 32
57 41
32 33
46 20
25 15
36 25
13 31
8 4
9 38
27 20
50 37
53 47
0 53
42 21
52 27
44 11
53 36
57 13
52 31
19 1
29 29
37 43
60 26
1 45
13 10
30 14
50 6
44 36
8 39
19 21
37 53
31 40
51 42
1 21
26 8
28 4
47 18
41 6
23 26
52 19
26 8
48 1
3 37
35 47
28 42
20 49
59 6
24 50
13 43
41 42
4 1
40 2
33 0
12 34
39 37
2 4
5 47
29 10
19 46
51 5
54 12
20 8
37 38
26 49
42 41
54 39
3 5
56 12
34 27
23 40
39 37
34 10
41 33
14 21
23 12
54 35
18 8
55 43
29 11
29 47
22 27
13 49
33 30
54 52
24 7
49 28
32 26
49 13
48 24
54 0
7 44
55 29
52 37
51 32
43 12
46 25
43 25
40 43
29 0
5 49
53 31
24 12
4 51
1 41
8 18
2 47
2 18
49 14
54 12
15 47
60 21
44 49
50 7
43 52
21 13
45 18
52 8
42 43
49 1
33 25
44 39
43 46
28 22
20 17
22 29
52 2
49 49
38 51
42 20
14 49
59 9
37 45
0 32
13 47
14 23
1 16
47 36
1 31
5 40
38 1
53 16
12 31
21 26
52 21
47 36
24 22
57 46
20 11
53 52
23 18
4 44
49 47
25 46
20 39
50 35
41 2
30 51
36 15
26 12
56 33
55 14
44 4
56 21
4 6
15 38
13 30
15 9
34 32
43 52
58 10
48 32
41 29
14 8
3 45
34 30
17 53
48 13
16 9
9 26
2 33
13 41
10 3
39 21
58 35
49 23
36 27
19 6
39 40
20 3
9 28
27 50
0 37
39 50
37 33
36 20
51 23
20 12
4 51
1 3
57 29
40 0
47 23
5 48
47 39
11 32
9 26
45 17
47 10
47 0
24 43
60 47
35 17
4 51
17 43
7 28
44 49
43 14
41 53
6 43
25 36
57 43
26 49
54 2
23 21
38 45
45 38
31 5
33 33
56 21
37 28
29 29
46 19
50 51
21 21
46 24
51 46
32 48
1 38
28 18
42 46
38 52
37 11
28 35
30 11
17 33
2 14
59 21
9 23
44 39
33 50
14 25
52 3
21 19
34 52
45 11
6 42
37 13
9 35
13 20
38 1
47 21
15 4
11 36
19 31
48 40
23 1
36 31
28 36
59 28
54 44
27 52
44 50
51 21
45 25
7 30
25 32
32 13
15 30
38 42
19 50
13 10
29 42
48 16
13 27
18 47
50 28
9 39
23 53
26 46
16 22
36 2
34 44
55 7
48 6
59 52
34 40
0 25
7 53
41 5
42 9
35 22
0 38
34 16
31 9
15 34
18 30
45 7
27 10
32 38
8 35
9 50
45 21
20 29
16 52
15 30
25 51
59 1
11 33
29 29
52 16
42 2
57 12
0 38
41 20
50 27
48 45
1 38
32 25
31 28
51 46
25 21
46 30
31 7
59 12
54 21
40 32
50 44
60 42
54 11
22 45
50 32
8 2
39 44
9 30
25 31
0 14
7 6
39 6
29 18
47 25
5 38
27 40
22 35
56 50
47 26
25 34
50 52
37 41
28 40
23 2
32 16
26 45
33 3
47 16
29 44
39 51
44 19
14 21
35 17
45 38
28 6
29 52
11 22
58 25
10 7
15 11
37 41
1 14
24 37
41 4
20 4
34 31
9 34
30 16
32 43
26 30
52 36
60 12
3 34
12 52
13 21
45 30
50 28
11 32
16 43
60 47
1 51
48 36
40 21
8 3
21 39
13 22
55 47
2 27
35 51
34 31
11 29
30 16
35 18
50 49
34 37
19 43
29 43
16 33
10 25
36 11
23 36
5 8
34 42
51 9
43 35
33 2
23 3
30 1
37 9
49 39
21 21
19 16
30 14
16 0
38 25
28 14
24 4
34 20
59 29
34 47
10 4
23 5
48 53
45 25
37 50
41 4
1 30
33 22
12 21
6 41
3 2
26 34
46 17
44 10
41 45
19 24
40 32
45 16
19 37
41 0
12 27
54 12
44 50
59 21
10 14
14 15
18 6
11 29
48 12
19 0
4 27
16 48
31 12
21 2
10 35
40 14
34 29
36 51
46 24
53 13
2 31
20 44
4 16
58 24
33 29
60 2
16 1
51 2
28 12
8 15
6 1
39 52
45 51
58 27
47 37
32 50
34 39
19 7
50 36
51 53
49 32
43 19
27 4
48 38
45 22
25 4
7 24
50 26
29 12
13 7
54 51
52 45
0 48
4 32
53 53
1 9
58 21
14 49
55 48
22 50
28 27
8 6
52 30
49 1
51 4
36 41
28 12
9 13
7 5
16 1
11 4
5 31
33 3
23 5
6 18
5 31
53 39
26 34
17 37
45 5
43 7
14 4
3 10
28 3
32 10
12 13
35 36
15 19
45 48
25 46
30 41
16 48
28 46
3 51
22 10
55 37
58 2
22 25
6 49
41 14
55 27
47 46
48 34
9 50
11 7
50 39
10 19
56 53
46 13
22 16
16 9
5 20
26 11
34 34
59 46
0 4
34 30
49 9
34 49
49 22
57 53
16 20
41 44
51 9
19 42
6 15
39 36
59 25
11 0
10 40
23 42
46 39
19 12
45 31
14 1
25 22
33 47
19 31
57 48
22 30
54 20
22 15
35 35
50 4
23 13
27 48
35 51
19 19
17 7
20 53
10 35
6 10
26 21
51 29
38 26
47 50
22 7
35 50
55 33
5 46
30 18
58 18
48 22
55 44
59 5
51 18
26 2
8 16
33 45
31 41
18 28
28 21
15 16
36 15
39 38
37 18
2 36
44 17
40 10
35 19
40 13
37 13
4 41
59 37
32 39
13 26
16 11
55 49
7 23
56 20
11 39
12 22
26 41
22 44
28 25
26 2
46 27
52 31
2 32
35 18
53 49
29 31
24 3
33 23
33 47
56 0
37 45
35 30
36 4
47 7
56 30
27 21
35 1
41 28
7 24
5 0
7 5
50 0
29 48
29 17
25 52
49 32
14 16
20 24
18 7
3 0
7 29
55 49
7 11
58 36
2 23
56 19
30 22
53 22
30 24
2 42
59 4
19 20
25 45
5 33
1 42
27 47
26 49
52 24
15 50
35 30
14 12
33 51
8 40
46 0
46 30
24 18
0 6
58 2
7 46
36 43
18 24
28 40
44 9
3 5
52 26
55 20
24 30
14 24
47 19
46 43
2 41
51 46
42 50
33 1
49 51
15 37
22 7
36 13
13 6
20 23
26 15
54 8
29 15
58 37
16 53
26 14
35 48
59 37
23 37
35 1
35 47
45 30
44 7
31 39
5 3
12 1
26 49
26 5
25 38
19 29
10 48
9 52
59 20
39 42
4 44
43 25
6 9
18 28
48 39
38 6
59 44
60 10
0 40
34 6
2 11
35 31
24 22
40 39
23 33
1 20
44 34
58 40
59 1
28 14
53 23
6 38
2 28
28 17
41 33
52 33
2 28
27 6
50 45
26 35
35 14
17 33
34 9
5 6
20 7
44 43
31 24
4 19
13 14
44 31
17 19
46 44
8 7
0 26
11 45
26 51
19 38
32 3
17 3
20 8
23 16
21 27
28 0
10 22
8 10
12 45
38 20
32 52
41 2
47 45
15 28
53 51
33 37
32 7
21 37
7 19
28 15
56 1
54 28
15 35
12 2
22 9
13 39
31 27
27 0
3 26
40 25
27 11
33 25
56 4
50 10
27 50
9 9
8 34
16 14
16 19
11 34
49 3
3 8
24 22
43 25
24 34
23 29
8 37
59 34
19 39
37 0
8 36
10 53
51 35
52 21
19 29
24 46
1 6
6 47
43 19
31 35
23 26
13 42
34 22
3 11
26 18
5 36
5 47
5 5
30 0
41 9
24 42
34 13
52 46
27 35
25 40
38 36
33 19
36 2
35 29
11 32
7 36
60 4
9 20
9 52
60 48
33 45
37 14
26 31
19 1
60 36
20 45
48 34
29 23
3 3
8 46
4 27
31 42
7 33
18 38
42 14
45 1
26 1
59 50
17 52
29 39
27 33
26 4
53 4
30 13
14 4
54 33
50 49
47 42
45 22
13 26
33 30
50 53
53 49
44 10
41 5
13 26
10 39
39 47
36 50
21 45
55 50
35 39
25 3
5 51
38 15
30 5
40 50
20 13
2 22
7 47
13 32
56 8
46 2
21 0
18 24
27 51
8 46
8 1
48 1
28 43
34 30
39 51
0 33
58 38
36 30
3 53
14 33
1 31
45 38
47 12
34 28
6 39
16 1
54 19
57 38
6 27
34 53
54 21
21 0
7 52
13 27
16 16
32 46
30 9
39 23
4 0
14 4
23 33
1 40
45 15
15 52
20 33
49 26
4 25
16 7
54 14
12 39
58 52
41 40
49 4
14 36
49 45
8 51
25 7
58 17
10 22
17 7
24 9
23 15
22 29
9 14
21 20
59 47
41 34
45 42
25 20
22 27
9 19
31 22
32 29
37 43
23 29
54 25
54 34
53 51
43 12
10 19
50 11
31 26
60 25
47 0
11 36
13 46
16 13
8 25
50 9
46 38
57 7
36 5
42 51
18 4
20 4
60 53
47 47
54 8
52 12
2 7
50 35
42 46
24 31
56 25
38 43
5 28
16 13
54 29
16 5
42 21
10 11
0 6
50 47
18 44
27 28
54 46
53 24
32 27
29 6
25 4
50 38
26 44
40 42
2 11
0 2
1 41
50 7
30 46
52 42
31 49
55 24
22 37
49 8
8 8
24 47
0 20
9 11
18 37
18 41
42 4
36 3
45 24
57 20
46 36
19 9
13 4
39 40
56 35
39 12
15 33
17 27
52 5
53 12
33 11
21 45
38 17
28 0
1 43
28 1
9 28
46 13
5 49
50 1
55 41
45 39
30 10
17 48
37 15
27 16
16 2
35 47
23 41
53 35
8 32
34 24
42 45
9 5
55 48
10 39
3 4
19 28
8 27
8 38
40 45
32 34
10 40
40 19
56 23
25 4
17 19
16 18
41 43
39 19
48 19
28 51
41 1
7 40
49 38
20 40
2 19
45 30
45 39
43 28
6 43
25 20
22 44
54 50
14 26
44 38
9 7
29 33
16 8
22 8
44 2
20 25
26 33
34 46
52 31
25 32
2 32
19 24
14 24
18 44
58 1
24 29
45 33
10 19
38 29
52 14
51 15
2 2
35 49
23 21
12 10
23 19
44 37
38 33
31 19
34 25
10 33
54 6
28 42
54 13
17 4
35 50
9 22
2 14
35 1
17 53
35 35
36 31
27 38
38 22
4 32
50 44
39 35
55 53
19 18
54 25
36 17
32 11
7 44
57 27
3 41
19 32
6 35
34 41
11 41
11 23
45 5
49 23
11 17
39 26
16 2
9 1
12 17
47 44
1 52
6 6
16 42
44 53
39 45
17 7
34 49
20 48
28 10
17 20
45 16
5 17
23 2
1 43
33 30
6 48
49 43
23 25
31 49
18 21
21 16
40 12
58 39
54 15
48 41
4 10
7 39
47 6
24 40
7 19
32 20
14 2
29 34
4 51
1 41
60 11
5 0
50 28
57 45
56 8
50 14
35 45
39 48
50 44
54 24
33 12
35 36
43 47
31 29
27 25
22 8
52 27
55 32
60 30
47 10
17 52
18 33
42 15
59 13
27 7
35 19
29 10
51 26
45 8
7 40
10 11
47 45
55 23
45 30
16 37
9 3
23 13
24 12
44 25
3 31
25 0
55 3
28 4
57 25
36 20
35 22
13 43
29 27
37 30
40 28
40 29
48 37
6 53
59 23
44 7
11 32
21 36
58 10
25 13
55 5
56 10
46 39
54 26
55 22
39 6
37 4
59 31
46 16
49 17
11 48
24 32
50 14
30 0
8 1
18 6
53 47
29 26
40 16
9 22
35 22
23 52
39 42
12 35
32 34
58 47
50 29
28 4
55 33
6 35
30 53
25 47
41 17
25 33
52 45
43 23
40 52
58 37
27 26
44 38
56 17
52 20
22 34
42 53
40 34
48 52
1 27
28 51
36 39
17 17
60 12
50 0
45 10
46 29
30 1
23 45
48 31
4 10
20 42
44 16
57 37
12 51
29 52
27 51
29 45
32 4
23 21
44 16
30 49
52 36
59 47
32 27
22 35
48 26
35 14
25 33
36 27
13 28
59 30
21 33
36 33
21 27
8 44
11 20
57 40
30 31
40 38
1 43
18 38
52 15
56 21
30 2
31 5
22 6
16 6
37 51
49 41
52 13
48 45
4 50
44 41
18 42
36 30
25 31
15 37
4 21
15 40
14 4
34 46
53 14
5 14
16 5
28 1
2 18
9 16
2 1
54 7
8 25
47 35
59 0
56 39
23 11
4 23
33 49
55 39
38 50
10 5
37 23
3 14
60 22
29 27
32 26
53 22
14 52
19 14
40 4
33 35
7 25
27 44
34 20
0 40
15 44
25 41
18 51
5 52
60 20
40 42
34 21
7 52
18 2
32 30
32 44
38 3
57 18
1 25
29 53
58 17
42 31
56 50
60 33
31 21
20 19
8 50
48 21
34 7
46 43
2 12
29 48
30 17
14 21
54 47
60 39
56 36
42 35
25 53
28 14
56 15
49 52
25 31
31 2
54 28
45 16
53 34
54 1
1 19
38 24
42 15
46 14
50 44
9 41
37 22
60 27
54 43
31 20
18 46
38 0
19 4
10 13
25 47
13 47
39 3
4 22
59 26
59 26
18 51
18 43
30 51
12 44
58 20
9 8
39 0
15 48
10 28
12 10
23 25
24 27
12 32
17 3
23 13
31 44
47 36
21 26
2 29
3 42
48 44
3 42
41 22
16 17
3 37
46 41
59 49
54 21
25 2
26 30
20 31
29 23
10 0
27 21
9 27
46 32
39 32
37 16
28 7
28 40
44 26
23 50
57 29
14 24
7 16
60 12
18 8
29 41
53 5
50 23
32 27
37 38
51 40
55 34
29 39
54 47
51 13
55 34
36 19
45 7
25 17
18 18
3 1
57 38
60 11
38 20
35 24
5 2
4 29
15 11
53 3
53 35
38 32
18 38
1 26
25 33
25 53
17 42
36 28
10 44
40 30
39 50
30 17
8 6
27 6
5 50
4 32
9 3
58 0
40 20
13 3
0 3
46 13
4 34
25 30
39 20
49 52
0 6
5 12
15 40
24 45
5 14
15 30
1 44
45 51
49 44
58 36
54 33
37 52
13 10
60 21
47 48
59 14
0 12
40 41
18 23
0 45
5 33
34 37
23 33
47 9
20 46
27 39
56 2
57 16
47 5
38 45
38 1
30 34
40 33
36 31
29 0
16 52
49 37
30 46
55 47
0 12
27 40
11 36
38 20
26 44
56 45
45 40
44 45
14 49
37 50
6 49
57 53
25 28
26 43
30 8
9 52
17 39
36 2
25 27
54 23
7 1
15 16
53 6
43 4
1 45
55 15
3 28
37 29
19 7
57 8
6 1
30 6
3 26
50 40
40 31
36 37
1 48
34 21
27 42
12 24
42 12
5 34
47 22
32 11
7 45
8 10
7 23
25 44
16 53
24 10
23 20
24 32
43 15
31 17
59 12
54 33
56 35
2 4
60 7
35 51
20 44
33 47
57 40
27 30
10 18
36 0
4 50
47 27
59 35
10 37
36 10
31 20
10 25
22 38
8 1
39 23
5 31
17 2
21 2
33 51
53 33
34 3
10 12
12 40
5 12
1 21
2 20
47 15
39 19
59 21
8 9
36 26
29 35
35 39
26 44
45 13
30 39
8 24
14 35
1 50
41 1
56 27
30 9
19 40
18 53
4 35
46 46
37 31
9 10
2 6
23 43
36 8
37 26
52 4
1 20
50 44
11 0
36 14
8 4
31 17
31 40
57 9
26 24
48 4
10 23
55 31
12 10
55 35
2 38
5 53
24 18
24 35
7 16
26 6
35 45
34 2
15 43
42 53
20 44
5 1
1 32
58 28
43 43
26 36
16 37
58 8
50 46
45 33
12 22
6 31
8 12
14 10
6 10
42 1
36 12
27 38
42 49
0 38
40 14
24 5
18 2
44 28
47 28
24 23
3 52
22 20
55 39
0 14
44 37
6 53
28 10
1 26
30 16
45 26
40 17
38 44
60 40
15 9
18 7
36 37
30 16
17 46
6 50
51 26
0 19
37 31
1 33
10 1
22 47
48 24
60 3
0 6
57 41
4 37
43 19
5 26
10 24
17 42
20 13
25 41
18 27
47 21
51 3
2 37
57 50
5 31
54 30
11 38
8 51
37 30
60 16
42 51
58 19
16 44
7 11
21 50
17 14
30 6
14 38
50 20
8 20
58 45
18 52
42 29
22 7
59 27
20 2
5 33
18 52
30 5
55 15
40 45
43 32
59 27
24 27
16 48
44 44
35 35
60 37
22 16
18 21
41 44
33 10
16 3
43 24
0 46
56 14
8 26
49 7
33 31
28 23
27 25
21 25
12 8
2 23
45 21
24 7
51 16
59 24
35 3
60 34
14 3
59 47
18 41
42 3
37 11
34 4
12 1
44 44
7 21
26 6
29 52
20 46
22 52
41 49
58 2
53 21
48 1
50 18
42 18
2 37
20 4
4 53
39 23
18 11
53 16
36 0
1 43
39 25
53 20
59 15
34 38
2 26
30 7
32 49
12 10
8 31
21 36
21 38
38 8
4 46
22 33
11 39
28 3
5 5
21 17
21 29
41 31
26 2
33 11
40 13
42 43
39 45
37 31
21 1
42 34
21 35
26 11
21 16
52 27
49 10
58 39
51 38
56 53
24 10
34 46
59 50
38 24
59 21
5 29
33 4
13 52
50 0
43 25
3 39
41 9
59 50
6 4
7 1
21 30
43 49
6 11
14 29
33 48
55 51
17 35
36 48
45 43
13 26
26 49
24 28
37 1
1 9
37 17
6 31
36 43
27 28
31 53
53 28
31 12
3 21
17 41
23 49
41 34
6 32
29 22
59 23
47 49
45 32
56 20
53 33
38 52
29 44
53 1
22 4
21 33
34 14
31 5
47 14
38 32
16 7
31 50
14 1
51 43
5 6
53 52
36 18
13 28
19 49
32 11
49 42
39 14
9 9
26 34
31 51
46 18
2 20
25 13
40 26
18 4
8 47
32 50
7 44
17 21
48 32
44 19
49 39
46 33
31 39
39 45
10 31
23 36
33 42
54 7
56 18
53 9
16 29
56 15
57 53
59 48
59 1
55 36
28 25
4 29
24 17
4 5
29 50
7 30
1 24
57 6
50 34
11 35
6 6
53 48
15 20
25 8
60 20
10 52
25 32
5 19
24 43
0 9
22 8
47 50
56 15
42 24
48 3
32 40
41 11
7 47
47 17
28 38
44 46
12 13
35 16
4 49
1 31
33 33
0 11
50 10
0 35
20 10
47 19
29 3
2 46
30 39
33 7
52 14
39 20
10 2
60 52
36 51
19 29
17 18
46 16
12 51
39 19
59 7
40 28
49 40
41 43
37 41
23 52
16 50
1 3
39 21
54 22
52 30
30 10
38 51
51 31
44 36
33 26
33 14
19 30
9 25
14 41
37 46
47 37
46 14
20 9
50 20
53 32
24 47
5 41
48 9
40 11
38 3
33 35
48 1
47 23
56 45
19 5
58 28
5 39
29 28
0 5
8 23
34 41
55 9
23 24
40 5
12 9
28 33
29 25
18 51
42 52
44 6
24 4
7 26
20 52
26 29
58 27
12 24
4 24
2 42
22 37
28 48
17 33
20 22
25 22
27 21
58 47
47 49
13 14
52 30
8 37
0 5
57 31
32 43
58 13
4 39
8 28
18 34
30 6
21 33
12 47
21 49
32 17
4 46
30 7
9 1
5 20
18 2
24 21
54 48
3 45
60 20
28 3
2 28
55 16
34 41
28 38
18 35
51 43
55 25
10 9
5 6
16 12
12 42
58 10
23 5
36 4
26 35
52 18
21 37
59 42
53 21
59 9
46 43
26 41
42 48
22 28
2 14
45 41
46 47
58 42
14 13
6 17
56 30
10 13
29 41
12 40
10 30
52 52
19 6
50 40
51 11
35 17
48 10
4 6
1 5
56 0
22 38
23 2
6 48
8 7
37 13
16 28
41 2
25 6
58 35
43 1
5 38
24 47
39 49
15 47
47 32
46 33
3 50
4 22
59 15
10 53
17 22
60 51
32 43
45 10
36 20
48 28
4 17
29 32
0 29
46 13
13 33
20 30
35 11
57 43
56 6
30 40
28 33
28 27
19 2
34 44
23 40
45 29
40 9
57 15
29 34
57 19
45 41
22 52
2 40
0 40
6 53
17 28
48 28
8 33
54 48
26 19
45 18
43 53
60 15
0 17
50 32
43 32
14 43
5 39
39 1
43 50
45 32
46 11
34 13
1 21
54 18
25 21
41 17
17 53
41 30
8 33
56 33
28 25
60 49
38 34
39 11
44 12
35 53
5 12
0 23
43 35
48 41
48 44
22 14
20 28
58 7
26 44
14 12
14 10
11 44
44 25
37 38
4 4
28 7
9 21
48 11
46 23
59 2
16 0
43 35
19 25
18 38
48 32
29 20
35 35
21 28
5 19
45 1
25 30
8 34
9 22
26 45
35 27
3 31
35 23
27 4
24 36
51 39
59 12
4 33
32 47
57 48
13 44
35 41
10 31
15 14
13 26
52 5
34 37
41 38
28 21
51 21
57 11
51 17
31 4
19 21
49 30
55 21
34 24
4 50
49 19
5 47
54 5
35 26
15 32
23 33
22 37
54 52
43 43
11 18
52 30
52 41
20 22
16 18
24 36
50 4
43 12
29 15
47 44
31 17
19 3
24 7
3 51
37 47
35 11
26 16
58 17
16 0
13 30
30 11
59 25
27 21
48 15
33 52
53 25
20 25
20 32
16 16
10 33
18 47
41 35
50 13
11 34
2 44
35 26
35 39
56 41
58 45
60 13
34 25
36 42
56 28
3 16
48 34
35 49
58 40
42 24
26 47
30 20
40 37
60 10
59 46
44 51
7 14
10 21
22 18
53 8
22 37
51 51
19 33
14 23
29 49
44 39
10 18
38 2
4 32
13 17
58 17
56 12
29 0
38 12
5 51
33 42
14 52
40 1
20 23
19 12
24 25
60 37
19 6
60 13
24 45
47 20
44 47
13 18
46 37
30 24
46 15
56 47
46 18
19 44
47 52
37 30
11 18
1 48
3 20
47 52
15 48
54 23
54 30
17 47
18 7
29 48
12 8
42 17
48 50
15 46
38 1
56 13
51 35
40 3
52 9
9 49
15 28
18 15
56 7
1 43
20 45
20 6
56 13
11 17
39 13
9 33
28 9
50 31
3 43
20 50
19 5
52 8
12 15
42 23
24 21
19 36
8 7
60 13
11 7
26 10
43 27
6 29
47 9
37 16
25 20
49 30
27 14
2 22
17 52
15 31
53 8
28 27
26 13
59 4
55 33
57 49
28 21
8 34
44 34
6 21
2 21
9 16
16 3
4 22
51 29
47 39
44 33
27 8
32 24
44 2
9 18
21 27
56 36
24 46
57 17
38 50
34 18
43 39
41 2
26 39
15 39
20 24
10 27
18 32
27 41
17 8
31 31
55 24
17 51
33 12
8 42
35 12
44 37
13 1
7 27
16 20
31 30
45 14
33 11
4 17
39 40
29 43
24 38
31 13
13 31
51 17
14 20
4 0
40 24
25 27
5 48
12 30
43 50
32 19
57 38
23 13
26 42
8 15
48 27
11 35
35 44
36 15
19 15
8 34
60 18
18 12
35 18
9 13
42 6
2 17
39 45
43 19
16 4
57 52
23 36
23 29
27 37
20 53
45 32
42 46
10 33
34 2
7 8
28 11
29 23
33 49
8 35
12 31
45 10
33 7
34 25
11 28
19 3
24 0
52 34
41 3
39 48
13 12
13 41
43 42
49 13
26 41
32 17
1 46
25 39
51 44
35 50
38 40
10 5
20 37
36 10
18 19
30 50
36 10
58 5
53 21
33 45
22 19
55 0
18 6
52 53
31 11
34 28
58 23
28 35
51 51
16 5
37 25
14 51
4 32
60 17
22 37
32 28
29 39
26 25
38 14
23 29
13 35
31 53
36 20
12 42
56 37
35 27
2 12
47 41
8 48
29 48
34 35
7 1
57 23
37 32
12 4
27 50
32 47
44 44
59 19
7 44
21 14
40 13
3 0
16 34
37 32
11 43
8 31
2 6
58 32
52 14
22 16
55 46
42 52
26 44
12 9
32 44
59 50
29 6
11 0
38 34
12 20
56 52
4 46
4 24
48 37
29 17
32 42
32 25
26 34
39 24
24 3
22 23
40 27
0 5
47 22
13 43
11 10
1 51
15 45
8 8
56 41
53 45
35 52
37 38
53 21
11 42
24 35
31 49
41 38
50 8
48 2
21 14
10 21
28 15
8 14
24 19
7 20
42 46
54 25
34 1
14 9
32 3
9 44
17 13
59 16
59 15
32 49
51 41
57 26
25 6
18 21
6 26
56 48
0 48
60 42
30 16
28 16
39 44
32 37
57 6
5 34
5 23
28 34
35 36
23 24
39 0
56 4
0 19
36 21
45 3
56 3
0 52
10 51
7 53
59 21
6 53
48 25
13 24
26 30
57 24
24 6
53 26
7 9
5 12
30 13
24 52
15 6
1 16
20 32
60 12
17 21
57 40
38 36
7 26
49 9
41 12
60 52
8 0
45 15
46 12
48 46
19 6
21 37
8 25
17 40
17 13
19 32
56 13
37 25
55 35
34 31
41 11
6 32
14 26
0 2
55 18
17 9
0 6
44 41
1 40
1 5
8 38
50 27
58 33
19 38
40 43
36 9
7 28
43 23
50 44
32 45
10 23
46 21
14 53
46 52
47 31
15 48
44 30
19 12
31 31
46 8
53 46
22 24
35 35
30 1
45 52
33 22
49 21
34 0
38 50
32 18
11 51
59 46
47 8
60 37
46 32
40 30
24 23
50 0
20 38
42 10
30 39
0 45
45 31
13 51
1 27
0 18
53 19
29 28
16 47
20 12
13 24
20 32
8 16
21 38
54 41
20 48
9 6
26 53
13 39
39 8
41 8
10 0
57 10
43 33
55 28
16 19
55 3
5 37
39 32
25 34
31 27
49 26
43 37
50 35
36 41
55 38
20 34
3 48
0 8
20 15
17 24
51 18
29 15
3 27
54 20
52 39
6 32
44 2
55 22
26 39
18 27
52 49
40 25
32 30
44 22
4 41
30 22
1 36
40 21
53 4
60 26
12 44
56 52
10 0
50 52
5 26
55 3
58 32
15 20
23 21
4 19
34 38
0 43
48 24
36 31
33 1
19 52
23 4
34 14
55 42
51 33
28 35
19 43
26 36
9 49
49 47
31 36
55 34
48 30
44 15
21 22
18 3
57 25
21 11
40 37
37 46
42 9
53 8
45 41
18 37
24 45
17 10
55 15
8 32
23 29
20 42
30 36
22 17
35 0
44 39
23 9
13 17
3 18
29 31
25 32
9 11
28 17
54 28
21 15
24 30
3 45
16 1
26 33
44 51
32 7
33 40
43 47
59 15
2 31
13 24
45 30
5 7
48 7
52 32
16 24
20 37
26 25
57 25
19 34
53 40
39 29
40 32
22 0
37 52
18 0
9 8
32 35
20 39
53 42
55 40
10 22
11 30
6 42
29 46
46 16
24 8
45 33
7 18
47 51
21 31
4 44
2 18
24 26
46 36
0 37
22 31
36 23
47 48
24 25
38 10
30 39
54 20
7 28
44 5
15 8
