41 6 1336
40 1
140 90 118 95 127 149 99 204 93 201 124 193 31 229 17 200 55 48 176 63 222 44 80 175 92 220 61 245 116 12 8 125 111 87 215 165 244 166 211 66 40 
172 30 161 163 100 52 18 184 203 181 89 73 227 117 109 213 196 32 178 210 5 143 240 114 151 24 241 33 41 58 224 77 131 15 76 57 153 185 150 179 154 
216 145 228 122 133 146 182 104 43 9 103 81 180 23 50 14 230 134 65 173 88 190 152 128 86 54 102 42 147 38 217 36 96 197 207 142 113 51 126 170 242 
74 60 3 72 106 141 148 177 132 192 71 123 164 120 157 94 35 91 97 209 56 223 64 13 39 37 226 69 168 144 162 110 199 138 105 237 20 238 183 158 49 
75 174 46 29 4 21 7 169 232 243 16 115 78 83 6 10 202 70 136 160 167 112 195 108 189 82 68 198 85 156 53 62 129 188 34 79 27 221 139 26 206 
84 155 67 25 235 212 59 236 19 234 231 171 135 121 107 119 191 45 205 194 0 101 28 47 187 208 218 159 233 219 98 11 214 225 1 2 239 137 186 22 130 
29 0
6 2
22 2
37 0
3 4
34 2
33 4
38 4
12 5
18 5
38 4
27 3
3 3
4 2
14 4
35 4
28 5
20 5
11 0
30 4
32 2
33 2
20 3
33 3
19 2
11 2
9 5
19 4
21 4
33 2
29 2
26 0
13 0
33 3
29 2
39 0
25 5
26 2
39 4
35 2
31 3
17 3
32 4
31 0
30 3
7 0
29 5
15 3
25 1
26 0
28 1
7 3
3 5
29 2
32 3
7 0
20 0
20 5
4 1
30 2
36 5
5 0
24 3
16 3
18 3
0 2
4 2
7 2
40 5
5 1
35 0
27 5
11 3
21 0
18 0
8 3
6 3
33 0
29 5
23 3
29 0
24 4
8 3
37 4
15 0
32 2
2 4
3 1
3 2
12 5
40 0
38 1
23 1
24 5
17 4
24 5
29 3
27 2
39 3
22 4
8 3
8 4
31 1
34 5
39 1
5 4
12 5
0 3
2 5
33 5
26 4
4 3
7 3
39 5
0 3
17 5
30 4
38 1
23 3
36 3
7 4
24 0
2 3
18 0
25 1
23 5
6 0
3 2
31 3
31 0
9 0
17 3
37 0
39 5
9 5
25 0
19 5
37 1
33 1
31 0
26 0
40 2
31 0
2 0
38 5
4 0
22 3
21 3
15 4
12 5
0 2
6 1
14 4
32 5
27 0
31 2
0 4
32 3
3 1
23 3
29 3
35 1
27 1
26 2
24 2
20 1
28 1
9 2
12 1
28 3
12 0
11 0
20 2
18 3
2 1
15 3
6 1
19 5
4 3
26 4
30 4
17 4
18 3
1 3
10 5
30 3
36 4
18 2
27 0
10 4
22 1
24 0
8 4
10 0
6 1
10 5
37 2
25 0
13 1
33 4
32 2
21 4
27 1
28 4
15 0
3 4
8 2
29 5
37 0
24 1
35 1
3 3
37 3
14 5
33 1
1 3
6 0
13 0
30 1
13 2
3 3
10 2
18 3
6 3
26 5
20 5
40 2
9 1
19 2
0 4
22 3
2 0
15 0
34 4
12 5
5 5
28 3
28 0
16 2
18 1
39 2
10 2
9 3
10 0
40 3
39 2
30 5
16 4
11 0
3 4
18 5
35 1
3 2
23 4
16 4
21 2
24 4
15 0
35 2
27 1
14 1
23 0
32 4
5 3
29 5
19 4
7 4
3 5
29 3
16 2
28 2
17 2
9 5
28 3
39 3
9 0
2 2
33 0
11 4
2 1
27 3
7 1
34 0
2 1
37 0
16 2
7 3
1 1
11 4
9 3
20 2
29 5
7 2
8 0
8 0
30 4
3 3
27 3
24 5
7 2
17 4
5 4
30 3
14 1
37 5
31 1
5 1
24 5
30 4
34 1
23 2
0 3
13 4
16 5
30 4
19 0
14 3
16 2
16 2
19 4
13 0
15 0
10 3
25 0
6 4
8 2
18 4
6 2
24 2
30 2
13 4
28 5
1 3
0 5
1 5
32 5
32 5
10 2
19 0
3 4
38 5
6 2
21 1
4 1
14 5
37 3
32 3
0 3
40 5
20 1
30 3
33 2
21 4
36 4
33 3
5 4
12 5
39 5
18 4
18 5
8 5
40 0
13 5
16 1
26 5
25 3
1 5
38 2
21 1
28 3
28 1
3 0
2 0
13 2
12 2
10 0
21 0
40 3
32 0
11 4
39 0
19 3
1 1
25 0
38 3
40 3
31 3
25 5
4 5
15 5
20 2
32 0
20 3
28 3
6 5
3 2
20 1
0 3
6 0
31 3
8 3
27 5
24 1
22 5
11 0
8 1
29 0
12 5
6 0
35 2
13 5
32 4
34 3
33 2
14 2
15 3
5 5
26 3
31 3
32 2
17 4
27 0
32 1
26 5
37 5
14 2
38 5
30 1
15 3
30 1
17 4
23 4
19 5
19 1
9 5
9 2
21 5
33 1
21 1
23 0
40 4
0 0
3 1
6 1
20 5
20 5
28 4
7 4
20 2
2 5
9 1
10 5
14 4
1 3
20 0
30 5
23 1
5 2
0 0
8 5
15 4
10 2
11 0
26 4
8 5
32 2
35 0
21 2
15 2
40 4
27 1
10 4
21 1
28 4
3 2
14 5
22 3
27 2
25 2
11 0
40 3
27 0
11 1
12 3
32 3
1 5
30 3
4 0
36 5
20 0
2 5
39 1
26 2
36 4
33 1
15 1
14 4
26 3
29 2
9 5
2 3
17 3
24 4
29 5
13 3
15 5
25 3
3 1
28 2
10 3
28 2
8 5
16 3
29 3
17 3
6 2
38 5
33 4
35 5
1 4
23 4
36 1
17 4
6 2
23 4
11 3
18 2
14 4
10 3
9 3
39 0
20 2
4 0
37 2
19 5
40 4
37 0
10 4
15 0
27 2
37 5
29 3
21 4
3 2
31 1
12 5
7 3
8 3
7 4
0 1
38 0
5 1
24 4
18 3
32 4
5 3
10 0
26 4
32 0
2 4
38 1
24 0
23 4
32 5
13 4
13 5
2 3
1 1
29 1
10 0
17 2
11 3
28 5
16 3
39 1
6 3
18 2
0 4
19 3
34 5
25 1
38 4
33 1
40 3
8 3
15 5
35 0
22 3
39 5
6 5
39 3
40 0
15 3
31 3
5 4
16 3
36 3
10 4
10 1
6 3
18 0
18 0
1 1
35 4
5 0
40 1
19 3
11 1
8 1
4 5
38 0
27 4
4 2
9 0
22 4
21 0
31 4
2 3
7 3
4 0
39 0
36 0
40 5
6 3
40 2
31 3
8 3
24 0
35 0
11 2
14 2
22 3
9 4
1 4
38 3
16 5
29 3
33 2
0 3
34 5
1 1
7 0
4 2
40 5
37 5
15 4
32 1
28 2
30 3
24 3
34 3
28 3
13 5
38 1
37 2
15 5
15 0
10 4
16 1
11 3
7 4
14 4
28 1
5 5
32 1
3 2
20 0
12 4
26 2
34 5
17 3
9 3
14 3
31 5
12 4
29 1
18 4
2 0
4 4
10 3
20 5
35 1
33 2
0 2
38 1
32 3
16 3
14 2
4 1
13 2
14 1
9 5
13 0
37 0
17 1
8 5
2 1
15 3
39 5
23 4
12 4
40 4
0 1
40 1
26 1
5 3
15 1
34 5
3 5
24 0
11 5
14 4
34 5
7 2
23 2
17 5
29 4
9 2
39 0
1 5
36 3
7 4
35 4
15 2
30 2
1 2
23 3
7 0
37 2
7 1
35 5
24 5
40 4
38 0
17 0
36 4
29 5
2 0
11 0
18 4
1 2
3 0
9 5
7 4
2 1
24 5
34 1
21 2
16 2
3 4
40 4
16 2
9 4
14 1
3 2
12 5
19 1
25 4
27 0
5 0
37 2
28 2
24 0
28 2
36 0
10 2
22 4
37 3
27 3
27 0
18 3
29 0
29 3
38 3
23 4
3 3
11 1
25 5
39 2
40 1
39 4
32 0
23 2
0 1
13 5
6 0
33 4
19 1
27 3
5 2
3 2
23 0
1 3
22 2
32 3
7 5
11 3
5 2
20 4
37 4
26 4
22 2
8 5
30 3
23 4
1 1
22 1
36 2
16 3
29 2
9 1
17 4
23 3
4 2
34 4
38 0
23 5
22 1
39 2
39 4
31 1
31 0
19 3
32 2
12 0
26 0
5 2
38 1
18 2
34 1
6 0
30 0
7 4
32 5
22 4
33 5
24 1
30 4
32 3
6 2
36 4
13 1
23 2
20 2
20 4
22 5
9 0
38 2
1 2
1 3
4 4
21 2
38 3
2 5
24 1
15 3
21 0
33 2
29 1
8 2
0 3
23 5
30 1
33 5
23 3
31 4
1 4
20 3
0 4
2 0
9 5
10 4
10 2
13 2
40 0
37 1
29 5
1 5
25 4
30 5
18 3
19 2
10 2
6 4
14 2
12 3
33 2
4 5
27 5
24 1
8 5
22 0
16 0
21 0
0 0
17 1
4 1
8 1
32 0
38 2
32 1
14 4
11 2
28 5
20 1
14 0
5 0
29 3
19 5
39 4
27 3
18 3
19 4
28 1
28 0
34 5
26 5
18 0
35 3
13 5
7 2
17 2
24 5
19 2
34 3
29 3
20 2
1 0
17 2
17 4
6 0
1 0
16 1
17 4
7 5
38 4
1 1
35 1
24 4
27 4
39 5
30 4
1 4
9 0
29 3
20 4
17 5
13 1
19 3
1 5
28 4
17 5
7 5
5 2
2 1
40 2
2 2
11 3
37 2
8 5
16 5
16 0
20 4
33 4
19 0
3 3
8 5
31 4
8 4
24 2
8 0
3 4
29 2
32 2
20 0
10 2
1 1
40 3
20 1
32 5
4 1
31 2
12 2
9 5
20 2
2 2
12 0
16 0
13 1
18 5
17 1
30 0
9 2
13 3
2 2
36 0
13 1
39 3
15 4
34 3
31 4
35 3
30 5
36 0
16 3
29 0
31 3
0 3
13 4
25 2
12 1
8 0
17 5
39 3
12 5
6 3
35 0
7 1
30 5
32 4
29 4
10 2
35 4
7 3
11 1
31 1
39 1
37 5
17 2
2 5
24 1
40 2
34 2
30 4
38 3
2 3
7 2
22 1
13 3
10 1
29 5
40 2
34 1
35 0
26 5
21 1
5 2
29 1
8 3
11 4
18 3
25 4
32 0
3 3
28 3
5 3
18 3
34 0
9 2
20 5
5 2
10 2
15 5
35 2
10 2
24 0
22 2
35 1
20 5
25 0
30 5
11 3
1 4
8 4
25 1
23 3
3 1
29 2
33 5
32 4
20 4
6 3
35 0
37 1
15 0
28 5
39 2
25 2
10 2
28 1
9 5
18 2
38 0
9 5
32 2
16 0
18 0
13 1
8 3
4 3
3 5
40 0
32 3
24 0
30 4
28 0
24 0
23 3
11 2
4 4
34 2
7 3
17 1
20 3
14 3
16 1
14 1
2 1
33 1
30 0
38 1
7 4
38 4
0 5
4 5
12 4
19 3
36 5
31 5
15 4
15 0
19 1
12 3
16 3
3 0
14 3
23 3
26 1
24 5
5 2
3 5
10 2
25 5
28 2
18 1
31 2
39 2
22 2
8 4
25 1
18 4
35 2
28 2
12 1
32 5
31 0
39 5
40 1
2 3
20 4
8 0
25 3
27 1
29 4
9 3
29 4
26 4
3 5
12 5
25 1
34 2
0 2
19 5
14 1
9 2
6 2
15 1
15 2
15 5
38 1
21 5
39 2
11 2
38 0
17 1
32 0
13 0
33 0
16 1
26 1
26 2
6 0
24 2
6 2
11 0
16 4
38 5
3 4
40 1
8 3
13 5
35 4
35 2
18 5
31 2
17 3
38 0
6 5
34 4
35 3
17 0
24 2
5 0
32 0
6 4
7 2
1 3
36 4
36 0
24 2
32 0
16 4
17 2
27 0
25 0
29 5
32 1
28 1
7 0
12 5
34 2
17 3
14 2
0 1
22 4
35 1
30 5
34 4
6 1
0 1
35 4
8 5
11 3
25 2
38 4
32 0
14 4
40 3
7 3
39 2
22 0
16 2
1 5
32 0
23 3
9 2
30 3
36 1
30 5
20 4
10 4
5 2
17 0
5 0
9 0
1 5
2 0
27 4
0 4
24 1
5 5
7 1
19 5
34 1
20 2
39 5
15 2
25 2
28 2
22 3
28 1
24 0
36 1
8 5
1 5
20 5
30 3
9 3
6 4
27 2
28 5
23 2
28 0
4 2
16 3
7 0
40 2
16 5
34 5
28 1
0 5
40 5
24 4
0 4
15 1
25 1
26 5
24 3
39 0
9 2
39 4
13 0
30 2
14 1
25 3
3 4
39 2
26 5
15 4
1 5
30 3
5 4
18 1
15 0
9 3
29 5
16 0
20 5
7 5
2 5
30 3
8 0
23 2
33 3
37 5
22 3
