56 58 2433
45 13
2071 3147 395 1993 2561 960 425 815 1367 3209 2183 1948 1978 2404 1421 3053 1242 1116 1088 2070 1388 998 1794 3183 3149 307 573 502 2420 254 851 3131 1973 1087 313 2574 1888 1505 2550 2497 1767 2162 2857 2616 614 88 3079 1434 1248 2593 601 253 347 461 2039 1069 
1009 382 3006 308 580 3138 3176 1123 1519 557 1613 2124 1455 2370 613 432 230 1515 2449 3051 1450 1274 2592 888 1930 168 2929 2934 967 2555 2018 764 2897 2749 946 2700 508 1350 3154 1750 1520 2855 430 1008 1513 1353 1603 1765 1924 1285 23 2577 3025 2279 2333 932 
2421 497 738 2591 2437 2247 610 2119 1202 1757 2881 257 1685 1965 1827 450 1653 1824 2839 2844 883 2226 2694 2965 1781 3216 2719 593 1636 2796 3003 2410 2545 1039 718 2441 31 1586 1716 2541 2078 346 49 3080 2161 2326 951 1547 1771 2095 3041 2814 981 2348 3012 2151 
2859 1829 3232 924 1345 1792 800 473 528 2403 459 2569 1840 1703 112 1157 1818 1846 1717 811 2673 3228 501 265 2144 1597 122 2602 1899 503 2845 1581 1904 2652 2557 1160 2232 1308 867 1918 984 3040 1690 1369 2765 3189 326 2501 2156 1135 2011 1890 1319 2306 106 648 
683 2129 1602 219 224 1758 2568 1971 2788 3245 1558 1270 54 2190 3005 1909 236 1000 1054 2256 996 3164 2594 110 1309 976 2949 2134 719 2074 46 1125 2789 2613 2685 3240 1172 475 3103 717 492 1416 808 388 309 2818 1358 1334 2565 2382 451 3029 783 1819 753 1538 
2954 2249 2010 2155 892 3026 1298 1694 466 796 1841 1920 578 1044 1691 1053 744 884 1327 1235 1028 2040 674 2056 214 3016 1559 474 416 3049 136 2029 1493 1420 2974 1207 679 2228 1806 227 1782 1618 2874 2261 2130 1220 1025 291 2888 367 2490 197 495 1482 372 990 
280 1399 994 678 942 92 2864 2450 570 1438 1019 2374 2008 1791 3082 1661 1737 2923 1050 534 853 142 3225 47 2952 2350 2892 485 1107 328 2466 2576 2479 2879 1723 1635 298 859 2547 1036 2526 518 2364 169 2997 2038 1027 2850 819 154 1759 2529 1728 1885 2960 2177 
2500 2453 978 1681 639 1453 777 114 591 983 627 2578 1670 1564 1366 1409 1398 636 3072 2514 1535 141 1134 509 1631 2548 1184 433 2408 371 2267 3022 183 2534 301 1484 605 1601 267 2979 1894 207 2180 2280 67 2573 1736 722 261 3162 273 1386 2647 2774 1938 1567 
311 934 365 2809 745 1446 781 1540 746 510 1401 2142 2785 1724 1174 869 1148 568 1787 2035 3086 1430 3093 710 2415 238 810 2746 2989 1986 865 893 2889 644 584 2418 850 1208 536 2816 2911 1188 337 398 2750 977 52 3153 908 2980 274 1277 1528 1755 2322 779 
1149 3234 2792 1041 844 1048 2102 1004 488 2958 2237 2263 1954 699 1282 3030 2257 369 3193 1383 2735 2206 2886 848 2389 1375 1425 2103 2656 1140 1738 547 2610 2756 1468 1139 2165 698 2167 608 1922 250 2417 2285 3044 7 2131 2274 1171 2445 2291 1132 923 2236 2413 965 
256 84 594 1347 3211 2508 2300 435 30 2939 504 2025 98 428 1639 2373 2729 2959 297 1941 1673 2187 1460 2020 1360 2791 831 9 1046 1018 1084 123 2702 2597 1195 1083 2658 1469 541 2546 469 1258 1605 3151 1536 2266 645 1099 803 81 496 1600 619 2650 1627 1789 
1743 2436 1138 2969 2877 555 2026 2706 2002 2744 910 2003 2731 1380 609 3017 2740 506 2691 1744 2894 3130 1760 2695 2830 1842 1355 1964 835 2276 2951 1650 2640 1970 477 3163 633 2297 2099 1532 2715 2734 2482 408 2295 3109 1677 725 2077 2067 812 331 1811 344 465 2763 
1850 1487 979 3146 944 289 159 1496 1379 1833 1563 203 2730 3129 1356 1544 2832 926 2737 1808 1984 686 131 352 900 3087 1074 77 2587 349 3084 2471 1742 2870 2537 2940 2531 1272 394 709 765 427 514 726 1666 1310 2858 1295 3152 1197 969 125 640 454 720 3066 
1252 825 260 480 1545 1021 813 1062 71 3112 3106 2143 660 2430 1674 1414 950 3136 1121 2865 837 1228 1382 1748 1778 1902 373 3057 2580 2741 3195 1385 1853 1477 520 849 3033 287 95 3074 2109 3184 561 3124 1562 876 1671 1122 1098 2988 1823 2644 1456 2213 79 1283 
18 2355 2777 1286 2147 3198 323 295 1152 1429 1033 1864 2380 279 1822 2603 941 1632 1783 2955 2718 2036 2343 662 708 2662 3117 972 171 241 585 817 1441 1906 2798 2635 2551 2362 959 1834 2618 2999 2407 740 879 1541 1078 1999 20 82 2447 1501 278 2296 2723 35 
543 243 1457 1211 3000 467 1240 2885 2048 629 2411 2429 2875 1608 1835 980 3065 144 1015 2376 2511 589 1616 881 1940 656 847 2125 2106 548 494 1010 2941 1912 1301 2971 1700 156 914 423 315 805 2215 1124 1734 2000 2093 2193 59 2344 3208 3083 3133 833 199 596 
2639 1177 1539 1209 732 2384 3135 673 1995 1637 1241 676 1926 2970 2742 1051 28 1023 637 2402 1165 2922 1518 249 2936 2233 2201 787 1977 458 2321 72 1849 1851 2359 3212 643 1638 2082 587 2145 1654 1245 904 2575 2222 2609 2570 1159 937 2687 2242 693 1630 421 2914 
1962 897 1817 1179 1739 516 1065 1785 2342 2424 1167 1836 1508 1164 1944 3054 963 1878 2327 2087 2052 524 2084 2654 1590 1233 597 2842 1839 1166 3001 2554 290 2754 2871 3060 1326 3196 1895 1898 2584 1705 1848 2499 1985 3108 149 1949 789 2172 2837 1720 1213 1451 2703 2361 
1100 1620 1333 1168 1 3123 955 2208 816 1330 697 153 2909 1936 322 1002 1191 1318 2442 130 1831 3121 2284 2536 201 505 2848 2419 1294 2996 1550 1814 1305 2440 731 1473 716 1961 1688 1543 1952 3021 2176 1363 3120 1747 733 2098 2345 1932 1256 907 358 3050 1206 1499 
1526 1913 1110 2983 2069 405 2846 1766 441 1199 417 2317 3246 2204 1592 2116 1980 2945 216 1190 179 1328 167 1981 1070 2560 1103 1217 1479 861 39 1253 148 399 704 486 1214 3227 3101 2275 1966 1006 3142 2210 2902 1227 3177 2488 2632 1643 431 2992 2273 2219 1222 76 
3097 2294 479 1967 822 515 2601 784 2915 487 2552 226 1273 905 2617 2251 2769 2678 1189 1483 1763 1268 723 97 1689 2773 1489 760 737 42 163 2895 2619 2281 588 2722 2571 1370 1412 3088 1647 187 987 3143 531 2340 1064 1554 1091 134 2243 2313 2468 1376 1713 2363 
1251 1269 2487 2250 2905 303 1115 29 1886 111 2620 2532 2105 3095 3023 2948 1063 2369 2416 712 802 801 3210 182 1998 330 2465 51 2655 2966 2496 529 525 3203 268 2649 233 854 2919 60 2259 2207 599 2332 2027 554 1176 2136 406 1825 759 540 922 3032 1919 244 
993 1444 3222 707 284 263 533 852 1372 957 2614 1975 3020 2128 101 1754 262 1173 751 549 1649 2674 1810 1509 1267 2235 2753 1297 856 572 2681 2682 1837 1250 193 875 221 2664 1579 3243 1085 3071 1859 2372 2101 342 701 791 3125 1506 341 786 1582 3102 2583 137 
3221 400 2901 392 1983 1682 312 2524 2137 530 2041 1979 1467 228 74 2853 1615 2925 2506 476 2800 2401 2906 792 3073 703 2819 306 180 1040 2024 2659 343 1560 2414 939 2060 2383 181 44 1731 2629 582 1338 790 2368 1892 2283 1055 99 1633 70 285 2653 970 2394 
2887 1143 930 2494 140 5 3081 218 1587 507 2108 2227 45 2016 2028 1244 3104 2558 3180 1130 2301 1462 1017 2467 1953 1845 422 785 1169 1490 2196 895 2288 1768 857 410 569 2120 2924 2994 1459 391 3115 2860 600 2638 2957 41 1628 205 799 2899 1131 1992 706 3070 
2139 2148 2808 1935 804 87 3043 234 839 1013 2502 2133 2802 2391 2378 1917 3175 1464 335 1609 1928 220 1566 1552 1111 2292 196 1951 793 1299 2498 3218 542 918 2883 2121 794 1642 1047 631 1896 2004 1903 1357 1860 1776 768 635 58 2762 3019 2884 2725 223 2426 2636 
119 1698 3220 188 2595 2693 974 3161 1868 1530 2493 1914 1339 896 1150 1392 247 2598 2981 2900 1109 689 1229 659 2458 2782 882 2793 713 3156 2334 498 2090 2089 2255 1141 1718 1394 2898 2412 2836 2293 727 1254 2192 2050 2928 491 2303 1872 1529 1923 2642 170 2478 564 
1800 2480 3062 2365 1418 208 2525 1181 2916 913 2863 3128 769 162 1424 14 952 1287 626 2318 761 1320 982 834 1663 1371 255 616 1052 2053 2675 1405 945 3011 2849 1847 3039 872 272 1201 2807 2068 1034 606 2582 1406 1708 522 1809 887 2751 321 755 3092 1488 1056 
357 2001 1395 360 1646 696 2132 2918 840 2171 3100 871 2216 2599 1884 2829 1210 462 2366 1491 1762 2799 2553 989 383 527 1982 3014 3202 1038 3063 500 2660 1265 1043 4 2030 1262 2470 1790 1974 891 3174 1905 1108 2771 928 1374 3172 2544 1218 3168 2523 213 2230 991 
1003 2772 2907 2381 1565 1968 595 1275 191 1680 2726 1427 1775 2347 68 3233 1278 270 2838 2034 1182 1288 3157 986 1830 1472 126 1641 1934 1929 1126 403 1996 1155 767 275 1500 3190 1683 2006 2626 2349 2495 2612 397 537 1226 3204 517 2194 2238 2539 1856 2975 1578 2434 
2446 2736 1854 1795 2173 3122 940 1621 638 1516 3230 3141 2904 2189 175 1801 1511 824 96 1764 1321 264 160 69 2492 2701 553 377 2289 419 3140 3052 622 1604 1784 3173 6 3137 1257 2625 86 953 124 3186 2092 190 947 1595 1012 1153 457 581 338 11 874 1740 
484 116 3231 2943 1007 1094 2516 26 1925 37 1843 577 3206 687 1042 1449 33 1715 1577 1741 1397 2822 2651 1230 2329 2891 2091 2489 351 2607 481 1014 2517 1599 2543 2477 2166 2252 827 2908 1101 2346 1659 324 2464 1113 3004 2246 782 1655 396 567 694 798 1497 1198 
592 2397 2851 711 2448 127 333 912 1440 3144 1921 2211 2005 868 915 3028 2643 632 2396 885 447 2811 2046 2931 2371 1306 2795 1335 1117 3034 12 3199 898 1861 1389 917 62 350 2866 411 1246 3075 1870 2712 1568 2258 607 2439 841 2270 1452 750 348 2903 2241 3187 
1874 1828 2869 3139 2392 2244 1732 2993 1476 3038 1075 2956 3201 1471 2073 1557 2438 2521 2977 2745 2315 1349 806 649 1697 630 821 2015 404 2214 1699 1494 1574 1761 1090 1889 2831 361 2221 855 2820 1585 2094 2104 1816 1156 2961 954 2589 2115 658 1316 1458 2953 2175 590 
1852 402 1118 2823 232 1640 995 129 1223 2566 1946 1186 185 2107 438 3127 1296 1727 556 3027 294 2063 452 1652 2946 3205 773 2432 1249 1645 10 2562 1303 2331 2358 2262 3132 1729 2815 1730 1772 2986 2054 2698 2967 2872 1887 3 271 2714 684 1779 413 2856 1317 401 
1280 2427 1969 27 560 366 1662 734 1612 2964 2780 3126 75 2707 2114 2097 2637 1342 1419 1439 878 2454 2604 1348 2710 174 202 2995 2688 15 1329 2666 2225 1937 2671 1576 728 3118 830 774 2567 620 2794 1289 407 2012 178 1067 2150 1793 2203 2572 2606 152 2459 3235 
2527 3188 1875 3107 1325 545 519 2007 3024 2179 2481 2314 118 1553 1077 1931 2713 2269 439 749 3056 1137 3013 1340 1584 1387 1687 478 194 2268 115 8 375 2781 2724 318 91 1128 2338 2083 1696 94 1261 2704 1606 2195 3037 2608 1844 1068 1939 2014 325 1668 3042 2287 
1259 43 743 655 3241 2405 3169 1082 2245 2271 209 1485 2325 735 364 1225 3114 2968 1020 2278 2178 3067 50 1415 1569 2585 1151 2761 143 378 1735 61 468 2254 155 2518 2950 1011 2059 1945 521 1542 2991 1403 1619 3096 1770 1331 603 2472 1433 2633 345 1908 3007 933 
2528 836 2009 901 1129 2624 2375 2738 1751 1733 300 2692 259 1279 2037 217 3236 843 66 1701 2198 2174 2356 2835 3068 252 894 1805 2520 2828 1417 2081 1219 359 2308 2627 2827 2462 1523 1480 814 444 1880 1422 2354 363 2164 2080 55 916 766 1180 1997 1344 2646 1136 
2461 1726 2680 961 2153 1504 2768 1247 1384 85 1911 1796 1178 1676 1546 151 3094 1284 2766 1031 105 754 1096 100 288 1307 2367 762 3185 1725 63 2752 1622 1079 2330 16 3219 1146 2758 921 370 702 2452 1531 2209 650 2641 2357 3171 2876 1678 1187 1057 1005 2425 3085 
2406 1104 166 2473 38 2847 1533 2170 535 266 2309 2182 379 2181 1534 390 3182 3237 2160 445 931 133 820 1780 424 1589 2972 222 1591 2549 192 1972 242 1097 948 3247 647 206 2720 899 1447 1797 2339 2260 22 1463 1393 329 1512 1665 2697 1304 139 2188 2057 2804 
1313 1432 282 3091 2013 682 1315 89 446 1291 1260 3170 1264 1061 3008 429 1312 1365 889 3134 670 1752 2248 1323 611 695 1549 1803 3224 2998 739 1865 32 2290 3192 320 772 1625 818 1281 2935 3207 2987 1927 2538 2282 2663 368 642 1059 2079 283 2304 1022 3105 2510 
2509 281 83 1390 829 177 1897 1722 2679 2076 2051 2044 2513 2564 1832 374 2748 296 1959 2628 2812 666 1324 778 1185 651 1857 1858 2199 1203 248 80 2457 544 1163 2670 1709 1571 2920 2141 78 770 929 999 463 56 3077 2197 1749 239 2942 2843 680 2085 2140 2757 
2409 157 440 2661 1442 2686 2927 828 705 576 90 539 1614 1073 604 628 19 24 752 1354 826 1804 971 1704 2469 393 551 3078 2913 1086 2423 1341 1798 1788 2630 415 1114 21 1900 2112 742 911 302 332 2202 3055 2515 1404 1963 455 387 968 109 353 2862 2223 
1943 2456 671 1196 919 1443 1431 107 513 2790 2689 1378 2985 2149 715 618 586 3217 1032 880 1877 1901 1514 688 1359 2336 449 1882 2861 2113 1891 376 65 925 1454 1221 2588 1127 2984 1428 1812 235 2556 3045 2852 864 2868 1231 2 305 1466 215 120 3181 1942 173 
251 426 1271 1060 992 575 3002 1336 2043 1644 1527 936 1686 490 3148 3058 1193 646 3213 1651 2152 2058 104 1657 832 310 3197 2158 700 164 1607 2937 1362 2433 3110 1719 672 741 838 2184 512 958 1161 2096 1237 2168 2390 489 807 873 1679 962 2932 909 2696 229 
355 1684 1786 1693 2169 1572 2709 1481 1573 2033 420 2474 225 2667 2064 246 2817 2086 2463 1879 1154 3009 3159 2978 1302 886 1058 1976 641 2042 2648 2813 1994 973 3048 2767 1498 2579 2185 414 2890 3242 2963 1721 2711 1815 1236 2111 1311 317 1807 1410 276 493 1915 2747 
1873 714 1081 634 2760 1745 2395 464 2787 2581 1175 204 165 3090 210 1706 113 3116 966 1594 2826 356 2045 657 1368 1916 2047 1192 231 1352 2486 2312 1142 2353 316 2622 2982 2017 1769 2973 2387 763 1106 661 3059 1224 389 2019 1049 1561 1322 2302 523 1777 927 776 
625 2563 1465 2519 3223 1593 1695 2055 511 1089 2352 691 211 1266 747 975 1502 3200 2163 2677 3238 327 935 920 2721 64 2880 128 1092 2157 460 1035 3089 299 1702 380 3036 2075 1162 1095 2065 2873 386 956 158 1664 1194 2386 1623 17 334 1413 550 758 1001 1364 
2217 938 132 40 667 2683 1990 2360 563 2784 1669 902 3166 3165 3239 34 2191 677 1617 2484 858 2272 2307 1243 434 2253 1475 757 2878 2483 1470 1610 3064 1660 2088 2841 1292 538 664 1119 409 2669 1448 385 2504 1537 269 566 2110 1437 1263 2205 2530 2533 877 1988 
526 1029 2867 1234 1802 3179 665 1147 3150 2786 1105 2535 1862 1626 1373 2801 1707 2590 2135 2239 1343 653 602 1423 2764 1216 1596 1024 3035 1212 1672 453 1183 943 1332 3229 685 2645 2743 2684 2200 3160 669 2311 1955 654 2917 13 2933 1799 2776 1016 2399 189 598 532 
1346 1145 2930 2212 1400 1411 2264 1076 2634 1556 2123 2806 574 1667 2431 2351 668 2455 949 2938 1950 809 2621 1658 2062 53 1634 1337 1773 1555 200 2305 624 1495 2690 176 1710 2755 2522 2224 2821 2476 1037 2337 2805 1883 456 2328 2122 3031 145 2072 623 1774 1813 2770 
2600 2810 2540 823 412 482 314 2775 724 2505 2379 2299 1293 2220 418 1507 2265 2127 443 48 675 2947 471 1238 1580 2422 1478 1408 2882 1624 340 2503 1583 652 1080 1276 1960 1396 552 3061 336 354 2778 472 2323 3178 117 1120 2733 1239 2460 906 3244 2146 2475 890 
2668 2159 842 2912 1907 1170 756 2443 2759 2834 2393 985 1863 1987 690 1314 681 1675 1991 25 2277 1436 2451 1381 863 2926 1989 860 988 1629 1826 1692 1551 147 1548 237 1821 1521 2728 2716 1486 2727 3010 1026 2117 1072 2962 93 135 1474 1611 3167 1956 2398 2377 2341 
1753 1893 3018 579 1377 3076 1066 1910 2229 3098 736 470 437 1204 2840 2833 997 771 3155 1570 1933 2631 3145 2126 184 1881 448 2507 1957 2231 293 1426 2739 2676 483 3111 903 245 319 559 57 108 2218 212 797 1711 3214 2138 775 795 3194 2605 2512 1510 845 1947 
2154 1524 2824 862 121 240 2444 2559 2100 436 1648 2240 36 2705 565 3113 1200 2732 3226 1133 2825 381 562 2783 304 2699 442 617 2672 3158 2435 1867 2031 150 1045 2893 2186 499 3015 2049 2944 1656 788 866 103 1158 2021 1869 621 2316 2485 1522 277 1300 612 1205 
2797 1746 2428 721 2542 146 2921 1144 1112 102 2779 2976 186 1714 1435 3069 161 1525 3099 692 748 2708 286 1215 362 3119 1030 1391 1855 2615 663 2320 2324 1575 384 1876 2491 2032 73 0 2023 2910 1958 3047 2400 2623 3046 2022 195 1461 1402 558 1820 2319 292 2803 
3191 1588 1866 2234 2066 198 846 1517 2596 1871 2665 1093 546 2586 1492 780 1503 1102 339 1351 1756 2286 964 1598 1407 2118 2298 2717 2335 1255 1361 729 2310 2896 870 258 2385 172 2611 2990 2854 1232 583 1445 730 1071 615 2388 1838 2061 571 3215 1712 138 1290 2657 
50 25
24 46
25 52
6 4
34 40
35 44
15 17
23 39
49 39
7 34
45 31
43 20
27 35
19 55
47 50
14 13
52 1
36 10
33 36
11 56
9 35
20 6
20 41
29 3
11 42
9 52
23 53
13 38
45 3
49 8
38 12
52 45
36 48
17 53
3 3
39 15
1 25
15 45
23 7
5 52
7 33
4 13
33 44
33 35
11 26
29 4
21 51
32 0
16 15
54 50
11 13
51 30
7 20
38 17
1 0
27 34
10 31
0 39
19 56
27 37
27 42
29 31
5 13
7 40
32 27
20 11
6 52
2 32
31 14
10 9
36 27
48 57
43 41
20 28
20 42
11 16
35 36
3 23
12 22
1 29
40 9
41 29
40 13
26 17
1 12
4 46
29 31
23 5
36 12
30 13
42 27
1 15
26 33
5 2
44 12
0 24
41 56
25 50
29 29
40 22
23 16
49 24
34 26
50 36
30 55
45 9
42 17
6 8
22 48
6 31
5 52
27 17
3 54
19 9
47 48
37 51
25 2
30 16
22 34
20 0
26 17
42 20
10 5
22 29
20 0
23 3
52 28
4 27
8 33
16 14
31 28
51 54
10 46
27 24
43 1
45 14
35 2
8 46
34 50
7 10
55 35
20 20
29 27
42 26
28 32
40 26
34 13
51 55
29 25
35 52
6 0
38 45
44 14
28 6
4 5
32 9
10 34
35 12
43 39
11 1
21 29
12 53
34 0
51 34
10 11
9 41
25 5
36 22
16 33
44 4
1 39
54 35
10 51
7 27
39 41
13 2
42 45
19 43
12 46
51 46
37 21
4 16
27 12
49 18
7 56
21 25
4 47
49 51
7 0
35 47
50 47
45 3
26 25
24 3
9 57
46 29
25 16
45 38
26 46
42 52
24 51
48 17
5 24
40 16
43 13
6 2
29 2
53 25
43 38
47 16
55 4
4 30
33 2
53 50
54 37
4 12
14 8
41 36
18 11
0 50
51 28
55 4
7 53
55 54
46 35
1 33
50 45
31 38
27 34
19 56
52 20
41 15
40 21
19 11
54 34
42 19
33 12
37 28
13 53
18 50
54 7
34 17
10 3
51 38
0 23
21 10
7 56
48 43
23 12
28 56
24 46
24 15
13 43
42 24
55 20
53 46
14 25
45 2
26 1
27 8
11 16
35 8
47 30
24 53
31 2
35 22
27 3
18 3
50 52
37 49
3 20
10 28
19 56
20 14
47 31
2 15
31 19
30 24
12 37
34 28
6 45
54 4
25 36
42 24
8 13
14 34
0 29
20 18
17 1
30 30
27 35
11 14
50 36
38 2
45 30
38 27
53 20
36 34
48 24
43 41
6 42
50 25
10 56
25 26
54 20
8 36
8 15
21 43
30 29
46 55
11 39
11 18
17 5
30 45
42 28
41 24
0 10
17 7
17 55
44 25
4 36
49 11
11 28
30 40
22 23
54 40
36 42
35 4
4 38
43 33
38 24
26 16
23 18
28 10
48 28
36 6
26 13
30 22
42 36
31 20
22 38
33 32
9 30
31 52
48 42
14 45
31 56
3 15
0 29
28 7
15 43
10 52
34 38
22 3
28 16
40 34
47 6
18 3
52 26
35 2
40 35
17 16
2 25
12 1
46 32
30 34
42 36
10 31
28 25
18 30
47 2
51 28
26 21
4 43
36 0
9 48
16 14
36 25
23 46
0 34
31 5
8 28
8 48
8 23
17 21
46 40
34 33
26 28
2 8
31 28
29 1
6 47
32 3
25 3
8 39
23 48
10 5
45 2
23 13
50 20
48 18
3 27
19 54
34 51
42 4
34 45
1 56
38 19
26 29
16 33
54 42
3 30
24 37
36 56
1 18
34 25
46 43
47 28
42 33
8 54
38 36
2 51
0 37
4 43
47 29
50 11
44 20
35 41
50 53
3 42
17 48
9 15
50 33
49 28
17 36
45 48
14 5
19 45
17 9
33 17
53 6
37 21
28 25
18 10
0 30
22 6
52 20
29 34
3 52
29 16
28 47
50 43
23 37
28 48
48 35
22 28
29 47
48 41
21 47
37 12
53 48
0 44
26 53
32 20
0 13
43 24
52 11
26 45
42 30
6 51
55 30
22 28
16 2
1 50
11 23
9 21
50 40
26 29
35 4
23 43
35 0
32 34
44 19
52 14
43 44
51 11
10 25
6 46
9 39
50 16
35 7
41 21
23 18
40 17
18 27
34 3
15 28
16 8
17 29
39 9
15 54
32 11
13 45
42 3
37 12
6 21
37 13
33 10
3 49
17 22
32 45
20 28
18 21
39 34
2 35
0 54
18 9
44 16
48 48
19 41
38 15
3 5
7 24
21 14
54 8
42 4
44 44
16 41
47 2
20 7
40 41
52 11
8 25
51 45
8 43
44 37
43 51
9 45
49 1
36 1
43 54
55 16
8 23
14 8
20 10
21 13
4 56
55 22
9 57
40 27
37 4
34 4
7 50
48 41
45 6
7 55
37 43
42 16
18 57
25 57
6 44
40 53
35 5
8 48
34 13
40 9
46 29
13 43
35 49
32 1
31 53
11 57
34 4
51 17
5 8
24 57
31 55
51 53
13 39
20 48
36 31
45 13
55 7
38 24
9 18
17 19
31 28
30 20
47 50
9 47
42 50
18 19
42 30
49 57
46 32
12 6
14 23
30 52
44 31
15 21
8 4
15 53
55 24
49 33
1 49
43 37
36 29
48 15
46 54
50 15
4 25
11 37
11 54
31 43
43 10
4 9
13 6
37 46
37 39
25 54
0 54
49 24
6 4
39 44
32 42
10 46
50 51
15 53
1 27
39 1
52 38
40 46
11 33
11 3
43 13
24 21
41 20
41 30
10 25
23 12
43 46
34 17
27 53
7 9
52 41
21 9
20 23
33 34
15 0
17 40
21 55
54 32
39 1
27 11
20 39
43 41
7 52
42 50
4 54
30 42
50 48
50 30
4 50
37 0
38 36
12 4
17 40
54 29
17 20
17 25
47 26
53 30
17 13
53 8
45 36
2 44
53 37
34 13
25 11
11 15
30 1
11 52
3 32
42 34
29 35
17 54
3 55
13 27
41 12
41 26
17 9
44 45
37 53
54 40
6 16
30 30
39 26
14 21
18 22
13 10
0 34
43 49
34 35
54 2
46 42
35 22
37 52
22 53
45 26
1 21
24 29
22 23
43 51
10 16
15 23
38 28
43 25
13 21
34 26
39 28
51 52
8 51
7 50
42 9
4 50
46 37
2 10
29 14
51 34
13 40
24 38
24 32
51 10
28 40
0 20
29 33
4 4
11 42
25 17
40 18
53 40
18 2
44 33
37 44
3 19
31 14
11 50
23 26
27 32
53 31
33 41
5 29
16 8
21 41
13 33
9 38
54 27
25 11
51 13
41 34
0 12
54 36
19 7
3 16
0 0
41 52
12 57
47 41
24 0
31 42
6 1
16 44
14 46
42 49
43 30
3 56
30 22
32 17
15 12
30 33
6 46
43 5
47 10
53 16
40 14
32 32
34 56
20 57
23 41
48 9
2 15
45 30
30 13
52 23
8 13
44 52
46 14
28 23
54 24
19 39
52 1
11 38
27 40
13 17
49 40
2 30
36 33
12 30
5 3
7 35
43 4
53 18
22 55
39 38
5 18
40 28
32 7
54 44
11 19
17 43
37 3
14 28
34 44
25 45
7 10
14 18
41 8
7 5
53 23
3 9
7 57
15 38
48 54
19 2
15 45
37 26
54 5
16 48
34 48
46 53
37 9
15 49
5 15
14 12
2 39
46 12
5 39
53 35
45 19
51 38
46 0
18 49
10 34
40 21
41 19
49 44
35 22
32 10
17 4
5 41
55 26
19 53
30 18
18 39
27 57
46 24
39 43
19 42
23 16
2 42
49 25
0 21
27 54
37 6
14 11
46 16
13 5
37 44
10 49
9 29
23 45
46 24
28 57
12 27
1 16
43 15
5 49
51 27
35 21
50 41
10 54
41 36
39 44
2 48
5 7
23 0
5 13
16 22
0 0
4 4
11 27
32 54
12 26
46 33
14 19
34 3
6 0
22 24
19 32
22 22
25 51
23 13
49 39
6 28
32 45
24 4
33 34
44 16
31 4
20 48
44 33
16 44
38 30
28 53
34 46
5 21
51 10
50 4
24 28
46 49
29 21
13 16
31 47
31 0
46 13
2 36
23 35
2 28
14 35
33 55
42 39
53 19
1 35
11 26
20 42
1 37
44 10
15 56
38 39
35 50
9 11
50 40
8 32
43 44
17 46
30 26
46 33
38 26
52 12
32 47
54 19
43 8
0 29
32 10
3 10
49 33
34 32
51 19
3 33
1 47
1 10
26 6
50 23
34 31
28 25
9 7
28 37
49 26
23 4
6 32
50 39
22 20
12 32
18 55
10 25
16 6
13 57
53 29
42 38
21 33
44 55
34 10
42 49
40 42
4 13
44 44
27 3
14 16
3 25
2 40
51 37
25 55
41 21
38 25
24 29
14 17
29 32
44 52
47 46
2 13
14 16
51 34
21 18
45 45
50 22
50 19
54 7
21 3
1 46
45 51
28 38
24 11
42 35
19 34
36 12
51 41
10 24
50 38
20 13
10 21
4 30
25 29
45 46
31 20
27 28
5 43
10 42
1 52
44 23
54 15
19 42
16 13
28 43
14 32
7 19
20 12
20 56
37 47
21 24
49 1
4 57
33 10
36 38
48 19
12 48
27 12
6 23
31 18
36 52
13 14
2 40
14 7
24 32
4 42
29 39
52 17
17 1
35 3
47 12
25 41
31 40
44 50
4 11
49 4
53 26
2 54
15 35
26 52
51 51
1 1
26 5
41 5
1 47
41 10
53 5
17 15
0 53
50 34
6 20
37 43
14 22
22 6
19 14
3 28
45 44
8 2
23 15
37 53
10 11
55 5
14 36
2 45
45 53
0 35
46 4
19 23
41 52
28 56
6 12
23 53
10 29
12 55
26 48
51 53
48 11
39 15
33 28
46 31
23 42
17 55
52 24
16 47
6 7
18 49
12 21
42 7
35 0
37 50
27 21
8 22
0 56
35 33
38 1
12 56
31 21
47 12
17 23
8 8
4 49
28 28
37 9
48 40
36 17
34 26
0 45
4 0
33 24
6 15
40 46
0 1
2 27
27 33
40 0
0 39
18 55
13 3
15 25
26 39
6 44
29 8
10 6
41 40
14 24
21 36
45 33
14 21
53 37
44 38
52 37
9 26
10 39
45 13
38 3
55 1
42 44
30 15
19 49
48 9
16 32
7 41
3 50
42 23
49 37
11 53
37 21
48 8
36 48
26 51
34 10
35 21
52 23
39 45
15 33
49 25
10 10
21 24
42 13
24 46
5 43
14 50
22 17
9 51
32 38
8 39
14 54
54 4
45 56
3 34
24 19
50 7
35 56
0 15
24 14
13 20
53 33
55 38
47 43
46 19
50 55
54 51
5 53
8 6
14 18
15 21
50 28
19 26
37 35
39 17
1 55
15 52
34 32
52 16
19 33
27 36
51 14
33 27
44 36
5 17
40 38
18 24
15 32
46 6
26 36
19 56
27 2
43 41
42 5
46 9
34 1
7 56
47 56
4 23
34 45
26 36
34 11
49 20
8 28
13 45
49 31
11 53
51 19
20 9
3 32
49 13
19 1
39 16
19 54
5 5
34 20
43 3
11 47
23 43
40 10
16 31
24 32
20 13
16 15
44 46
22 31
48 57
16 48
35 24
54 42
24 49
32 28
48 36
22 23
37 42
44 13
21 40
25 52
20 56
23 41
0 27
32 2
16 38
42 15
17 11
10 53
36 56
12 50
48 31
48 43
31 11
55 27
47 7
9 37
34 3
50 16
7 8
28 3
41 23
10 48
12 22
48 50
23 19
29 16
22 25
35 57
47 10
40 13
35 15
43 18
54 37
49 40
11 5
37 46
11 12
0 19
10 52
26 42
39 37
26 12
20 57
1 19
25 48
48 3
36 33
25 5
49 34
19 52
10 35
23 38
1 9
14 16
16 27
4 53
9 40
32 3
14 44
4 40
33 12
42 21
23 15
17 43
20 43
20 16
4 12
27 1
13 0
44 38
44 49
49 10
5 46
47 23
7 32
28 45
34 34
46 49
28 57
19 35
8 50
31 16
6 19
49 10
46 3
24 38
48 33
14 57
34 16
48 3
40 1
33 5
29 15
39 18
24 1
16 23
17 24
37 36
11 21
55 54
8 27
30 13
47 0
36 37
20 35
26 7
20 29
6 31
40 45
53 10
27 14
18 35
54 33
55 15
46 54
24 26
51 29
22 52
19 31
1 2
23 30
8 48
32 44
11 57
44 25
42 37
50 53
33 18
1 27
40 13
20 32
6 52
26 45
3 34
38 5
25 7
48 52
46 37
2 39
18 22
19 3
46 29
20 13
19 50
49 44
13 57
11 43
41 47
27 3
44 3
49 26
19 3
18 30
13 35
19 28
11 51
1 45
32 12
17 22
51 6
37 12
26 55
37 26
25 18
4 55
33 14
41 13
30 19
21 8
29 41
0 27
23 7
41 57
3 23
26 7
50 31
55 44
41 19
33 39
21 23
40 46
53 0
54 39
19 20
39 9
31 44
5 54
24 33
5 23
24 30
10 53
32 10
49 30
8 28
25 48
21 17
40 9
29 51
20 17
36 26
41 8
28 20
9 23
47 42
48 45
9 30
55 48
48 22
46 22
27 16
45 0
46 23
42 23
14 50
27 42
4 28
46 50
54 46
12 11
39 45
24 6
20 54
1 52
53 6
47 44
16 4
1 48
18 9
4 17
53 41
23 3
47 13
26 14
36 57
36 22
44 19
4 40
24 50
55 20
31 28
31 26
34 56
2 6
25 25
24 4
15 56
55 57
24 12
18 3
51 19
19 14
15 21
2 49
23 53
41 44
18 35
21 12
0 40
28 37
8 51
28 57
2 49
52 21
25 10
18 57
14 43
44 35
15 18
22 25
18 4
9 33
51 3
0 39
8 18
8 51
42 26
43 0
28 37
45 35
36 40
5 11
47 21
27 34
5 51
4 49
12 48
48 28
53 29
10 41
34 9
36 6
15 32
3 28
12 3
5 53
42 36
8 41
39 14
44 39
53 15
23 27
42 49
48 20
55 57
41 12
46 9
44 8
4 56
39 7
35 48
15 18
23 38
29 9
37 42
41 45
17 42
38 4
9 0
51 56
21 16
3 50
21 19
45 35
51 40
21 23
18 23
13 41
43 22
47 23
55 2
43 42
1 30
20 57
11 34
33 45
47 22
9 8
6 36
32 36
54 50
47 13
54 47
52 36
9 30
23 5
51 25
53 39
55 22
18 13
27 50
9 44
7 53
8 38
36 42
30 43
38 12
28 18
39 15
40 35
12 30
45 49
17 20
2 6
8 11
16 18
42 18
43 23
13 8
32 37
3 14
51 3
33 7
2 22
9 5
48 46
36 27
9 12
19 34
44 25
51 36
45 52
39 55
28 36
22 39
6 19
18 53
10 33
40 2
44 8
44 39
8 3
5 21
27 25
53 50
49 45
4 32
53 7
39 18
15 44
34 57
22 43
25 21
51 22
26 7
54 29
33 17
27 36
0 24
33 50
38 57
17 6
50 51
14 26
49 40
28 38
29 5
51 18
16 48
7 31
32 27
44 44
52 53
55 35
38 57
12 46
23 16
41 0
33 18
40 41
50 21
4 25
17 15
4 26
44 52
11 55
47 2
8 39
49 42
17 0
35 47
40 53
41 5
18 28
20 42
21 2
54 54
25 11
15 48
4 17
17 19
28 31
29 2
34 4
14 53
17 11
0 21
13 0
3 54
29 38
48 55
2 18
10 57
46 5
10 22
45 9
9 26
10 35
28 11
43 45
12 40
33 41
19 20
54 48
38 52
54 3
44 20
52 25
52 42
37 57
52 26
37 13
37 12
14 30
36 25
39 57
8 2
10 51
12 35
44 7
10 56
14 8
16 54
34 22
28 49
49 3
44 45
35 31
30 3
34 20
22 2
41 38
42 49
26 0
43 24
36 14
47 49
2 27
36 26
51 54
11 11
47 4
3 26
42 26
24 15
48 7
3 1
53 34
49 8
26 27
15 7
7 42
24 39
12 39
8 21
11 39
29 29
32 22
20 41
43 22
14 37
37 16
17 32
41 18
49 55
44 35
41 5
30 21
46 20
30 40
54 32
20 51
50 29
47 42
47 44
50 46
18 44
37 47
53 29
55 25
39 43
36 31
30 30
46 38
35 16
51 49
41 13
36 49
38 25
16 27
22 54
30 41
7 6
22 51
32 3
15 9
39 10
2 44
30 57
18 2
40 17
54 27
25 30
23 45
45 17
39 16
6 2
52 4
52 8
30 7
8 1
22 54
13 49
13 56
29 35
11 54
29 28
34 49
1 55
37 41
54 57
18 57
45 42
12 45
27 41
29 41
35 18
7 2
0 25
44 6
10 34
51 3
8 8
35 38
36 37
5 52
40 21
32 50
43 38
46 34
0 3
10 39
7 32
0 4
17 4
46 50
2 30
50 20
36 6
53 29
34 38
47 31
37 26
31 51
47 22
20 25
43 34
7 33
23 53
43 57
43 26
6 8
54 44
45 29
13 21
43 32
48 19
27 43
39 0
48 14
10 48
26 26
32 45
27 33
24 12
21 38
54 10
44 3
33 33
2 13
38 51
7 49
50 38
11 15
37 25
37 40
22 42
51 12
52 19
35 28
21 24
53 16
25 46
24 51
32 14
2 19
19 28
24 2
5 22
4 27
18 32
49 10
54 16
0 8
50 40
16 10
3 18
22 5
15 56
48 55
28 23
26 51
36 37
0 24
51 40
39 17
54 19
14 39
1 39
22 14
24 36
8 13
43 0
15 38
43 57
54 31
26 8
22 13
12 15
48 3
47 26
12 30
30 34
28 25
9 48
18 16
45 8
17 33
37 35
38 53
44 37
19 33
26 20
0 12
44 25
50 22
50 30
46 2
13 42
7 45
19 43
13 30
47 36
21 3
34 45
35 35
38 20
50 45
44 0
15 50
3 46
20 27
13 32
40 31
19 27
8 21
1 52
29 6
9 8
51 56
3 53
34 14
13 49
51 53
1 19
52 3
11 36
11 36
10 37
17 30
48 21
40 42
37 41
15 49
11 51
47 51
51 35
38 42
42 19
24 9
1 8
52 20
41 30
26 26
37 16
27 2
35 42
6 57
19 42
31 54
21 52
33 10
9 54
36 27
20 11
37 5
5 32
16 35
39 15
53 48
50 53
51 53
0 19
23 33
53 44
23 46
14 34
7 36
48 44
36 27
29 55
38 6
22 33
12 48
27 12
19 14
49 34
19 19
30 34
23 11
18 56
22 19
3 45
23 44
13 4
43 20
3 26
16 38
5 6
29 7
21 42
7 9
46 23
33 28
3 6
2 8
5 5
26 33
50 27
38 6
24 6
18 12
26 55
35 9
36 16
38 49
36 51
35 55
35 24
25 33
42 40
31 32
42 13
15 6
7 12
24 0
35 35
26 55
10 38
32 3
40 33
36 10
8 12
30 15
20 47
55 29
17 9
53 13
14 5
18 21
18 18
26 35
25 55
18 25
55 17
13 49
21 54
44 56
10 17
4 55
36 0
2 25
32 55
36 11
44 25
31 2
48 28
24 18
11 22
49 47
38 55
47 53
53 41
36 2
26 4
47 26
47 4
1 20
53 21
45 57
53 54
53 39
25 20
51 45
12 49
28 39
3 53
38 15
3 21
31 49
31 18
28 49
32 56
0 23
29 10
7 30
10 4
46 40
45 29
27 57
0 23
8 49
42 21
45 32
40 16
22 9
7 22
31 43
21 39
4 29
42 11
53 50
7 44
43 15
45 40
13 44
42 26
43 8
53 27
17 33
41 35
8 55
43 52
25 32
35 6
46 25
42 48
28 55
53 54
15 25
40 45
11 3
50 53
49 7
17 41
13 41
32 54
30 40
43 5
23 45
3 42
4 27
21 55
21 35
18 55
28 54
4 18
25 39
24 49
35 34
27 36
11 10
39 23
25 18
54 40
5 5
28 27
25 19
50 26
20 2
18 41
49 10
32 39
42 52
17 12
10 15
7 22
12 37
7 7
7 49
26 53
43 12
47 9
42 33
29 28
18 34
24 1
46 25
7 29
30 56
48 23
22 54
37 41
43 25
29 19
42 0
7 32
24 23
37 15
44 18
46 38
41 31
28 24
22 4
16 14
50 6
11 27
53 53
54 35
21 17
13 51
40 47
21 6
33 18
5 52
41 51
15 41
24 21
45 39
42 16
51 41
18 22
31 2
47 13
47 48
17 19
48 11
48 6
42 0
16 5
47 44
49 38
18 23
23 1
41 29
0 23
40 19
26 24
1 40
8 6
3 23
42 29
8 29
28 40
18 56
33 15
11 56
21 18
50 48
14 51
28 34
44 48
52 40
1 8
50 6
12 27
10 34
24 31
10 30
47 52
11 46
46 4
46 16
15 27
28 44
3 26
0 8
18 24
13 19
27 38
49 23
11 47
52 38
18 51
3 49
32 22
7 32
50 30
50 10
11 47
23 6
53 21
13 24
16 29
7 51
35 5
26 50
43 20
49 6
15 43
12 12
16 36
2 26
48 18
3 38
11 52
13 35
34 47
22 28
25 22
17 17
23 46
4 32
18 15
27 50
5 38
12 18
1 33
33 10
48 23
7 14
19 19
31 53
12 49
45 53
22 3
4 14
6 49
35 28
53 3
53 25
2 41
30 54
9 43
50 18
10 22
14 55
50 51
39 10
34 22
7 50
0 27
46 12
1 34
10 1
50 54
6 52
15 44
26 22
44 47
10 48
29 30
55 51
35 43
9 0
3 31
21 12
37 31
47 31
5 14
55 33
6 0
35 28
