62 79 4717
31 58
322 1320 2558 4637 773 2460 430 3986 1102 1407 3222 569 4874 3456 1797 3160 3161 3218 674 2219 910 4500 4424 2249 4322 4774 3052 3239 3100 3948 1330 3609 2676 3562 3010 2414 2897 304 2786 719 523 1882 863 587 2690 3768 460 3143 3409 4736 4693 2379 60 731 2719 1844 2340 3601 1081 3215 4708 2383 
851 1536 2215 399 3498 1891 4337 3452 2754 802 2409 670 1467 1498 3082 4349 634 549 1481 3525 611 4016 1234 2196 294 3179 146 2666 2936 3240 1669 923 3028 31 86 4592 3372 1967 3900 1171 336 2548 4894 4780 1087 96 4466 432 378 2804 1100 3262 1269 405 1396 1216 3776 1024 1027 4615 4315 431 
4402 3220 612 4731 3214 2323 3599 4523 3351 1843 570 259 3666 1113 2192 4095 3324 198 45 1466 1376 2255 2516 3025 3173 956 2664 4178 1911 747 2555 3959 3027 2224 2752 1149 2277 3742 3956 4628 2276 2064 441 4641 241 1765 276 2568 2288 3047 1250 4710 1285 3166 2169 2922 3588 1098 2531 4610 4266 2395 
3217 2147 769 2574 2102 807 2269 1109 3870 3538 2712 2455 4382 3348 3579 3923 4388 1832 2038 2125 4032 2572 3618 1136 555 3614 1759 2485 1763 4635 2290 972 3989 2834 927 3439 356 1298 2061 4163 2052 1874 1879 2010 3788 295 3148 2896 530 605 2990 147 3934 4194 2930 2112 3549 4134 4513 245 4824 1863 
1648 2695 3520 3491 2589 121 253 161 678 2378 720 2237 4271 4491 1920 2260 3266 585 1746 3537 3344 4072 4006 2715 4325 962 2771 1377 558 1804 1927 2090 59 302 3232 1941 3219 3911 3424 2537 1595 4156 4218 2581 890 1202 619 2190 2894 1041 4836 2318 3819 2350 3099 3449 4689 473 4471 426 1932 4291 
4646 2452 2889 2087 1001 3717 3086 2773 1341 763 2867 654 2120 3267 826 1322 2598 2212 1557 2929 4897 4559 1929 2639 1420 3029 1502 4392 3440 1114 3051 2154 1117 1946 1558 1159 2272 381 1190 2140 3962 1802 1168 3384 673 606 3922 4856 4258 40 2884 4042 1050 2740 3191 2217 4461 2665 4742 1036 1449 3156 
4348 837 3289 2836 3473 192 137 1281 3114 2632 3872 3078 3048 839 79 3597 3655 4303 728 2718 4176 208 1354 4753 4245 2263 499 805 4497 4827 2321 1801 1060 3530 1968 2944 4651 16 1292 1580 3532 4813 624 4012 4393 2772 4023 1591 1013 3976 2359 3773 2014 2726 3969 1158 1045 3716 2153 2394 4037 4434 
175 1893 806 2797 831 4345 2694 1485 2016 4775 1092 4677 3199 2058 1901 3438 3460 2401 2748 1690 4090 1732 1406 2709 2530 1963 2013 3040 2697 3592 2151 3004 4508 3157 4802 3594 3876 3827 2728 4149 2461 2923 3957 2084 4537 2703 482 3385 4740 825 543 4672 1677 853 742 2184 2768 4101 3501 1970 2347 983 
4306 2447 4843 188 2591 2580 3355 4622 2784 2967 3345 2287 299 2628 139 157 3800 1824 2081 2865 3826 1928 2159 4845 1222 454 630 1696 3420 1923 4844 434 116 1031 1101 2573 1511 4520 4695 3838 3139 2826 3567 4644 1650 1618 1889 222 3517 2925 1702 1416 185 2757 1528 1494 2890 4396 317 3584 75 3265 
2082 177 4328 1310 2765 2469 1010 640 992 2490 4067 4704 2006 1955 841 88 4056 3197 1067 1533 1200 4188 3021 418 2983 3368 814 3769 2228 796 856 3720 4320 3283 4467 2133 420 1997 1405 2737 2444 1016 4485 2354 2921 4545 2207 3849 2163 2909 1896 3260 3045 4443 3458 759 897 4591 4580 2519 450 1813 
989 128 1990 300 3299 2221 249 2400 2193 2463 3966 1183 1090 3150 2213 2114 4602 410 3119 231 703 4387 1872 688 1755 4460 3765 1603 694 2199 2647 3383 3153 2132 550 3102 2949 3445 472 4433 4886 3993 3316 1609 2883 538 582 565 1724 1544 1775 3067 3206 2449 717 4594 4184 766 557 3649 3550 1808 
3559 3555 912 854 1007 2427 830 3294 2821 3552 4486 3651 3912 4517 3128 4391 3871 517 4752 3006 4222 2845 1219 823 4851 83 4653 4045 1142 699 58 3421 1086 67 4448 2614 3913 1936 1445 3918 515 3057 3188 3644 895 3270 3312 4606 493 3402 3261 637 1415 4632 3700 4230 1539 985 2798 2601 3230 4125 
4638 955 1778 1571 1217 4721 4423 1462 1317 666 3823 3797 3326 3422 789 1951 771 143 2926 362 3032 2907 4456 516 2875 1302 4535 3012 869 2339 424 4690 2557 545 3364 4744 4464 2431 4723 4444 1752 1640 2687 3541 2136 505 53 3336 133 1353 3628 1552 343 3137 2969 2952 4394 696 596 1195 3432 4474 
2807 87 1006 309 2078 2891 2001 125 943 600 2543 4630 1477 2769 2056 1670 2398 1697 2308 3044 4183 4556 2950 13 3171 4865 809 3674 2809 847 4719 3791 4709 1166 3812 900 733 4275 1220 1437 4665 1774 4375 2309 2138 3318 3706 61 2466 2613 1241 4366 3886 3494 3848 544 1768 4656 836 3883 3926 3925 
2928 149 3252 2236 4454 2927 4800 1847 560 4848 15 2648 458 1584 3531 2739 4543 2947 3908 2838 391 939 4355 1760 1515 2985 2247 4432 1829 1228 3495 173 1947 5 2182 1792 2068 3278 3022 342 4875 4226 1718 3571 1924 333 2079 4338 3388 3757 1224 2864 3967 349 2590 4175 2999 526 2857 2139 1278 3671 
4645 1179 2892 4399 2310 3343 3733 308 4814 1042 1960 2612 959 2145 950 1319 500 4039 4499 3300 2513 4878 563 1063 2751 267 2042 4293 292 4877 1315 2208 4407 328 2992 2298 1003 1766 2912 2458 1472 4075 176 3140 3825 1284 2341 1956 3209 604 1926 857 4849 48 2451 25 1657 1311 4062 2439 4568 3984 
2832 4329 1622 2482 3793 4528 3755 1325 4081 3746 3347 2045 4310 456 846 1996 1382 3811 2656 3187 4524 1647 2053 1446 275 3796 4241 2152 4707 1000 2314 3611 3123 4097 2700 799 1712 3371 3610 1402 3314 330 4055 165 2195 4094 4779 1075 4414 2727 1656 1393 1883 3151 734 1239 2327 3580 4462 1093 1835 1611 
1484 248 2959 1236 204 2197 2229 2103 1035 1154 4283 2795 1590 1473 3352 2680 778 4759 4482 3211 1892 3677 2905 1064 4584 3116 3427 1388 4390 3766 1475 2274 4722 621 844 2059 1160 2904 4773 193 4648 2652 1135 3208 3936 1432 101 1809 507 1156 105 695 404 2594 69 1522 4691 2683 1431 196 388 3711 
671 3451 2824 4190 1072 4518 845 1331 1255 150 3088 1033 1675 3977 4890 4309 2177 1026 3465 1372 1257 3105 1796 2156 4022 3859 2631 1034 21 4398 4397 1433 3865 2779 4138 3814 2091 326 4356 3602 3780 1666 3203 279 4059 2624 3662 3927 4343 1780 3845 3418 2689 1906 4797 3448 1944 3630 3397 4822 3287 4212 
1994 1652 3059 1062 2093 4252 4200 817 3009 616 2268 131 1363 1275 1649 4401 1346 4882 1208 4242 1850 4147 1961 402 1277 2668 2515 2701 1242 664 4680 2306 4741 4301 3329 4473 2402 1890 2877 3124 1881 4326 1565 3450 4834 2814 179 4782 234 1206 1327 1779 337 2741 2373 3899 2955 3648 1360 1078 3475 3904 
4010 3747 3301 2606 4115 3305 4267 187 3030 4554 512 2060 1993 2424 988 2472 915 1049 224 1692 1297 4804 2540 1585 203 1152 4526 2012 4864 3129 2054 1324 1334 4280 818 535 4317 2418 268 3775 1969 4265 4717 2588 2253 1204 3820 2608 1404 643 4684 358 3046 148 306 1172 140 3068 2963 1189 960 2924 
2599 4079 3075 2603 1079 2637 3615 27 589 4501 1015 3202 765 4692 2675 1589 2667 911 2854 528 138 2818 3304 3413 4805 562 850 1287 4738 4118 973 3737 3687 2295 4250 363 4262 708 4612 2917 867 4751 3362 2526 2576 3621 1820 2474 1672 3406 4815 3787 1230 1198 1721 681 4198 2571 2478 1328 4299 3880 
1895 4607 3898 3335 1815 1272 3668 10 2604 1750 2094 1735 2607 4425 3349 2830 54 584 20 1839 4422 4747 2974 4102 255 2018 235 691 2521 3190 1646 1645 1866 2820 4479 2286 8 3468 2847 3576 1486 687 172 425 85 2089 2113 3350 2682 4730 909 1897 1543 4172 3832 1785 3185 2505 4207 698 1635 4305 
3096 4850 1347 1439 3457 4066 2174 4777 4732 1653 331 2468 3515 3018 3944 3259 3863 4288 965 583 4002 811 3743 4548 979 3946 2853 996 390 2827 2851 3836 2887 3736 929 968 24 1366 2731 945 2080 1943 3636 3493 1032 4202 3446 1140 4238 764 1111 1700 4854 307 2782 3724 1948 355 2030 3535 566 243 
2850 2117 466 1540 2344 1694 4122 2324 852 1577 4233 298 2234 3699 240 3983 1470 3634 1506 1586 1390 3036 2386 3467 1029 3565 3698 1492 1641 1457 4601 3942 3629 4624 2678 1397 152 3660 1644 686 647 4629 486 4675 1616 4840 603 483 4111 3744 2844 1916 3112 448 2331 668 2381 4114 1727 2264 3320 2489 
4825 1115 1410 815 463 2736 2296 1145 32 3167 4051 4766 2251 4597 2503 1349 808 2584 72 997 197 2802 4671 3223 3758 1247 564 1401 2367 1243 251 4335 4570 4360 2640 3707 1512 3693 3132 4124 1091 3180 2209 3622 2819 657 3578 2412 4881 3933 4411 4727 2130 4123 2839 3652 3684 1517 1373 2746 3293 3963 
2869 1909 2551 1333 228 3604 1125 1830 3080 2860 1504 4795 2872 3249 98 3071 2065 3749 1604 3405 2034 966 3527 154 4754 2453 1428 3533 1886 4247 4842 1435 2989 3544 677 3751 3850 3387 1288 100 2527 918 1845 2732 4304 3868 4225 865 2920 3829 168 4128 2329 4583 459 914 2043 3083 4409 753 721 2745 
1975 4276 3441 594 212 4164 4811 1201 257 3496 724 3748 4028 1332 28 1757 1638 1907 4828 551 2991 3894 4861 2986 1211 1931 3224 787 638 3322 3798 2009 4468 4167 4029 2492 2025 642 2615 782 4547 3569 1005 3461 716 3725 2895 547 1139 2433 4586 1182 627 3471 2299 2622 435 1556 3902 804 2459 316 
4221 1474 2499 4771 4024 3386 4187 51 1687 4358 1116 2672 2859 3642 1538 824 4519 4168 4852 3073 4186 2738 4311 2493 495 984 662 440 2194 816 1518 2506 1254 4073 266 3101 1777 3470 964 2556 417 99 1912 834 1867 1563 4080 2020 2271 3189 3605 947 1877 906 1343 2964 4469 1244 4733 1685 1273 2285 
2142 4452 2261 4351 3617 1902 2753 4853 4765 357 1782 4541 3818 3426 3643 574 913 1065 273 1786 726 4038 2906 2673 4300 1451 4872 4341 2259 4027 327 4480 1816 221 1232 2815 393 2722 1868 1597 2828 3808 1459 1411 2617 3982 371 2358 1673 3554 676 4679 2022 1052 1452 1403 47 632 4139 1469 2856 3505 
1588 3979 2382 1790 1002 1187 1516 3435 1878 4216 1018 4365 2996 1020 281 4438 2661 2495 812 4340 738 4357 2376 396 3943 2258 3981 4478 3008 3702 1753 3731 2380 1541 35 2289 2997 1367 2725 3708 2585 1508 1186 3221 655 4608 2808 1356 122 2226 934 4869 57 4439 1601 4413 315 4106 4041 4726 1306 4256 
1465 411 4244 1626 339 3479 2435 2747 3762 3801 3253 1633 2953 1984 3548 581 737 1338 1237 3346 935 2550 4346 3315 4098 1279 3782 1259 3001 3478 801 874 3437 513 1458 3484 2810 4004 1350 2539 4417 2938 4481 1934 2618 361 2356 4863 2235 3632 503 1899 2749 4868 534 1534 465 3696 2283 1519 3118 540 
1210 4143 106 3697 1337 1471 2047 2363 4014 2041 3738 2390 1939 3949 4572 4835 202 4858 2023 2336 2813 2017 4472 1130 398 3678 4277 3681 2957 438 1422 1487 754 481 1248 4776 3182 293 457 1574 1910 1572 930 3639 2833 518 2069 4298 3973 882 1048 3874 4564 2592 1596 4589 1612 741 682 2560 1582 4838 
4119 4891 256 556 4816 4614 91 2975 1379 190 1855 1995 2874 492 3231 1453 1066 635 1607 884 4504 130 2135 2437 4302 2479 345 2840 3110 272 4450 1624 1456 4092 2943 907 1710 478 4050 3411 201 2777 2355 4412 938 487 3930 2072 2441 2941 827 4566 3727 1122 4223 200 4033 414 659 1919 1240 843 
3085 2566 1193 2979 2945 347 2512 4634 2621 798 3658 4 3767 359 394 2407 3877 3000 1460 4449 2770 1345 1238 1958 4209 1651 3951 2542 840 3688 4264 4662 3443 1011 1789 2843 1426 602 3560 4116 3392 2660 3841 3155 718 1409 4279 244 2502 2204 3285 1120 1291 4316 2915 1501 3158 3058 1226 629 548 3389 
3178 2124 4728 1476 3992 833 590 4734 4817 3624 367 3146 2789 2008 3783 1725 2107 3714 3817 2218 2641 2100 89 2790 2003 2919 4510 2729 3794 1181 3770 3728 1400 3779 123 1747 1846 2984 2337 2744 4527 1491 376 433 2484 2528 2423 4146 958 3719 1642 4237 1858 3928 2232 2669 1096 3425 4502 883 4410 819 
4203 1617 2756 1264 2024 1362 1900 4324 1738 4617 1510 519 1898 1146 3417 464 4174 2586 4784 3596 1043 4364 4001 2976 3974 392 4352 1245 1661 2266 4404 2511 3895 4408 509 4511 4688 180 4808 4896 23 3274 1313 3213 2183 743 3003 2937 3987 2210 3777 263 2658 610 1973 498 2633 3269 4582 1569 3492 3382 
2039 3572 931 2605 2507 4883 4794 95 3842 1355 2954 488 2544 1744 2162 3691 3524 3019 1606 2888 3256 866 4633 2549 2462 119 2108 1083 2322 3786 1197 4239 4195 1143 2662 1380 2273 134 163 2823 3573 2554 2636 3625 491 2546 1488 1176 1361 1030 4821 1885 136 3192 4625 2806 4214 1044 3638 4227 3878 3600 
4353 1265 395 1174 1028 1810 1123 862 2319 4463 209 4650 2187 1680 158 340 2931 1524 3186 4643 1865 3303 4567 4162 709 892 2092 1173 4035 1632 780 4668 219 2841 113 2040 1704 77 1165 2852 1267 2046 3193 126 1318 4368 2760 3310 554 3712 1707 1605 4678 4429 3807 4889 3381 4336 3529 29 595 461 
4703 3488 1196 4647 4272 2095 675 2284 1105 1806 1500 1904 3130 4769 2294 1959 3726 2408 3869 3990 4557 3276 3234 2032 3093 3145 4879 3667 1214 4490 1412 1129 3251 690 4204 4077 2812 3528 2203 3290 4104 1728 3750 1212 4137 84 2148 4585 4191 4536 2817 232 3740 1209 1935 109 346 2552 329 3734 3390 4386 
3582 2677 3339 4801 1723 2951 141 1447 4296 4823 3172 14 1389 1914 2871 42 1348 4182 4590 2563 2596 104 4871 4506 2312 4381 155 2388 2205 2788 1915 4421 1739 3469 178 4787 2704 223 247 351 2123 2167 4447 3396 2333 1147 2248 920 4600 3703 1132 3905 4674 4220 1246 2932 2256 2026 4043 1262 1554 1268 
237 2262 1545 4145 4150 4855 1399 1134 3015 115 1549 1825 1842 1659 2389 3246 653 2391 501 1144 3279 3821 2015 4575 1521 4785 2692 1503 667 4819 4654 1894 108 4621 1167 3855 4236 617 2965 1342 3212 3659 1575 9 2547 2908 439 539 4859 3111 164 3373 1940 1884 1614 2302 3023 3292 1084 1695 4659 2881 
4685 4498 1464 3839 4514 3168 3395 153 97 2764 886 683 2305 3466 3313 646 2911 1423 4254 4465 1922 397 3862 2007 2225 1838 810 1767 4313 4140 4484 998 1155 3447 3436 0 4427 2711 4809 2498 4884 2227 2734 1191 2702 1296 384 3545 740 1691 236 3947 1088 350 1992 919 3598 3104 400 715 3410 112 
4154 2635 991 3340 3131 2846 1621 2361 3054 712 4553 748 3556 3236 888 1525 4415 2411 3400 4476 1627 2270 1662 1787 3631 3612 1289 4820 4588 3861 1358 2002 385 1395 3619 1535 2866 3169 849 2375 311 3784 4860 3144 4161 129 2351 576 3991 4269 2858 3228 4492 1688 4522 3126 4493 4509 3064 1414 2000 881 
3149 1761 3092 1551 2267 4231 4565 948 4739 427 2730 861 1514 2491 3358 2696 3005 3133 639 1440 693 1987 4211 191 2070 4061 4120 613 490 2338 2724 2476 2623 4060 3575 3147 506 3237 4793 2977 4441 1378 2685 776 2051 2254 777 1831 1038 586 375 1701 3950 2415 1103 3847 1954 4750 3665 4253 2214 3377 
1271 553 746 4488 4578 2710 1421 3480 2105 3540 2679 2882 2062 2794 2799 4745 4764 2282 3739 4020 1280 3637 3055 661 1178 2642 3275 2170 1823 652 3756 795 521 2899 2360 1783 4030 1864 567 1046 732 3076 2206 4369 2699 1073 496 324 749 2532 4054 2364 3281 4224 2106 2781 3247 1857 880 4581 3062 3830 
3975 2353 2180 3333 1450 3851 4376 3360 533 3079 278 335 4373 2250 2019 1151 3268 2706 967 2958 2430 1974 271 4243 1615 3889 3038 4342 3710 2966 3141 4318 4735 1807 4746 3907 4593 1887 650 2366 4516 3995 3542 4437 4475 1329 3433 1455 2763 2470 3089 3763 744 1610 3510 2510 928 2403 4756 4255 1734 4248 
1733 2313 3940 522 791 2233 2326 3771 2486 994 2494 3521 2396 39 1983 3718 3519 1531 504 285 3066 3200 1408 2723 1862 3952 4158 981 3354 4657 1991 1671 4185 1089 4857 707 4458 2141 1301 3042 951 4268 117 4757 2168 3844 4420 1054 2011 22 4330 3822 4282 3772 419 971 3072 1276 4086 572 2442 3833 
4573 3840 1871 924 3620 3394 2300 4796 4546 2849 2973 1599 1227 12 3408 625 484 2377 525 3235 4151 2471 4862 4093 4661 4260 3454 2978 4171 3245 757 1351 2346 541 4696 1274 360 1127 779 4806 3472 838 1019 4640 3170 2934 1479 3760 4503 2044 3196 3999 4206 213 118 114 132 786 2582 2397 1579 608 
3258 3142 3152 3732 3407 3242 4749 2878 1051 3081 3972 467 1678 942 1387 4555 2143 4130 2369 511 4126 3271 110 184 3098 4431 4714 2157 3608 4428 2649 3689 4083 2434 452 3958 1223 975 1398 167 1962 1070 2933 542 4333 4495 1068 762 421 3626 1788 4619 409 2616 2483 174 2096 323 3401 3980 334 3593 
4383 2496 2332 413 1660 3856 4334 3286 80 3512 926 4669 1413 3154 723 788 2575 2759 38 1548 4550 878 1429 1076 1989 3017 2387 1017 1133 2393 1256 1999 588 1080 1417 6 2801 3536 689 455 1917 4832 901 4379 2073 3547 2029 651 4826 3201 1505 2987 2118 2538 1608 4362 3686 813 3070 1977 713 389 
702 1978 4837 1126 4626 3680 4873 2620 1664 4157 443 301 1375 1364 1629 1118 2399 63 609 4076 631 4762 264 722 4598 4807 4783 902 3263 1169 4327 4487 3955 2610 4131 893 4576 2303 4246 4297 4021 2626 828 2939 2074 2335 2914 1170 4846 3379 3363 3543 3311 142 514 4089 11 1383 3016 4259 4321 305 
3216 4489 1162 3244 3892 4363 2115 2787 3481 1058 4790 4788 1532 2509 2352 2593 1295 4261 3857 2659 3369 160 3623 3361 3627 2158 3204 3331 3653 3184 238 3393 3483 1873 489 217 1592 4100 4148 2848 3654 2831 3557 1555 944 3375 2619 3509 2829 3526 2968 2766 3241 3342 2465 999 1177 3606 855 3846 3049 2304 
633 729 4312 4706 386 4034 2583 3486 1336 3709 3357 230 1811 4159 210 2792 2995 3033 3307 3835 4666 227 4105 4179 800 3497 2561 952 3490 2149 903 2994 3741 1564 3803 4681 3523 2450 868 380 3325 354 641 1483 2609 3879 3816 3730 4257 374 3353 4052 1679 46 2805 2421 2644 665 2545 4015 3804 1693 
797 4165 2404 199 1949 3477 3971 3585 3356 1252 3906 3233 520 2861 4135 3332 4470 3897 1205 1972 383 601 4560 156 3117 4748 284 1818 1805 344 571 159 941 144 1567 1339 917 4699 2713 102 3795 896 4053 1231 1834 3694 872 2481 1668 1386 2198 1742 1340 2477 3682 656 2776 2578 679 3500 3474 2880 
4210 2031 848 76 970 2033 2993 1803 4539 3722 4219 2457 2098 3864 2392 2238 4374 1489 1039 4538 3723 2862 216 1966 4286 2179 1040 4831 2348 3518 233 4663 4070 3745 1781 2535 2720 2362 730 3039 2629 1921 2037 1047 2553 871 3941 532 1706 3430 2110 2774 1164 2707 320 403 4173 3013 2602 3194 1480 4018 
1655 2793 2127 684 3873 4579 4155 2230 3403 2645 151 1161 3374 3834 2372 4866 3176 497 4789 462 1793 876 364 3799 4281 1495 2161 692 1371 4044 760 1303 658 3896 1094 1945 2988 4888 4232 904 3534 1794 3065 1716 1570 623 4525 2743 2816 1107 1215 4103 4673 4217 4687 71 3181 4724 3695 3553 2131 4595 
1316 793 4571 1573 370 3464 4549 2654 3640 1637 2791 618 4791 62 669 1663 2150 2417 1741 1726 2446 225 949 2873 774 2086 1153 1658 937 1009 2185 2982 3607 3998 1715 3915 1299 3903 1392 3135 672 3815 1537 4405 1312 531 969 4636 1499 4558 568 2998 1513 446 2028 4359 4737 1225 4542 2946 4031 2942 
4289 3881 3288 2432 946 1258 3094 4715 2980 283 1982 261 736 2464 2529 2688 3853 2146 4400 3429 3264 1180 103 2785 2918 2164 3502 3284 1119 120 4810 1769 3970 4385 3090 250 3308 49 2371 4457 3938 783 2172 2244 145 135 215 1520 1654 3506 4798 2691 2211 1082 3854 3195 940 1840 332 3805 2036 2330 
270 4294 3499 321 2189 980 2842 2577 2049 3583 1434 645 1104 1713 3122 792 3334 767 1326 963 290 4308 4273 4455 387 3031 314 750 4196 4152 2758 3309 265 3207 2972 2021 2368 1703 1880 2643 2071 4274 3753 704 1819 2885 4770 1335 319 622 468 3273 2200 4445 4839 4201 1643 3650 4213 2559 2175 3428 
3663 1012 3887 4278 1720 2971 274 4013 4229 2239 1233 3035 4319 4725 1221 171 1981 4649 620 37 1370 1583 4577 470 961 3463 3504 2279 860 3225 92 875 4569 552 3037 3243 4694 4129 4406 3574 2165 469 3831 2595 3295 1771 2050 365 3589 864 428 770 4058 2438 990 74 2663 3752 2292 4562 3774 829 
2611 2119 2425 2085 2500 3890 194 4453 899 4377 36 1184 4532 803 1848 2111 1137 1709 922 3378 2101 785 1025 1099 3613 4893 4177 2004 182 2517 1235 936 4426 401 2448 873 2761 352 3 887 2780 1561 3759 4205 1344 2825 369 4384 4113 2733 4240 1730 1568 3931 1684 408 2708 1674 739 475 4170 4192 
3398 3721 4799 573 2902 4609 4290 2343 277 3503 859 1229 17 4112 3061 4477 207 2245 3476 3824 4136 4702 1851 649 2948 1600 3444 3852 3690 626 772 1057 4003 3419 1527 2104 3060 1905 124 2783 2222 3551 3932 2650 4563 3522 3616 1798 2514 3404 2171 2565 2440 1795 3056 2345 697 229 1368 4228 1756 4892 
1141 2088 206 1304 4639 2278 758 379 4531 974 4768 1207 1745 68 745 1175 2370 3577 1074 561 1903 1821 2315 4208 3097 2426 1077 2940 4180 2863 4071 660 368 3664 1784 1985 1069 183 4664 3828 258 3704 784 3272 1391 4618 4655 3415 3250 1008 1124 2916 3603 1448 1547 1837 494 4121 2342 3546 579 2898 
3328 4347 1719 1526 1365 2240 3683 43 3024 4604 1542 2597 2155 1530 680 2201 1620 508 4667 4534 162 2436 1529 1037 2328 4743 1976 3257 1110 3635 1359 1799 1623 2778 4064 111 3113 832 73 502 3365 2627 2900 3069 1683 2717 1085 4760 751 1593 2257 2083 1443 282 1192 4792 1308 2480 254 471 3564 2246 
1869 1251 3633 4000 2473 2316 3978 644 1636 4885 26 3656 4068 1 3729 3996 3338 205 64 2443 1454 1754 341 3011 3929 3341 775 3917 3053 4181 3893 1438 510 2055 4670 3391 4270 2320 3115 1689 4631 260 4763 3960 3920 1743 1964 280 1560 1286 2445 2714 2879 2384 3050 4812 2456 2160 706 4074 382 4697 
1717 2252 3174 4235 3884 303 415 2223 1444 4530 3789 4605 2913 614 2671 4332 4005 1870 1938 3043 4642 4108 4047 2800 1056 3792 877 1888 4712 599 451 325 3935 1427 1263 2027 1203 3380 1667 4552 2410 1628 3106 2317 1979 1776 2116 4117 4716 348 2579 546 4160 598 3885 3539 318 2562 3323 1849 2181 3282 
597 2570 477 3412 2413 2243 55 4025 1418 1478 289 2137 1686 2173 1594 1321 4109 3511 1305 4561 2188 3227 4107 353 169 1918 3860 593 1980 4705 3226 1157 1828 3673 4505 3919 2822 4078 701 4521 3255 3705 4087 1112 4169 445 1260 1698 1023 3647 3882 2981 239 1814 3965 2698 1856 453 4323 1998 3376 1261 
3595 3754 3177 3302 4758 2646 4307 2406 921 4234 821 4099 2681 3416 1971 3875 1986 3366 607 710 2956 1436 2541 1758 480 1270 2655 575 4009 287 3210 3858 1773 4613 4295 2886 3107 4451 372 2067 3669 1676 3590 4430 4344 1061 3423 4515 291 536 1950 2961 2803 2497 1682 3641 4040 2910 1853 4215 2508 3414 
3790 1550 4416 781 4603 3785 2186 3014 90 1323 4829 3254 94 3487 2301 4880 286 1369 1576 2569 1705 4551 1613 373 3002 4611 1108 2467 2454 3586 2520 3561 3953 885 1826 4036 4446 2651 2935 1095 3645 195 242 81 1952 2893 1639 4251 41 591 4507 898 628 1748 4540 2837 1913 1430 4011 485 416 891 
2533 33 1148 4048 1121 700 82 2962 422 3136 1131 2762 1022 310 52 4830 4847 2428 4683 4494 1631 2600 879 3455 2429 1566 2220 3581 2216 181 1737 3277 894 3964 3095 2281 4887 820 3165 220 2122 1071 4057 2202 1194 2280 3937 1665 3125 3997 1833 2191 1441 711 4127 527 2775 1942 995 1965 3901 70 
1150 756 4166 269 2524 615 3670 56 3813 3020 3692 3994 2811 1106 2099 3675 3198 4620 78 4698 436 2126 4389 3229 3715 4350 1425 2291 444 529 474 3399 4544 3489 2721 4287 4755 93 685 1812 437 1562 107 3159 725 3513 1138 925 4720 2755 1199 2657 3566 4786 338 4686 1630 1294 3163 3164 1925 3945 
1309 4096 2334 1817 1249 19 1523 1300 1581 4599 3485 3084 2035 2487 2128 889 4339 4189 3041 2422 1729 1841 1602 1861 4574 377 3843 1860 1253 3330 2166 1496 4818 2077 2076 3108 4091 870 4435 4049 1384 4778 1625 1852 3134 2901 3127 3120 4372 2750 954 735 3679 3162 1770 3761 2176 189 3462 2178 2385 1185 
312 44 636 4512 1559 2488 4403 3676 1352 1908 858 4627 790 2048 4718 3672 1493 1714 2870 4314 30 3888 908 1988 1357 246 3914 4133 3063 2693 3103 3954 4285 1836 3453 4193 982 1497 2416 2903 842 3121 1394 296 1749 3297 1266 3280 2311 1290 479 3568 4144 3701 1097 4284 4767 2625 1764 3248 993 1957 
1014 4772 4142 1553 1708 1381 2134 1463 442 3713 2357 3434 7 4007 4017 3563 4132 1059 1442 449 18 2109 1546 218 4380 2307 2534 1711 714 4065 2796 4141 2970 3810 4292 3091 1681 1482 2518 3431 226 4442 406 3442 755 476 978 186 3778 3587 3034 3514 4085 4761 835 4616 2868 905 3685 2835 1507 3109 
2063 663 4436 2716 3291 3961 768 4378 4496 2241 4395 705 2735 3367 3306 3924 3735 2742 2523 4418 2097 4781 4701 4354 4876 2365 580 2876 4841 3327 3837 4533 297 1509 366 3317 986 3809 3939 2297 761 66 3087 4676 1800 1374 1875 2265 2066 1163 4803 4658 1283 4660 1213 3337 4682 3074 447 2684 2855 65 
3508 2653 2587 3806 3459 2374 4833 1933 170 423 1055 4249 4371 214 4331 822 2325 1578 2242 1598 1937 1619 313 3205 2564 3319 953 648 166 933 4008 1762 1461 3866 2005 1004 2674 3916 957 3175 262 1314 3921 4419 4263 2522 4596 1282 3558 4199 4700 987 578 524 2670 4367 4153 1385 1953 3781 2536 932 
3298 50 4110 2057 1854 592 1419 1822 4711 2630 2767 2420 1218 1791 211 3657 3764 3296 4063 1736 2960 2501 1021 2525 752 3910 727 1634 1751 4713 4623 2567 412 1731 1128 1740 3359 559 1699 4867 2075 4197 1188 2 1772 3909 4459 3321 1859 2705 3570 1307 2275 976 252 2638 4088 577 3968 4361 429 916 
3077 2504 3007 3026 2293 1293 2475 3183 1930 3988 4069 4895 2129 1424 4587 4440 3646 2349 3482 3516 1468 4483 3802 1490 4870 4082 4019 3661 3507 1827 407 3370 1722 2231 977 4529 3238 2686 4026 2405 2144 2634 4652 3985 4370 3891 537 2121 288 4046 127 4084 1876 2419 794 4729 3867 1053 3591 3138 34 1587 
10 67
61 38
54 25
1 26
12 33
60 31
40 61
25 15
25 40
49 41
16 38
32 46
32 51
17 23
3 38
17 16
29 19
4 18
61 35
33 40
49 25
0 16
27 54
13 70
39 41
57 69
50 50
4 32
56 78
56 64
21 42
11 49
9 34
53 34
37 48
17 41
11 44
12 4
6 74
0 50
57 8
13 27
41 42
10 50
38 57
8 78
0 8
10 35
20 4
33 52
48 27
56 14
30 20
7 21
59 2
55 55
16 56
55 73
35 62
11 20
8 59
29 4
34 28
32 52
28 76
4 10
52 24
51 23
33 33
60 33
18 10
36 26
53 7
61 48
20 22
28 45
19 30
7 59
55 34
47 21
59 78
14 46
21 2
0 49
54 76
8 67
32 15
32 52
19 1
29 69
25 56
29 11
9 59
17 43
2 22
27 58
48 8
54 32
8 75
15 29
34 15
10 33
45 39
42 45
52 72
7 7
5 32
51 43
40 58
27 70
46 7
10 50
40 30
20 52
8 62
61 35
50 59
10 58
6 11
52 70
51 42
60 4
16 29
4 17
60 71
57 44
44 54
39 65
51 28
56 35
0 4
42 54
28 10
3 71
59 35
2 63
37 39
14 53
9 28
1 72
25 42
57 69
9 77
37 42
34 68
8 65
29 29
34 72
26 2
2 26
42 6
60 32
37 11
49 68
24 43
0 41
49 11
1 48
52 51
58 14
7 28
21 21
9 62
38 13
48 70
14 35
24 34
1 73
12 18
41 72
17 35
10 34
25 78
56 3
18 68
10 73
24 1
6 33
55 39
56 23
32 73
18 26
51 8
42 74
47 32
24 23
39 47
55 2
35 1
19 62
51 7
54 7
7 47
40 52
35 21
14 51
52 36
16 40
55 43
10 2
40 41
24 72
8 42
37 50
46 10
41 21
13 65
13 3
49 36
2 25
59 25
55 19
6 43
61 17
56 12
1 4
11 42
19 58
59 69
58 48
49 2
36 8
60 2
45 53
31 52
26 9
20 3
36 49
59 4
7 75
22 11
52 67
37 64
51 14
4 34
10 42
18 21
11 36
39 56
0 39
26 36
16 38
54 73
61 34
2 18
43 73
6 11
57 20
8 47
37 5
30 52
37 64
2 50
46 40
26 52
60 11
5 60
48 21
48 7
1 61
4 51
45 31
34 51
32 54
4 69
36 30
56 78
3 58
25 63
24 43
40 59
22 1
13 30
43 76
33 52
33 7
27 13
25 59
14 11
20 58
59 61
9 3
30 13
50 10
25 78
48 35
18 56
7 23
50 15
21 15
47 68
11 42
23 74
48 49
26 28
41 71
9 76
32 37
25 64
56 77
16 23
8 19
30 11
21 76
10 49
34 70
24 71
53 3
59 59
35 75
16 6
42 76
45 40
4 73
19 38
18 7
49 66
21 76
31 9
6 65
58 18
2 29
54 19
37 28
55 51
59 8
10 44
21 72
43 25
23 44
5 2
60 60
55 22
14 62
21 13
9 14
1 28
9 14
30 11
2 30
21 42
2 1
31 55
44 22
13 67
44 9
28 27
4 55
5 36
14 42
55 8
2 39
21 57
11 44
1 29
19 67
30 41
54 34
28 10
28 72
28 58
20 65
17 10
37 16
40 9
36 76
37 64
5 75
5 61
53 4
22 77
21 78
40 19
43 44
21 4
60 17
60 62
56 1
8 14
10 23
61 1
16 44
40 15
54 1
26 68
19 22
56 76
45 3
33 11
14 40
6 19
30 6
11 9
38 24
13 13
54 62
13 39
56 55
4 28
11 8
23 43
36 30
16 67
39 24
53 14
20 4
33 61
10 77
45 44
0 65
21 22
49 55
14 59
11 42
17 63
38 4
1 21
36 3
18 14
17 26
30 58
0 55
34 2
25 64
30 71
9 46
2 57
49 49
40 46
58 40
29 76
46 25
58 45
32 44
57 59
39 45
8 64
46 25
47 15
33 63
6 0
28 45
52 61
20 55
30 12
38 39
2 42
3 10
34 49
13 56
12 49
1 8
24 62
13 77
40 8
13 0
11 77
28 57
53 41
35 28
47 54
20 37
33 35
6 54
32 48
18 1
14 50
52 55
46 11
39 68
52 47
11 44
8 15
23 61
16 16
34 75
41 10
23 1
50 0
7 63
55 49
9 18
12 63
30 19
3 67
19 71
15 45
19 23
32 46
20 60
8 15
31 68
1 40
21 61
57 29
21 35
49 39
56 14
2 29
61 17
9 68
49 10
16 67
19 7
24 41
7 51
52 42
26 17
29 44
32 34
25 44
21 46
47 31
36 70
25 22
21 20
24 48
0 53
16 57
36 11
22 23
3 77
53 47
12 40
28 24
10 71
54 39
37 12
20 74
11 37
0 32
42 63
53 41
27 3
10 1
49 9
19 47
8 74
43 54
3 68
2 36
48 61
16 38
33 15
42 29
36 32
13 78
14 41
26 29
15 34
21 44
59 11
1 11
11 2
37 4
18 19
33 8
17 61
46 18
33 65
26 65
21 72
12 23
51 9
23 45
25 1
54 16
39 36
47 2
35 3
53 71
2 47
1 63
30 5
55 77
32 35
1 19
30 37
2 74
13 59
49 65
37 63
8 11
50 15
43 36
44 54
44 11
55 48
46 72
19 61
57 29
60 29
5 68
36 38
27 18
23 0
39 55
60 22
33 23
11 17
10 10
2 38
19 14
1 33
22 70
34 38
20 76
31 19
0 29
23 14
18 60
56 58
61 24
10 29
29 28
51 13
53 31
54 9
46 39
60 13
37 54
17 34
39 11
21 32
51 69
18 65
58 13
40 47
54 26
11 28
10 50
9 51
37 76
15 39
39 72
42 1
18 3
33 28
54 29
28 48
25 44
47 7
8 49
34 14
55 38
54 70
29 2
12 14
47 7
42 51
43 30
55 66
11 69
15 54
1 26
15 71
59 17
14 64
50 7
29 26
40 34
51 65
43 36
20 8
33 0
24 24
12 44
46 11
47 44
3 47
46 23
28 38
51 18
31 26
1 15
27 50
16 49
8 44
57 39
31 28
3 57
46 47
12 24
18 39
59 35
1 41
28 32
46 31
6 6
1 78
36 60
29 54
2 56
58 36
44 52
27 9
61 28
61 44
15 53
7 10
12 16
15 2
21 60
23 62
9 73
15 6
37 37
41 34
33 4
7 56
9 45
48 61
6 76
17 39
17 58
33 20
40 58
38 15
43 28
21 29
26 68
37 2
13 36
15 0
28 35
2 57
12 1
28 9
54 18
20 74
21 15
38 29
1 6
34 23
28 41
26 5
21 76
42 75
37 38
55 72
39 48
29 50
26 17
21 77
37 66
33 54
0 41
55 56
44 42
41 41
42 16
49 18
31 39
34 23
14 41
30 4
54 60
7 51
58 28
33 59
29 14
32 78
47 46
56 36
51 16
31 18
6 67
28 76
8 62
61 18
45 10
28 37
46 40
37 74
16 46
48 14
47 41
14 77
17 73
56 12
55 41
53 25
17 28
22 21
22 7
35 7
60 39
39 46
41 66
2 28
59 71
1 4
31 37
44 42
5 8
50 21
54 74
17 77
43 0
36 68
27 10
48 40
25 20
22 33
54 25
23 66
22 78
61 68
23 39
9 64
25 18
56 44
43 32
47 35
44 18
23 21
11 38
32 40
42 31
3 58
28 61
56 52
26 7
40 28
35 39
61 1
51 73
11 48
54 17
26 1
40 49
30 76
2 8
16 55
39 17
49 12
39 13
1 72
46 64
61 33
9 4
57 40
53 33
9 48
53 53
54 63
52 0
2 37
12 64
30 63
61 42
9 62
44 74
36 42
34 60
47 53
3 39
10 40
26 69
22 56
12 48
47 50
52 8
13 9
46 50
22 41
37 38
48 51
17 49
52 21
26 47
26 64
57 20
9 61
16 11
26 7
9 1
9 24
52 68
38 52
45 31
9 50
4 26
33 59
60 27
21 23
53 5
34 45
20 58
21 39
1 43
60 53
11 70
5 71
31 30
59 71
40 18
11 69
61 1
31 71
18 44
48 45
16 45
5 77
30 27
59 50
16 6
1 70
43 10
56 22
12 24
30 7
14 15
7 62
53 2
39 32
51 50
25 56
48 8
17 44
12 17
48 5
12 55
2 77
40 18
60 30
61 41
0 46
8 45
3 52
31 11
36 58
36 77
37 36
2 16
8 59
51 11
44 73
18 62
55 26
52 37
13 24
27 25
55 36
40 67
15 72
20 5
25 0
37 17
23 54
6 25
12 18
17 16
25 4
59 73
3 26
10 6
57 10
6 20
31 23
61 61
38 15
12 3
4 71
0 69
52 26
1 66
20 45
21 77
40 62
58 35
25 64
39 74
44 76
28 46
46 74
50 66
12 0
29 43
48 64
40 56
48 37
34 71
26 56
25 25
51 77
42 35
49 11
54 2
26 24
36 54
55 76
30 36
13 73
48 57
29 45
23 37
21 29
45 74
3 46
38 6
56 45
16 29
26 19
9 77
56 21
39 63
19 53
36 73
7 41
53 17
44 16
58 41
9 62
4 69
14 3
21 10
11 23
0 50
31 57
49 11
14 43
43 43
54 5
57 41
49 17
22 44
47 20
18 77
58 45
1 59
9 20
4 31
31 24
0 32
18 28
40 47
16 78
16 42
33 78
42 2
21 43
60 25
30 17
0 0
21 9
61 46
50 70
45 44
45 60
35 5
38 74
26 3
32 18
43 41
13 25
61 61
43 72
41 33
1 20
51 20
44 32
42 34
27 75
32 22
35 28
31 26
3 56
11 9
22 39
23 66
39 65
46 3
24 40
5 57
47 28
45 65
29 18
35 56
8 62
49 58
3 66
39 3
41 57
36 31
1 64
31 59
47 30
5 48
61 32
35 7
35 42
51 20
3 70
43 64
23 71
25 75
27 36
51 26
33 23
0 5
58 9
44 30
61 2
3 19
27 36
18 48
55 42
32 38
39 68
8 33
16 31
58 20
43 75
31 61
54 78
61 18
52 74
46 13
7 75
59 0
50 70
21 46
0 65
6 72
7 49
57 16
35 47
4 52
36 75
49 22
14 22
31 41
42 76
16 13
56 46
14 30
44 30
7 33
17 13
31 56
30 7
45 18
26 5
44 72
25 60
27 73
61 51
60 3
36 45
43 75
18 34
5 30
2 62
27 17
0 19
26 63
38 21
19 36
9 25
43 57
9 63
2 64
35 33
29 32
2 10
55 17
53 12
58 44
50 33
53 1
40 4
42 75
25 26
51 31
34 70
24 67
42 76
61 36
41 33
23 66
25 3
58 57
3 0
23 2
45 53
38 36
17 3
6 21
37 60
15 30
46 65
41 6
54 33
32 73
32 53
21 37
28 43
19 65
15 30
7 9
43 21
1 73
24 52
13 52
29 18
54 77
61 1
49 1
11 18
53 77
27 78
54 12
30 36
48 61
43 10
58 47
35 29
16 44
33 33
4 53
41 55
34 72
46 64
48 33
19 1
56 8
41 75
30 33
2 53
2 63
61 13
6 0
34 64
11 56
50 49
61 6
9 7
57 2
2 27
44 31
8 27
42 33
56 62
20 36
46 52
16 75
4 11
11 27
27 36
3 39
48 4
41 73
12 46
8 55
28 6
31 70
2 41
3 14
34 23
44 31
44 22
61 50
10 33
4 45
29 27
45 59
36 78
23 42
5 0
29 32
41 50
11 73
36 37
15 21
32 74
6 71
16 44
24 35
59 6
59 55
57 10
30 57
26 38
59 41
25 70
42 53
9 14
26 34
39 40
3 35
4 9
53 70
3 13
37 16
31 14
7 62
54 77
23 55
58 14
45 54
12 78
48 61
60 28
61 25
51 72
38 49
17 62
11 28
23 24
49 65
35 73
0 40
0 7
54 40
49 46
17 60
41 9
42 50
1 0
40 66
7 3
2 48
27 68
53 48
7 14
11 7
0 74
8 14
9 60
44 70
55 75
47 55
48 61
27 53
33 39
29 12
29 37
3 42
39 41
5 28
19 55
8 29
7 55
44 64
58 38
32 30
23 54
60 29
53 52
60 72
42 54
42 53
17 10
0 21
40 22
13 11
28 30
61 68
58 12
50 54
28 73
39 49
12 51
6 78
54 6
45 38
40 44
26 43
28 73
35 37
17 21
24 49
35 42
8 2
29 4
12 20
59 12
19 57
24 44
55 20
47 65
16 74
57 70
24 60
52 3
13 45
26 28
58 6
50 47
47 46
32 74
17 47
54 10
53 68
55 1
23 7
46 39
18 63
32 57
9 14
2 20
20 25
16 3
49 67
34 36
7 6
15 5
33 5
11 49
40 18
3 37
53 25
9 0
13 55
54 38
41 20
32 24
28 53
2 58
28 3
40 46
54 37
46 23
14 68
16 54
2 78
17 26
3 35
61 7
14 45
25 40
22 53
55 49
41 18
15 77
18 53
53 2
17 71
30 65
21 36
36 74
21 25
41 42
38 34
2 34
4 6
34 29
18 11
7 73
39 6
10 25
54 35
29 68
26 37
7 4
16 70
10 12
42 22
2 25
40 17
3 11
3 26
19 42
60 73
8 20
38 78
48 33
10 61
44 26
25 51
1 48
20 11
33 15
9 43
9 40
29 50
42 6
14 18
6 2
24 58
46 16
7 3
24 47
48 45
38 23
6 20
51 42
12 58
41 28
11 23
2 70
15 67
4 76
6 22
48 65
17 67
47 27
56 46
52 48
15 46
40 64
27 72
7 49
45 16
53 0
29 17
61 54
20 64
58 70
20 17
52 29
43 24
2 68
14 13
40 21
27 43
25 2
6 66
19 4
59 45
3 71
37 65
41 72
23 67
12 12
18 45
42 56
28 63
12 15
2 2
46 46
46 44
58 10
41 56
9 39
33 65
5 49
8 78
44 37
52 54
19 61
41 45
55 16
58 70
41 50
55 58
59 39
57 12
41 18
23 34
59 68
29 10
5 22
6 72
52 10
55 70
4 26
19 56
49 13
22 52
40 26
8 50
6 61
54 3
39 72
59 52
49 58
61 10
57 22
22 47
29 66
48 27
38 42
26 13
30 16
38 0
11 26
47 26
6 34
43 14
55 71
22 72
39 26
47 1
19 65
54 65
57 55
47 41
45 38
45 22
45 23
45 9
32 73
42 71
30 66
47 17
41 13
28 49
16 41
43 6
58 59
39 59
53 43
22 19
20 65
30 48
61 36
30 49
32 38
36 60
50 23
32 13
32 50
34 12
48 65
21 29
36 42
14 30
25 41
59 3
29 16
60 48
8 69
2 58
32 47
54 27
42 23
39 41
2 36
24 8
58 18
58 56
26 24
50 5
7 44
17 34
44 64
44 30
49 60
55 73
55 20
17 39
36 1
4 42
5 28
23 31
7 5
7 53
44 45
52 37
43 1
43 43
28 43
39 47
7 60
57 50
36 23
2 52
59 36
42 16
17 73
27 37
2 19
0 29
32 19
22 48
30 2
6 45
60 0
38 14
43 66
19 19
1 30
50 3
3 78
23 27
29 71
27 64
51 76
58 16
8 48
25 43
36 9
61 60
47 59
5 10
46 76
56 49
34 6
13 8
61 9
34 58
49 7
17 61
3 4
11 60
50 6
61 7
18 55
16 35
17 77
23 65
0 27
21 39
58 14
46 16
53 15
54 75
12 7
50 7
31 34
55 7
8 70
4 5
55 19
49 26
23 19
16 58
1 35
41 71
53 73
48 52
1 24
13 41
50 36
57 2
51 25
39 61
22 55
54 42
41 12
30 66
47 64
46 12
29 40
59 50
23 71
10 48
28 21
6 44
36 55
40 36
14 26
48 57
4 53
15 65
27 34
16 54
13 32
23 31
55 25
16 69
32 8
45 38
16 36
32 59
2 27
49 8
11 26
40 21
41 11
10 59
46 6
41 21
29 32
32 49
19 22
52 46
22 16
20 38
23 49
11 47
25 53
13 50
9 23
18 58
42 25
38 66
32 62
48 32
29 65
51 52
35 71
58 45
22 68
41 8
31 17
37 5
33 3
12 31
28 16
38 48
56 25
56 48
27 47
24 41
27 7
15 27
54 63
22 72
46 22
5 51
31 2
32 61
40 26
3 14
1 48
18 71
60 32
59 22
2 67
23 27
32 50
26 22
48 60
58 56
2 53
35 49
37 16
55 27
55 38
8 18
0 56
12 36
17 34
5 29
42 10
24 74
20 7
1 60
31 51
51 67
29 17
8 49
45 69
54 18
41 55
57 5
30 72
49 0
10 16
53 34
8 42
13 65
37 10
60 27
32 41
34 60
38 74
7 40
55 47
13 55
14 71
32 2
26 62
43 18
50 32
2 76
42 47
15 44
53 30
36 2
5 74
8 4
26 66
11 28
44 76
19 9
13 22
55 34
13 34
30 78
22 67
13 77
25 3
27 42
45 72
1 15
14 8
34 20
49 49
48 65
17 54
29 43
12 4
13 11
37 13
32 25
23 76
8 61
21 74
15 65
39 54
40 11
4 21
28 74
61 31
27 24
13 44
7 19
2 20
51 17
44 48
17 35
11 60
16 42
49 2
16 33
47 29
9 48
2 72
13 3
56 7
44 5
45 44
4 31
47 72
59 31
53 5
8 34
14 57
22 25
37 48
13 61
28 3
27 23
31 39
30 34
39 34
14 20
7 29
22 10
60 23
60 20
28 26
35 29
34 40
28 32
14 3
17 53
61 8
38 31
8 44
0 28
40 44
3 74
17 1
31 13
42 24
26 41
8 4
9 65
55 32
51 23
54 42
5 42
12 16
47 46
61 23
50 10
27 24
45 62
41 33
53 45
14 60
56 54
8 8
43 39
59 18
7 43
22 58
36 41
6 27
57 61
36 6
25 61
60 18
16 35
8 29
44 2
37 56
34 34
20 50
17 60
56 61
18 12
53 55
38 26
5 49
61 35
13 46
53 68
55 4
7 10
46 11
58 76
2 33
2 40
10 24
60 55
1 18
40 10
57 44
20 33
55 60
14 22
9 4
54 14
48 12
19 33
17 75
60 61
47 33
20 30
49 73
20 51
31 65
48 6
49 47
57 41
60 16
24 69
33 3
7 16
15 35
54 57
48 9
29 50
51 24
15 62
22 76
23 67
9 45
26 76
54 56
3 56
53 6
56 56
44 12
31 48
43 56
36 61
44 34
48 55
54 9
21 57
46 3
19 14
18 59
61 38
38 69
25 28
51 75
5 42
52 39
1 41
13 12
47 9
49 53
1 16
17 70
0 63
30 13
17 60
18 61
20 68
38 65
3 76
32 41
33 25
0 23
60 53
58 35
48 29
11 48
42 57
38 39
3 1
58 3
54 75
44 28
21 22
18 78
21 16
6 70
1 56
44 22
37 25
26 53
35 28
25 5
59 36
59 47
42 44
38 6
35 13
47 11
0 43
13 24
0 27
47 58
23 61
55 39
58 45
50 71
3 9
52 31
6 46
45 67
58 8
51 20
59 67
41 3
14 24
61 58
53 14
38 66
35 5
28 64
21 24
0 44
22 53
33 77
11 76
44 68
46 1
38 20
48 12
35 38
44 25
34 47
5 52
35 50
53 45
14 8
60 45
58 57
58 17
56 41
52 20
49 1
26 65
55 29
57 56
41 62
40 56
52 47
52 7
57 40
13 30
49 24
39 2
49 78
30 35
41 66
25 78
57 62
13 17
12 11
49 7
14 65
45 1
2 65
26 75
60 60
5 32
0 73
13 73
33 20
15 73
25 29
15 10
54 75
54 75
4 78
7 33
36 4
50 74
25 22
3 21
49 60
50 22
59 57
18 31
31 51
27 54
23 14
17 60
9 45
59 8
42 29
45 40
14 55
20 46
49 53
52 52
44 63
57 8
29 39
8 10
1 5
48 25
12 67
54 52
44 33
6 3
1 78
54 44
26 17
4 1
15 2
61 67
34 29
9 53
36 62
38 58
12 27
59 37
50 67
8 48
57 23
2 53
54 9
24 20
48 1
34 9
0 77
46 32
19 39
4 7
47 55
6 13
29 18
16 21
13 47
8 44
43 29
47 66
52 48
15 43
16 37
5 14
5 77
34 46
61 75
56 11
21 40
28 59
58 78
61 21
6 23
27 29
40 42
19 38
27 58
30 6
55 8
3 65
53 75
25 48
42 41
27 35
27 65
1 44
44 20
46 30
10 71
30 18
4 15
50 15
15 30
10 19
58 64
52 15
23 55
40 58
48 50
11 65
50 44
13 8
48 55
58 5
1 23
33 1
42 78
56 70
43 16
7 75
12 23
18 64
34 65
45 34
30 0
5 17
29 21
16 71
6 24
9 2
35 24
44 66
3 8
13 3
43 77
14 26
8 39
12 53
60 47
9 43
33 66
57 12
24 68
25 7
12 63
53 35
53 13
56 60
17 14
12 62
16 38
61 44
33 71
52 64
3 8
27 23
43 26
49 28
48 31
40 60
19 21
3 2
59 41
38 15
41 50
4 48
27 57
18 33
17 12
44 62
20 74
1 46
58 37
17 2
5 34
58 0
39 18
56 67
6 54
1 7
18 35
16 63
11 10
38 68
49 63
9 24
1 10
27 78
10 19
29 10
19 0
42 39
50 38
37 77
51 16
11 20
59 38
47 71
40 69
59 35
39 43
36 48
57 46
25 35
8 46
7 72
51 64
21 19
13 23
9 21
9 41
18 35
8 64
22 30
33 10
57 70
44 73
52 34
6 11
29 71
39 62
38 60
1 59
31 68
16 46
21 50
43 24
30 57
16 46
36 20
17 15
16 52
15 41
42 42
37 14
18 55
18 31
36 0
16 29
48 65
28 2
27 65
15 54
19 34
38 44
12 19
26 55
38 65
20 40
2 65
58 57
26 61
21 61
41 64
31 15
10 27
32 19
33 7
11 60
25 1
22 53
24 51
1 68
15 27
38 50
52 17
59 36
19 19
5 75
25 43
61 74
16 24
48 55
25 16
16 56
53 42
51 45
20 48
1 1
10 58
1 45
17 33
11 41
55 30
28 60
22 75
42 28
30 66
54 50
8 8
56 33
46 38
48 18
60 3
38 52
42 31
36 22
7 71
14 4
32 2
18 31
23 48
54 25
5 63
27 6
1 43
22 44
37 71
23 49
0 29
13 28
33 36
5 57
20 10
49 4
41 76
1 38
43 58
42 58
53 22
45 10
27 67
52 43
1 28
43 71
19 2
25 8
51 5
8 43
51 68
5 59
49 33
25 27
15 42
31 37
47 34
55 34
47 26
46 49
20 50
37 12
4 63
48 3
28 47
2 7
60 27
10 18
54 18
10 56
34 48
53 9
35 41
59 10
59 33
58 0
20 36
4 42
20 78
8 63
14 26
9 41
40 25
20 42
47 14
43 18
15 10
46 25
20 47
49 41
22 0
27 70
39 1
44 55
52 49
32 63
10 18
49 54
55 30
14 53
58 28
47 35
35 41
24 71
33 68
18 6
9 64
52 56
13 65
3 75
61 53
49 23
33 30
30 9
51 70
56 59
9 17
41 43
33 37
51 58
30 21
31 0
54 76
13 27
45 21
17 31
16 56
35 17
55 11
56 28
46 57
20 10
2 4
18 76
19 43
31 60
27 71
58 58
20 32
15 68
12 57
25 59
49 66
56 0
17 20
15 75
28 66
1 11
22 20
43 17
37 59
9 29
58 18
12 44
13 77
11 30
2 8
39 69
45 43
5 54
28 39
23 70
5 59
25 46
55 39
20 56
60 40
34 27
27 72
41 22
1 41
45 54
60 52
36 28
38 0
40 37
45 74
46 37
8 52
0 59
30 2
60 22
33 37
43 6
41 11
14 48
53 10
24 29
3 47
48 71
48 31
54 47
43 48
40 71
48 22
25 61
53 63
23 62
23 29
25 56
53 75
61 77
31 6
30 36
32 47
13 17
42 4
46 10
55 68
32 5
17 23
32 43
28 44
39 0
56 5
21 76
32 27
3 15
51 9
35 42
1 51
43 41
47 42
56 29
57 16
45 17
15 29
52 72
13 58
3 50
22 4
41 5
39 29
8 69
44 53
44 25
33 48
27 15
28 31
2 36
18 64
53 16
51 1
14 2
52 73
27 30
15 13
32 29
9 78
20 77
8 3
47 27
38 32
21 66
26 4
28 57
61 33
42 39
45 54
60 26
17 75
42 11
42 18
51 33
38 2
50 51
36 2
60 65
52 27
51 68
11 8
41 33
21 39
19 7
41 51
59 57
5 17
56 11
29 77
49 27
23 41
31 68
10 60
3 73
0 72
27 5
44 58
4 23
37 37
12 11
33 53
21 9
59 14
35 41
23 28
58 65
12 12
19 70
10 42
6 22
43 26
1 73
61 46
54 69
38 26
2 40
35 53
51 4
18 62
57 53
47 78
14 24
23 29
24 0
42 41
46 41
47 40
47 70
0 4
44 41
43 42
46 66
47 2
48 70
27 34
44 28
8 56
51 64
41 40
9 57
24 12
46 77
11 17
0 68
33 59
32 5
15 62
3 33
12 28
55 31
59 10
53 44
55 6
29 77
26 14
29 71
46 45
13 20
19 56
49 76
4 27
58 71
0 10
26 41
11 64
44 27
10 15
9 55
44 64
29 57
36 26
35 6
39 44
46 12
38 9
10 48
56 47
45 70
51 0
6 30
56 45
47 35
20 59
36 57
4 28
27 7
47 62
57 75
37 7
54 31
21 65
12 27
55 78
20 66
43 62
43 29
59 30
35 15
40 47
49 76
19 66
35 17
26 72
30 13
12 72
45 75
54 21
54 68
53 68
4 20
1 51
36 38
15 66
50 39
56 8
2 6
21 18
24 39
33 66
36 63
54 7
1 37
21 69
46 71
20 56
48 24
54 42
15 45
61 19
49 38
56 27
60 42
16 76
15 14
39 9
40 78
59 58
7 49
42 35
33 42
26 32
26 27
7 77
5 7
51 2
6 65
38 54
48 61
15 46
46 10
27 26
0 11
33 53
37 76
25 26
5 23
51 49
45 18
61 42
31 3
53 27
28 18
57 16
24 66
11 22
39 41
58 45
28 14
46 67
59 30
2 74
16 25
38 45
51 25
4 23
49 35
27 41
16 27
2 32
27 54
22 41
0 6
3 31
41 67
21 7
44 7
3 1
28 64
45 59
11 5
45 37
9 27
40 53
55 11
59 58
54 39
23 6
11 11
17 52
54 13
60 71
51 0
31 71
26 14
55 77
29 39
47 26
17 66
53 3
42 41
60 67
60 39
38 75
7 30
19 66
53 25
24 14
20 8
59 63
11 23
61 19
54 17
49 43
35 66
32 76
47 36
7 75
2 69
24 52
28 35
10 34
25 73
27 40
38 70
20 51
13 66
21 39
46 49
7 58
55 20
18 58
10 48
50 13
18 53
9 35
10 21
34 46
38 31
19 13
42 8
51 42
61 17
43 39
43 46
28 42
24 27
55 42
48 59
59 29
14 10
22 25
0 31
15 41
56 28
42 9
13 1
37 17
6 75
39 51
29 4
20 51
55 41
8 26
47 9
38 11
55 7
26 44
58 59
33 74
42 42
11 43
20 25
38 34
47 13
30 77
35 49
16 3
40 2
11 49
3 14
25 2
39 56
15 47
58 5
26 56
25 69
14 18
12 75
10 21
51 14
37 39
33 62
19 22
26 58
32 0
3 42
31 59
29 44
45 48
18 32
41 30
36 3
33 48
30 42
28 36
22 42
55 60
18 75
25 29
24 34
52 7
52 75
53 23
54 34
31 38
1 54
52 51
31 78
20 64
38 53
19 46
39 28
28 1
2 70
49 52
61 48
24 66
58 9
6 27
52 58
55 31
47 64
56 25
29 19
7 6
53 3
38 17
42 45
3 59
19 70
8 35
14 52
35 46
24 60
20 78
40 17
11 58
0 1
8 63
22 53
23 70
36 65
36 16
33 29
23 30
46 7
24 36
35 21
22 35
53 74
5 36
31 2
49 75
5 66
24 40
52 60
2 35
1 31
21 36
58 71
58 5
23 44
60 29
7 12
8 26
23 36
21 76
51 27
2 48
11 13
41 71
43 37
43 21
54 62
33 27
20 4
51 37
0 70
45 16
51 72
13 53
32 15
17 32
9 68
15 42
61 12
59 62
60 31
19 1
48 22
33 46
31 2
38 12
61 16
1 55
45 77
57 14
21 66
16 74
41 67
9 47
46 36
12 70
5 68
49 31
29 78
18 17
20 43
33 24
25 32
56 52
55 18
18 66
36 32
37 25
57 2
60 5
49 41
52 41
50 15
47 53
5 31
1 4
10 68
6 12
46 20
44 50
33 59
21 40
48 55
6 45
15 71
49 19
19 19
12 39
15 16
38 49
1 27
50 39
6 15
26 24
29 2
18 76
39 5
28 66
54 57
14 21
56 20
38 1
18 27
29 26
23 1
17 2
55 32
33 29
31 47
51 70
50 13
23 2
5 25
17 40
54 61
5 19
10 62
50 31
45 28
53 9
14 19
44 64
50 15
49 15
7 1
8 70
5 73
0 6
55 61
41 13
27 56
10 56
54 13
28 60
21 14
36 41
30 32
5 59
34 15
61 62
27 41
1 57
60 53
34 32
0 25
54 62
48 26
46 66
18 78
45 18
31 66
2 14
47 34
43 14
3 24
5 67
1 10
9 26
0 50
61 76
36 57
30 45
54 42
28 67
3 4
2 39
14 40
21 11
45 2
32 41
9 38
17 47
6 45
31 71
30 71
32 68
59 75
9 25
48 15
18 1
19 66
13 38
49 9
34 38
37 23
49 78
50 34
34 35
12 18
28 21
13 30
41 44
56 16
18 38
39 68
60 54
23 64
52 35
42 31
59 46
1 53
9 20
22 13
30 9
9 53
38 41
1 77
5 57
50 13
7 14
45 10
6 55
53 26
24 30
14 6
21 3
19 50
1 54
31 33
15 68
24 30
58 62
5 46
46 29
59 61
47 38
60 6
7 74
14 16
23 73
43 42
2 29
50 64
7 55
52 16
52 47
55 58
45 21
60 77
13 60
54 74
51 22
31 62
41 76
56 13
7 36
52 60
33 35
35 27
0 46
4 29
59 44
5 74
18 17
31 24
34 6
52 35
21 14
26 66
20 60
25 8
50 3
35 31
32 5
60 12
53 28
8 57
23 38
19 59
34 53
15 56
10 67
13 70
12 41
21 37
8 4
17 20
37 47
20 73
38 47
19 28
61 5
7 72
4 70
45 16
19 14
57 41
25 68
50 2
49 22
39 58
42 11
7 16
28 68
40 59
19 8
42 76
24 53
24 15
34 44
24 20
36 51
23 51
39 48
25 27
24 44
17 28
15 43
17 65
1 73
60 53
53 71
23 31
21 50
39 52
18 24
1 58
10 32
8 3
40 21
58 9
34 28
31 3
49 43
53 47
52 53
53 2
46 60
52 66
15 5
29 22
2 5
13 28
26 61
57 49
50 51
1 71
45 59
29 0
45 28
54 53
28 38
10 10
14 17
61 32
21 10
29 62
27 15
15 31
38 18
15 11
30 56
28 59
61 7
60 10
43 76
37 3
38 73
52 12
37 62
13 46
21 8
23 74
11 62
35 78
51 25
50 58
58 10
41 53
8 3
13 69
27 57
45 57
61 48
4 66
32 39
57 42
53 11
10 44
6 17
55 54
49 11
57 69
45 49
10 57
31 17
54 46
16 65
2 73
45 49
9 46
49 74
55 77
12 12
8 31
32 58
54 50
24 28
36 23
9 16
2 30
52 65
16 1
20 60
47 37
5 68
0 12
45 53
29 62
13 69
18 38
10 11
26 46
49 30
17 15
47 29
42 28
0 71
39 17
13 48
17 5
16 17
59 65
51 46
19 70
42 25
46 63
10 12
26 43
34 65
33 44
37 13
51 25
29 39
38 56
29 64
33 35
19 21
7 3
59 0
15 8
55 18
19 31
15 65
55 31
54 17
61 52
1 76
11 0
9 25
59 68
45 13
52 1
10 60
12 71
13 24
20 10
7 78
47 16
39 2
60 24
31 22
14 21
27 5
49 70
24 0
5 60
53 70
19 24
1 37
56 11
12 9
5 45
4 19
45 41
60 49
10 17
45 2
52 38
17 9
21 25
60 66
56 55
53 18
22 33
25 60
17 34
25 40
27 78
29 19
22 26
54 3
27 21
14 44
17 24
5 27
61 36
37 52
0 9
25 24
27 46
32 20
47 71
17 51
2 2
57 43
15 40
0 6
9 53
29 39
23 1
57 40
0 42
61 26
16 37
31 52
39 67
44 72
1 59
4 12
45 21
4 41
27 28
38 22
49 74
50 47
60 41
28 75
36 14
54 29
59 60
5 49
44 27
58 17
32 0
0 36
51 18
46 16
54 26
3 59
6 29
29 28
33 42
10 71
50 46
7 25
47 23
35 34
39 59
37 3
49 25
54 30
10 59
20 3
0 38
56 63
41 71
7 21
45 75
13 2
34 25
21 45
29 27
20 75
14 65
19 52
57 36
59 48
4 38
42 2
38 50
21 25
32 17
49 18
55 15
16 22
39 51
17 49
8 13
15 44
15 20
38 71
45 73
61 3
24 23
57 32
19 52
4 57
48 49
24 50
9 39
50 74
37 65
31 26
48 0
56 31
52 72
5 45
16 57
35 50
5 44
11 51
25 37
39 25
9 72
17 41
46 76
59 44
19 47
1 52
25 14
0 33
5 6
28 15
9 72
32 49
5 16
45 29
44 61
11 50
23 3
27 53
31 50
17 62
1 63
55 0
29 6
7 48
25 39
52 57
9 71
1 39
61 38
56 25
45 18
24 60
52 52
56 6
28 73
39 8
16 6
35 47
34 53
35 30
41 0
55 34
5 77
61 21
41 42
24 42
46 22
59 77
38 66
49 15
49 30
42 9
16 10
2 58
28 30
43 61
30 11
39 71
14 27
52 1
31 59
40 39
10 12
8 9
37 24
33 67
58 64
58 74
54 68
24 23
14 35
18 74
35 62
9 34
41 23
26 41
34 8
10 25
9 20
18 36
39 62
59 38
40 5
14 14
20 42
5 67
19 41
13 67
31 31
5 2
11 66
38 65
19 18
47 31
17 0
51 60
59 22
14 36
38 71
21 35
23 4
12 68
61 59
52 37
8 39
33 30
47 32
30 1
45 78
0 66
56 38
19 61
44 71
33 64
38 25
33 38
20 27
23 53
12 75
28 34
41 5
41 53
61 33
33 50
5 45
1 52
17 67
7 78
1 65
4 61
21 16
59 25
33 28
17 1
17 63
8 50
35 53
12 6
53 49
11 69
59 66
37 10
20 27
60 66
45 45
40 20
34 50
21 26
57 6
53 43
59 9
55 33
55 50
49 31
44 19
15 64
17 16
14 50
14 23
56 21
34 2
46 24
47 30
1 35
23 37
46 46
12 75
28 34
14 71
57 60
7 23
8 0
54 66
18 73
41 22
4 52
51 8
23 12
12 26
35 64
35 46
11 61
37 35
26 12
60 11
0 69
29 48
21 48
30 30
48 29
33 43
40 19
17 62
13 49
59 45
60 59
20 59
3 67
32 67
28 22
29 3
13 22
44 3
25 41
15 37
12 25
30 9
7 71
20 55
8 66
28 48
29 54
12 16
58 37
20 19
49 4
55 77
42 76
57 66
11 6
19 64
16 59
58 41
4 54
29 45
48 73
8 17
53 44
38 78
21 72
7 54
9 46
14 76
12 5
33 55
60 55
30 17
46 55
18 4
13 39
30 64
47 50
21 34
37 6
47 2
61 7
0 63
10 41
22 57
43 67
59 20
4 45
47 57
15 25
50 35
46 70
37 28
34 53
9 68
0 7
20 52
45 31
15 28
13 73
4 38
58 70
51 44
11 19
37 17
5 27
17 61
10 7
60 72
38 21
30 48
5 58
39 19
21 4
33 2
52 64
48 69
57 29
40 68
17 14
20 37
15 13
37 37
30 52
49 50
58 13
30 23
30 42
24 57
20 64
24 62
44 31
17 62
59 30
46 60
54 56
54 56
44 75
41 54
19 45
14 48
28 51
49 10
38 4
33 43
51 47
5 25
46 31
37 34
3 31
7 43
5 4
51 0
44 78
47 30
2 70
1 70
8 6
43 63
11 61
18 3
32 64
4 36
3 7
42 64
61 29
16 45
20 59
11 68
16 47
38 20
42 6
53 64
5 45
20 10
40 62
10 4
17 32
9 33
44 31
18 55
52 65
32 42
38 13
45 66
43 17
16 32
26 58
27 22
51 5
16 12
30 45
45 37
8 34
5 47
8 5
24 2
15 68
38 56
12 43
3 78
27 28
1 70
49 42
35 42
37 36
20 11
25 2
53 62
17 36
55 62
20 54
39 45
35 30
28 40
30 1
53 51
32 37
22 5
54 61
21 24
49 53
2 38
34 72
55 5
37 73
54 25
7 17
58 17
7 12
49 23
28 77
14 36
7 4
56 23
59 53
23 74
39 13
4 5
30 1
54 26
16 10
58 13
26 2
56 72
36 7
30 71
53 49
23 36
20 26
6 49
22 24
41 15
50 26
23 60
28 47
25 63
34 7
60 9
59 67
19 75
37 29
5 63
61 68
58 66
49 2
13 68
9 65
50 5
26 68
56 46
6 60
56 42
23 39
52 3
37 33
14 43
49 23
46 32
22 41
57 57
41 52
53 54
36 35
16 50
59 36
32 6
46 59
53 48
10 49
12 3
33 77
7 58
12 52
10 41
38 63
13 45
24 64
56 75
9 29
4 19
37 18
4 36
43 15
21 26
10 70
37 10
35 15
17 26
16 28
14 21
30 15
30 23
7 33
39 24
47 57
33 27
34 16
46 40
34 55
24 33
27 36
60 46
47 75
41 75
15 40
21 53
46 3
22 33
16 56
19 28
29 1
17 29
43 48
39 63
61 4
9 30
39 27
40 10
18 59
15 37
14 51
15 55
21 48
45 14
12 50
43 12
22 5
20 6
45 4
2 4
59 1
17 76
55 62
33 39
46 32
25 43
47 1
42 19
18 58
13 22
3 43
42 50
7 54
28 34
56 52
25 64
30 12
53 11
42 8
0 14
33 5
48 14
57 57
19 65
48 38
2 57
45 71
38 65
18 50
51 47
17 44
37 72
46 49
14 5
30 26
8 23
48 59
54 37
17 44
48 37
40 27
41 10
3 55
50 26
56 7
15 71
59 6
58 54
31 50
31 40
60 67
33 0
2 63
42 66
26 66
46 56
18 68
29 15
17 41
61 42
39 55
29 54
9 9
51 48
37 19
60 9
14 14
38 28
7 78
9 45
52 54
54 42
5 57
26 41
21 74
40 34
38 60
34 40
28 74
37 62
47 26
40 55
45 48
41 68
45 25
18 13
50 64
16 59
28 48
47 62
31 65
60 32
43 34
34 3
18 62
38 9
12 78
56 24
57 39
39 73
51 23
4 29
0 52
46 19
8 58
21 40
4 38
48 53
19 0
36 56
15 0
44 32
27 2
45 54
41 32
31 78
50 16
13 63
5 25
28 65
40 67
10 1
2 53
19 15
6 47
37 36
54 30
34 23
1 37
33 33
36 2
13 26
24 25
49 28
42 8
8 52
29 52
30 69
13 57
20 2
56 66
20 66
60 17
49 74
28 67
30 52
2 7
48 12
5 69
9 34
43 2
2 75
13 34
59 19
16 19
59 75
37 78
29 36
54 29
3 19
42 73
26 42
55 21
3 31
6 60
25 35
11 9
0 48
4 17
14 48
45 9
5 1
42 45
61 23
55 9
11 47
55 0
26 72
13 11
42 54
55 5
5 25
21 55
39 0
35 45
38 33
39 22
12 63
30 1
18 40
15 53
27 61
1 65
58 73
48 36
10 59
38 49
12 46
6 60
33 25
46 4
45 13
46 63
22 45
5 65
14 2
38 69
31 34
35 32
0 61
44 46
29 51
18 11
8 64
13 13
5 3
1 49
20 28
51 19
48 12
10 29
41 37
50 58
33 71
36 2
60 44
8 56
15 25
37 53
2 6
38 25
15 40
24 75
7 59
26 29
0 66
37 26
36 65
59 23
59 13
55 55
57 74
28 12
12 33
3 47
56 64
11 7
39 8
60 76
49 66
28 13
6 9
35 64
33 29
58 57
55 8
46 48
2 74
28 67
20 39
47 24
42 12
22 65
32 28
35 4
51 23
49 1
6 2
0 70
17 45
20 21
57 43
31 28
11 34
32 76
13 41
29 30
53 47
27 30
24 32
32 19
7 66
37 50
23 59
35 65
40 49
42 71
48 52
39 61
40 76
53 10
33 73
23 36
42 76
60 41
55 7
25 4
1 34
13 26
21 5
19 13
14 63
11 20
9 61
61 37
0 53
14 60
19 26
5 64
39 64
22 43
58 22
8 29
47 3
59 52
28 49
6 23
5 51
58 8
27 77
46 53
43 33
10 17
6 58
16 6
48 69
9 17
55 61
19 55
14 42
9 18
52 58
2 3
40 74
22 28
10 43
26 3
1 61
46 54
52 40
6 34
30 34
40 48
58 33
1 12
61 16
7 25
43 62
0 35
54 11
50 0
27 0
56 20
36 66
22 30
41 12
6 67
61 16
32 43
41 35
0 30
36 49
37 0
61 9
35 55
58 6
59 0
3 37
57 9
30 42
14 68
27 66
29 44
24 73
44 58
24 21
37 54
15 31
33 58
55 16
54 10
9 65
33 25
7 45
54 28
35 60
33 34
51 55
10 72
57 56
30 40
51 58
7 12
24 37
2 72
55 78
12 21
15 8
41 4
60 10
49 55
11 63
38 39
3 62
7 60
29 63
39 76
48 13
49 6
25 5
24 5
40 60
31 31
9 68
11 1
16 69
57 20
19 66
15 36
60 30
14 58
12 11
37 69
33 72
6 3
54 17
40 68
36 23
39 7
19 65
27 75
39 15
18 70
21 66
54 56
18 17
32 62
42 37
61 77
33 39
46 38
9 22
24 9
55 42
4 45
4 71
57 38
25 29
11 54
46 15
52 9
17 73
44 70
59 21
60 63
52 45
10 72
44 6
11 56
48 48
53 71
7 43
8 29
44 65
49 8
31 13
22 40
53 3
9 40
19 45
58 48
15 49
7 1
40 0
22 58
19 7
19 53
53 39
7 61
28 42
26 28
26 60
25 70
18 70
35 28
41 51
35 24
21 54
58 54
17 0
12 37
2 31
33 59
