32 62 83
20 56
54 359 888 1781 910 1104 1906 1175 970 411 1494 233 1328 626 855 303 634 1304 1905 1348 750 1049 1854 1606 1942 932 218 1965 1465 1858 1005 545 
853 506 894 1547 1279 1652 1064 1645 340 1617 1284 393 1179 1153 735 1391 1657 1720 1532 320 471 272 190 1709 1233 1821 1484 1525 1931 548 1435 1360 
237 1227 1857 905 1100 1596 1773 195 376 1892 329 1735 615 618 1013 763 109 292 1934 1577 438 783 1324 1012 826 240 488 1149 1272 1159 238 1230 
1585 1397 1702 277 705 1533 1888 416 795 1193 997 308 289 1347 572 1158 882 807 1663 1584 751 562 1043 257 1552 963 1303 616 1135 804 228 1511 
610 526 1630 597 1067 1342 698 82 869 498 696 149 1586 432 502 394 1350 1517 1060 1641 392 1293 1526 1311 938 1232 1883 766 1716 58 1385 220 
1653 939 542 1859 1250 1681 1715 893 462 644 1249 348 1427 17 590 700 1369 165 361 1754 387 1102 1432 346 255 115 287 1182 1774 1331 192 413 
19 405 778 769 1418 501 215 1807 271 1480 1106 80 1649 1758 527 1322 360 1611 1133 384 780 1643 197 1072 1659 1237 809 934 212 1349 1208 827 
210 1031 1877 1251 922 1897 581 422 219 444 1920 1714 1070 227 396 164 1378 157 1048 955 1425 1761 1105 1500 7 1023 475 473 181 1939 782 823 
1177 1503 1003 787 755 617 266 20 288 1825 108 293 1352 300 1098 1334 1836 1741 632 868 1460 535 789 339 415 1684 1593 773 917 1880 681 60 
62 282 1940 834 1588 1791 744 820 409 903 391 1604 996 1471 89 739 920 1291 1686 1486 768 399 1674 777 478 973 1410 1330 406 1788 707 1367 
234 1150 731 1478 1401 334 844 1009 1096 1535 1240 513 1252 521 410 1510 124 1968 458 685 1269 273 1795 1358 1646 1430 1876 984 1310 1498 944 1433 
330 110 537 274 311 1543 326 643 1898 1784 1062 1640 691 629 1576 974 46 497 886 1247 3 151 1680 1899 671 1077 477 23 593 947 1614 1168 
525 1509 879 1183 602 776 1278 677 1085 1404 206 1562 232 294 665 98 362 574 1144 995 369 338 919 708 47 1413 1762 1875 1290 1088 248 30 
1001 1234 421 1609 982 1885 1673 102 1364 576 142 1972 309 1121 1253 898 249 1040 223 507 1930 1362 345 584 983 1582 1564 912 580 814 914 66 
1772 986 843 159 1938 1660 321 1187 1504 956 1084 1086 1080 858 1551 639 447 1436 1110 231 431 1097 726 1581 355 1959 1384 130 896 1522 1154 1372 
101 936 1408 835 1446 529 1745 167 1780 25 1616 204 1874 381 1099 981 659 111 1014 1692 702 27 528 194 785 203 380 1782 125 865 185 1783 
887 759 1977 836 1909 1520 1414 1687 1569 1871 772 202 1042 1160 1695 457 565 1976 305 1490 515 1887 1231 957 690 1000 1375 686 828 695 1145 467 
4 1804 59 104 1307 674 1765 712 1343 1162 1900 1597 512 734 1305 697 1497 253 256 152 489 356 63 397 139 1336 664 552 683 259 1975 1090 
368 621 949 1171 635 1632 166 732 1192 1057 1045 459 37 1075 32 372 510 1400 1757 145 1209 830 492 1896 943 633 688 1169 557 619 193 1346 
239 573 42 622 845 1280 1078 160 389 353 450 69 208 1748 45 440 373 1200 11 1456 429 268 1407 666 538 87 1978 1010 48 737 371 1894 
1775 323 935 1830 78 1966 534 1037 684 948 1229 620 598 344 1843 263 613 1603 729 169 182 366 1333 1312 1805 18 1590 908 640 519 687 1339 
15 703 1983 862 1950 829 1107 138 1502 448 1017 958 296 1214 1025 1823 1395 1327 1243 1568 1246 1794 1317 456 792 1316 1948 852 1689 1956 1528 261 
1417 50 1785 516 1053 1462 1865 433 531 1648 85 79 21 1300 1285 1226 351 1381 150 1445 162 1176 68 1727 1451 1139 1910 1530 1901 1534 1038 1507 
967 378 530 661 137 979 1771 1186 1777 1763 1319 1626 40 1769 554 1743 1277 26 1033 1665 1923 71 786 1932 1271 276 91 1708 989 1937 799 77 
603 55 5 689 1638 588 1706 1095 1546 514 1835 1944 1882 1212 1068 476 1713 553 1682 86 1180 558 64 897 1669 189 1661 518 609 1736 746 904 
1365 1457 1815 442 1221 224 1428 1960 999 1868 972 1083 1642 1738 1670 837 802 1541 1357 1011 1046 53 1711 1622 1015 81 924 810 811 1555 496 265 
221 808 254 1282 1808 143 113 163 1332 1540 1022 781 41 1717 517 701 1270 325 495 201 693 141 1337 132 1493 871 449 188 1356 136 1690 561 
1257 1195 929 1054 352 1165 1261 1512 1199 51 637 1374 1071 423 1742 1712 748 1198 100 122 627 342 1204 1207 1224 499 1156 1864 1589 1860 1570 730 
337 797 1943 833 260 298 1254 388 280 524 767 771 114 679 1594 1386 791 1268 161 1842 1953 716 472 1242 918 1751 1579 867 1114 1827 606 710 
465 1636 1639 436 605 1955 1878 1196 504 926 870 236 1559 1440 1567 1248 1363 1119 428 1228 719 468 460 1345 295 968 713 916 1945 670 1131 1753 
727 357 1752 225 848 612 966 1518 1607 1189 6 252 1315 754 1631 28 1470 1879 83 851 1481 1314 1454 1941 1122 322 1479 241 533 1704 1523 97 
1377 1719 1602 72 213 1415 881 547 1380 1982 1980 1463 404 464 441 13 678 463 1276 177 1393 770 1615 398 1081 1963 146 1210 647 1846 1598 765 
1866 1542 1340 1679 623 1441 242 906 74 1255 680 1065 569 1295 262 839 854 1273 825 275 1120 1816 180 445 302 1056 1557 1094 140 1565 199 1529 
586 607 1664 709 757 883 969 1740 1495 1093 313 1499 1560 1256 990 1483 230 1644 931 608 1487 1587 1554 331 414 890 307 614 1798 1725 1326 1373 
1130 1275 1802 589 244 482 1544 290 1059 899 439 1851 1194 174 902 1746 1444 470 1548 1141 286 1572 453 1799 76 1662 1455 559 1118 1561 1916 1698 
856 1862 75 649 1286 14 566 128 1412 1472 1488 930 1066 155 600 1297 706 1185 217 556 819 1919 1605 675 178 1527 1824 1318 1732 1845 806 1964 
211 1747 1656 1796 1949 798 1101 940 1402 1217 1032 1411 980 1970 156 952 24 94 673 96 1889 954 1936 1109 960 937 1178 158 1828 1383 315 1137 
332 774 582 876 1143 638 1387 1403 1839 1489 33 1008 1967 1837 1476 1147 310 317 1197 1946 319 715 1491 419 1258 1925 975 1707 186 1760 953 1422 
1926 1531 741 493 1174 863 1181 316 1050 909 1020 720 965 1793 676 312 801 549 1041 1624 1803 281 93 1811 1420 229 779 243 847 1287 571 1245 
301 299 656 1028 1929 1136 1452 1691 112 563 250 1029 817 987 1973 1840 412 1205 1409 1981 1721 1806 1116 585 1675 831 486 1724 176 12 451 1677 
207 1127 285 1651 1092 1117 1907 479 505 1140 226 587 1951 964 1151 487 246 425 668 61 222 1734 721 1089 1601 10 424 1826 134 106 187 540 
1637 1264 900 1818 1406 714 377 682 1957 153 349 117 1447 1600 1924 866 551 560 1019 1705 1188 1163 1756 1723 1201 907 1262 1419 1655 1513 1320 550 
297 1853 1007 522 16 1222 532 480 1768 1184 1329 1394 539 395 846 756 1298 857 636 1 1146 1915 509 264 49 747 1928 1035 1132 699 1216 1731 
418 1082 1685 1299 245 1061 1166 753 1134 1439 1678 942 1749 1265 1353 1844 1309 1437 1694 1211 1301 466 107 1039 1979 1812 1091 1779 1730 1424 1789 873 
728 1289 278 123 1371 1729 592 1922 1325 8 1164 375 407 1658 2 354 658 179 841 667 363 578 901 630 1595 1308 1058 1361 1112 1667 850 131 
1608 1079 1599 749 1519 1814 105 543 821 1155 1296 154 335 544 56 70 625 861 1458 657 1514 1351 1619 815 663 724 1739 341 1563 1467 1260 859 
417 891 1537 469 1912 1856 1592 911 511 915 1521 426 669 793 29 950 1831 1850 171 1398 1506 1051 1321 946 1961 1466 484 43 1450 1474 126 752 
1861 1935 738 994 717 198 270 9 1170 1666 813 84 1113 1235 1801 1030 1873 52 1323 347 1172 1431 1927 745 1700 604 1018 595 594 1918 892 655 
1676 379 401 216 1388 1524 838 1759 267 1244 1539 408 805 168 1902 367 1869 889 1292 555 1908 133 364 196 1382 885 1161 147 624 1571 945 1115 
1354 36 921 1416 1338 1167 577 1947 1553 1952 568 65 971 1405 1202 455 628 1778 1832 1917 1449 1867 491 998 951 1817 1610 386 1026 385 503 1505 
1283 1809 1239 1129 1475 641 1921 358 31 92 1612 611 733 1236 1203 400 127 283 775 279 144 1852 1024 579 923 304 913 314 1173 1870 523 1737 
1574 884 878 209 976 1368 711 390 1718 1438 1813 430 461 1123 651 350 1126 977 840 1434 1621 1538 758 760 324 1052 1073 1036 1733 645 191 672 
200 722 269 1911 824 816 1103 1421 1913 1833 1461 1341 427 1699 1628 483 1863 333 1263 485 1634 567 1767 73 170 988 1847 536 1274 1124 1764 383 
1819 1267 1829 520 762 928 118 67 1722 57 88 1668 0 1142 343 1087 175 961 599 1620 812 1958 1464 660 1191 327 1344 214 121 1206 1021 874 
1848 1215 1536 251 1766 1359 1074 895 803 1545 434 736 95 1591 1703 284 1580 1492 1220 652 1034 1453 925 1573 985 1459 1069 583 1469 183 800 184 
596 173 1635 318 1618 860 306 654 1108 1225 784 1578 1933 1238 875 653 1787 172 1693 403 959 1223 631 864 1281 1849 1697 1895 1969 1148 1855 1881 
1884 435 258 1790 1872 1583 992 235 1016 1516 1893 1399 1047 1726 1750 1423 591 1004 822 1962 541 1954 962 120 1335 1266 44 1241 723 1313 1890 508 
1125 336 742 1625 129 1157 1376 494 205 1477 1556 1496 1710 1770 481 1696 1744 1633 1508 788 1650 704 575 1055 790 1429 34 601 842 743 662 1138 
927 1629 443 382 1800 365 22 1442 694 564 1701 1688 1820 1306 796 1128 991 116 135 1654 1841 1613 1549 1473 818 1728 1672 1810 1903 1111 1647 1448 
1914 1027 1218 740 993 880 103 35 650 692 1623 1838 291 933 328 490 1834 872 849 1366 90 1683 761 1389 99 446 1485 546 1566 1501 500 1213 
1671 1294 1627 374 1515 725 148 1482 1063 452 1776 402 437 1797 1891 646 1443 832 1755 1575 648 1396 1355 1468 1792 1288 454 1044 1550 1786 370 247 
1886 1076 1006 1971 718 1379 794 1822 1190 119 764 38 642 1974 39 1219 570 877 1370 1002 1390 1152 1392 1558 420 474 1426 1259 1302 1904 941 978 
18 14
30 40
3 2
28 34
27 59
19 48
16 1
24 55
14 35
24 21
27 50
17 21
11 40
24 27
28 53
14 48
26 60
25 51
16 35
9 44
28 51
28 47
24 23
17 36
6 54
0 5
20 44
9 24
31 34
20 20
17 20
14 0
9 16
29 34
12 55
19 44
25 15
10 5
2 19
18 35
29 45
30 48
24 9
24 27
6 26
10 17
2 57
19 34
16 59
9 8
6 1
15 36
29 7
24 17
10 23
20 42
18 25
31 13
23 25
19 53
8 50
7 33
15 40
28 38
17 46
4 6
1 60
25 9
2 30
6 8
13 16
27 53
28 49
13 24
12 19
26 55
21 4
8 59
25 22
0 58
10 34
0 30
23 56
