81 34 1255
41 29
2197 1376 2091 1192 2459 2121 2456 940 260 1106 1024 1861 1047 1153 2752 766 1933 2498 1454 2149 333 1629 178 2292 2504 2699 501 1280 1334 2662 2013 794 2203 2224 908 2730 125 2743 2317 923 96 1148 1636 1584 619 2126 384 2444 1834 885 783 722 40 763 2383 2330 2180 169 639 1634 2260 537 421 1324 1110 623 1915 2431 1993 1773 715 368 221 2690 1568 906 1961 1082 1988 1197 388 
1523 791 1572 154 1557 1660 1489 1102 1383 2004 915 670 360 2419 1646 2245 1242 637 692 197 760 1033 2334 2569 2393 2379 1057 865 2166 2617 2437 2602 1979 1545 2305 1068 2192 124 1837 107 622 2512 1977 797 243 1371 2276 84 2198 2454 1716 26 1492 1213 870 1928 137 684 1528 1672 2615 1520 2619 1908 1864 1630 1611 2200 1878 1862 155 1902 2288 2324 1802 2151 183 251 2500 1123 1412 
200 1112 2225 2309 2553 1595 2397 2183 1243 546 97 2362 1340 809 383 397 213 2281 1753 151 2218 711 1070 879 2105 462 653 2590 2144 1943 863 1510 1305 1387 1252 261 359 1507 1502 91 934 526 1176 651 129 210 1882 2205 2236 2525 2219 663 1949 1899 218 447 1880 593 1318 696 568 2578 1712 1260 2220 508 1375 2580 1404 1368 2051 2069 2603 1416 1956 782 266 249 2564 967 1739 
116 358 780 575 1554 1509 919 2415 1561 1336 15 2691 1968 1409 81 2314 826 1362 1134 747 928 2214 1223 1276 751 2728 574 2255 830 1779 2421 2284 271 1685 2541 1519 1536 42 1693 601 1285 2422 113 1142 335 317 1408 1218 625 1981 240 729 1265 2540 314 263 1567 207 2561 2403 846 429 1453 635 71 2136 2666 1165 58 748 1608 1628 1039 295 2453 138 150 1098 1591 283 910 
538 311 2079 1421 1575 1727 878 745 2146 1894 567 1222 401 1676 2304 959 1643 2296 982 2672 1775 571 1087 1045 2040 583 2521 1231 2186 1482 1196 506 2181 1410 2516 821 965 1911 33 499 1417 62 1188 577 2188 2342 1702 1366 752 2058 880 2189 1888 27 2060 1833 170 28 2325 2452 1179 1452 2719 2123 1947 2249 2302 20 721 559 518 513 1905 1631 604 2707 1500 146 738 969 2234 
1167 1853 525 1166 2323 220 1817 1076 851 430 2514 2153 1823 374 2413 2485 2163 531 2076 349 1476 2491 1609 2101 1286 1358 1521 1407 1578 802 2747 769 731 6 2008 80 2579 947 282 1330 831 1066 474 1291 2085 705 377 1034 34 2681 1946 2293 2562 2606 855 872 658 2428 502 2287 244 131 1718 39 2689 259 1806 2563 835 549 1268 2465 1596 1145 2439 1766 1344 572 1694 59 817 
2648 2371 2228 1856 867 1381 2258 1707 431 286 773 2087 1061 2042 1350 812 1577 649 1641 2347 14 1983 1617 703 853 523 370 1000 1327 1758 1483 292 983 29 1117 186 667 753 968 1475 2398 660 1363 2700 741 1467 2458 1083 611 1793 174 756 598 1287 2094 2378 2523 144 1143 2535 36 845 891 122 532 254 492 344 214 1497 2064 1392 1323 158 1719 418 952 1969 61 103 785 
2054 1298 2483 2624 2201 2552 230 2577 1884 115 836 1740 372 814 1299 2172 2156 587 1490 1440 1152 379 2509 312 2384 1140 1198 986 38 1352 956 864 1614 2240 393 2173 709 149 2262 829 1535 958 284 2676 2686 2554 2404 2420 2319 2030 706 707 1236 1360 2494 1341 507 713 293 1256 410 2531 1337 2473 2683 1678 1391 448 350 1405 329 1229 2239 514 2684 481 933 2508 2111 136 2038 
1714 1485 2430 411 1663 1558 647 273 2493 871 1769 576 2267 2480 2316 901 2424 2711 1027 1216 2308 1114 1389 13 1419 117 2273 1765 997 918 2120 285 196 2270 1962 2095 1019 331 2432 25 78 1637 1659 2269 1096 198 921 580 446 732 1597 755 844 1635 1762 708 528 503 2597 2653 2646 89 1272 2656 391 976 348 1215 2328 1232 1092 1553 2152 931 2537 1023 2451 1599 419 2399 2103 
1531 544 512 907 53 553 1089 1488 1411 759 1300 2157 916 1573 1351 1980 1926 2344 1294 123 466 2457 432 2507 2321 1586 922 1666 2280 2154 1749 626 1542 970 404 2053 1700 147 406 1434 2750 2097 2227 2663 1761 1771 858 1623 1441 352 1170 179 1916 2652 638 988 1987 2705 2143 2638 1873 394 2642 2343 323 2496 2277 2259 1963 539 402 618 2517 1456 477 600 1910 1289 1898 1723 686 
811 217 1906 452 2056 743 1149 2252 1090 550 566 2601 1692 2226 1998 475 808 1069 1425 2644 1095 943 2488 1579 496 1171 1772 2680 203 66 1394 570 661 695 2050 804 2629 828 2132 1514 1128 1217 1948 2068 2637 2026 2360 589 621 1850 64 1184 1642 2204 740 308 798 127 2182 2159 659 2350 1989 1315 582 1403 1111 542 1975 717 632 2046 1189 1876 2134 1186 2368 2657 2532 467 2545 
1670 1532 1726 2185 2158 2118 815 960 1541 362 1615 2162 2 2131 1658 495 726 1427 433 739 10 1639 31 690 2141 899 482 2694 468 1907 2405 1886 420 1991 398 2741 1653 2417 322 262 201 483 1413 1547 2389 2017 2746 2222 2622 1071 1227 1930 1072 2268 1671 2275 837 2164 2310 736 1065 2441 2391 848 2503 527 820 2354 569 2436 1465 1002 778 1518 2544 93 1220 2327 22 1248 1632 
2736 1249 1820 140 1008 2187 1309 2074 2510 2128 2626 422 1932 645 1105 2246 2412 2595 2460 1163 2348 862 2693 2377 1665 1824 2093 60 23 1931 1042 2081 1795 1506 2729 1688 16 1619 2110 2704 463 1093 742 1279 1469 2089 1373 1865 2063 363 2237 1439 1984 2297 1451 1776 2390 927 471 850 1195 2632 1486 1601 2698 1156 291 806 2039 1472 1270 2282 1209 1717 110 487 1870 1705 425 697 718 
733 1225 1364 366 1202 1402 2279 12 897 882 2301 1494 1133 1600 1887 435 584 2571 2139 1594 656 948 913 1673 1936 63 725 1721 1335 1569 1374 892 2358 944 334 1005 693 1754 936 35 989 842 1430 2529 1846 1745 1669 2382 1321 926 376 194 1801 1582 2696 18 355 305 1146 490 599 2303 1319 1345 1418 654 1205 44 2670 2083 854 1900 620 82 2045 1191 238 488 1361 202 392 
883 458 2352 2100 2527 50 2088 530 1048 2235 832 1369 1892 1342 1759 2223 172 2557 1119 1175 1689 2605 354 2575 2396 1746 148 270 2339 92 315 548 1390 1314 1852 1539 1997 1831 1445 818 2401 253 895 2376 1207 702 1487 226 992 2585 2673 1966 2160 2712 2732 1073 1566 2005 1396 972 2608 522 2356 1866 655 1357 1612 935 2021 1763 304 563 2522 396 1555 1028 1756 1038 2558 1367 2484 
2211 1267 76 2408 248 141 2550 161 1474 1564 2418 258 75 2375 55 1941 1158 2274 1032 1768 47 984 1610 1353 160 1370 1174 2213 2148 2272 1468 1041 500 1388 1893 2386 723 1449 1661 2331 1737 1479 1137 1516 1757 2125 1668 776 1084 2047 2264 657 192 204 1720 1108 2716 1789 120 2434 2442 1237 2114 581 754 268 1513 280 643 1934 737 1885 1796 1457 716 1777 813 72 1903 327 857 
2388 2137 1701 2055 1046 414 1875 1955 511 426 2092 1869 2591 2423 547 987 2253 2570 2481 1091 1169 1515 159 1741 49 2119 52 961 2122 1704 1940 1129 98 1496 2751 1328 332 2242 1219 1913 823 299 105 2002 1290 1442 1190 1501 223 930 1713 822 1422 126 1919 2692 1534 2501 245 1735 1317 1570 2107 2349 1939 666 796 2199 2167 2221 357 2084 1904 2745 1742 195 2725 1296 1522 255 2298 
1703 2470 586 181 1953 337 735 1384 1212 1819 1654 1295 1329 859 2073 330 2261 1406 2640 378 793 2233 2482 2217 2215 1780 2492 1104 1809 2411 2448 1708 981 162 321 1006 1444 1101 85 1816 1247 180 905 803 1056 1901 1288 2145 1814 2355 750 1781 346 1800 2742 714 999 1624 133 1386 1138 784 973 2440 1113 2641 2468 1354 498 135 2155 2695 886 2035 668 1679 679 505 2703 1827 2029 
413 612 2406 2367 1458 90 441 1292 2587 2212 1393 1517 2090 636 898 1438 1551 1722 1951 2433 1791 1261 1130 2012 173 193 1958 2568 771 2658 683 486 1491 2524 2210 1858 792 2353 2341 1460 1208 1135 1043 2104 461 241 1063 1842 1799 2178 1790 199 946 1895 1973 648 2294 2647 101 914 2660 1841 2722 2370 2130 1293 1121 1625 1750 2265 2697 2025 2311 415 2599 1847 971 1424 1255 932 2061 
603 412 2425 1030 364 552 1512 235 950 2048 2099 2372 32 2254 1851 2124 2216 1647 2202 365 132 2171 2409 1971 1868 942 1448 2506 347 427 233 1017 1264 900 2574 1698 2014 2066 2702 2049 2687 1200 339 111 1633 2634 2598 1187 1976 1697 2116 2080 1828 343 340 1235 2333 1099 554 342 856 991 128 5 2015 1954 2244 171 1201 675 485 1808 889 182 237 375 1967 2402 493 2631 476 
1446 2610 1590 2407 484 955 1921 869 1879 1426 2251 445 978 1471 1952 543 1677 390 157 1282 2295 925 2016 1450 108 175 2630 2559 274 1767 887 2733 677 1226 1543 1339 184 74 449 2062 2446 2710 2036 1960 852 1576 588 1136 442 473 1681 310 1365 252 1896 881 2072 1667 1744 1849 860 77 2023 890 2592 143 1854 2677 1787 1560 1747 979 1711 1524 2679 1588 590 1415 1284 1126 894 
2623 2135 1804 2539 206 2708 1613 624 1141 1699 551 767 2247 1505 2169 1154 1349 1178 2142 2583 1959 2499 1429 2070 2071 876 1432 2427 2077 1372 269 2566 1210 555 276 2471 602 1074 1259 2380 1012 2706 2020 1751 541 1652 1871 2340 1147 2286 306 1026 615 2635 1690 719 672 838 281 877 529 1503 1626 627 1058 1053 2636 2263 1620 1710 520 996 37 1544 2573 2332 2096 459 1687 700 1530 
1132 1589 2584 758 746 1245 800 2176 2208 2175 1616 1897 1815 1139 353 177 1433 1805 664 843 786 1990 1562 1883 185 83 1399 536 434 2685 2616 19 2620 694 17 1682 1206 764 1281 2604 1239 1379 2682 912 2338 669 2475 1891 2410 1664 1651 573 1162 521 1060 775 1484 975 1733 2299 165 770 2478 610 1428 579 328 2232 1359 1234 1995 628 189 1877 1526 605 1203 1909 1556 118 799 
2256 2479 1729 439 1945 509 1254 1303 2723 2734 2065 2649 2117 316 1942 1086 2688 1730 242 2713 781 94 69 957 1194 9 2366 2127 1972 1982 504 816 868 701 682 2190 557 1168 2248 1116 275 287 2414 2196 2513 489 2735 1734 2306 2519 2067 166 819 699 2108 2447 1085 1338 2576 1035 2416 479 2625 1064 68 2031 152 1538 2285 1115 2655 1380 689 1107 2230 1029 2138 866 470 2714 801 
2739 2614 1794 595 1423 41 795 70 2322 301 265 336 2528 2374 300 400 494 833 2351 1263 1455 1262 1067 2395 1598 2229 294 2435 2209 1621 2462 296 1343 2534 2643 977 1655 1103 1683 2567 1725 1304 2549 438 1650 633 1550 2476 2257 1992 2678 1020 1079 222 515 1251 208 272 224 450 1843 951 616 2474 382 768 351 1 1275 2057 2477 1684 2667 247 1935 2320 2028 385 267 730 1274 
1204 2674 298 1774 1325 2238 2661 2466 2312 1606 710 2588 1748 1273 95 1100 728 662 2290 2675 1097 1924 205 560 2490 1715 1648 2744 585 1857 1478 57 2645 1094 761 1552 2278 691 2168 2628 993 1310 1592 1382 256 231 106 2082 2179 1978 2533 2184 990 1627 1764 216 2345 2721 2633 1241 51 1964 1395 1788 1010 1224 2387 1798 827 1618 2086 212 1228 1859 2003 1297 451 2206 1049 2059 1829 
387 825 1778 2659 727 2011 2627 67 2589 2271 2033 114 788 325 634 30 749 460 1159 1316 313 399 2718 369 1825 2515 1036 191 341 517 2102 994 2394 1124 2193 2165 630 257 1950 403 2726 437 2720 1549 2555 2009 1565 2715 642 1527 1662 2150 1307 1230 2000 1266 937 1786 1743 2032 1937 134 386 665 338 2748 2307 1686 2381 324 1881 1172 2022 2463 2502 561 1481 2530 21 516 367 
215 1150 1332 1797 1183 2113 1860 2191 86 289 1331 1435 428 2654 1233 591 2313 1244 2469 1607 2207 1052 1377 1278 2547 405 1164 104 2018 1587 264 380 762 1994 1355 1078 1214 1356 1533 464 65 2665 1155 100 1131 1180 2505 2717 2174 2266 2385 142 1732 465 1347 834 1622 1537 2337 980 2041 2613 1499 456 2010 2518 903 219 455 1580 2609 2007 1818 1525 45 535 1306 2560 2098 1695 519 
807 1574 1009 1283 288 2572 2336 631 2511 1782 407 2607 2365 2472 1464 2671 650 43 565 2195 1240 1656 424 2326 540 1385 1644 250 1571 163 236 1812 1603 884 1803 2364 307 2538 678 1855 1311 2443 893 381 874 1838 2024 698 1792 2115 779 1221 917 1840 2581 2668 712 545 1014 309 629 2651 164 1760 1062 704 2749 1724 187 774 1785 861 1031 1269 2241 1118 2664 1431 4 1810 395 
674 2369 139 416 644 1253 1144 1821 1784 2618 1480 2737 1238 2450 941 673 2161 227 939 734 841 1929 1638 1844 1301 1585 1696 234 318 1257 423 99 356 2594 190 1173 1680 1912 2250 1813 1378 765 290 11 1927 1645 1151 1783 2037 911 902 497 2019 1021 558 1004 1540 613 953 2586 1447 949 1832 578 478 2543 2106 556 1839 1326 2112 1605 1495 652 1914 962 2363 1738 1498 2147 2315 
1970 824 225 1675 188 2520 1925 371 389 1051 1770 0 964 1348 1185 1177 1258 1874 2495 1025 1059 1996 320 1120 849 1986 724 1461 1706 2291 2177 1401 1016 1920 938 2001 2329 361 2701 1277 1157 156 2140 209 2357 1040 2243 2486 963 1807 2724 153 2194 1022 1246 510 1752 121 1414 1007 966 417 443 757 594 596 1918 54 1477 277 1835 228 2283 2346 1473 744 2526 46 1811 1709 176 
1211 168 1443 469 1037 73 2075 671 2392 1728 2593 2731 524 640 1160 1075 607 2546 2445 924 687 2548 1493 2449 1691 326 2027 1957 534 454 1583 789 1250 2034 974 847 1508 457 2044 676 646 79 1999 1398 2129 1511 2650 2542 1974 1125 1313 904 2373 2078 2639 875 1011 102 2464 608 1080 2133 2361 1463 48 1559 2300 1044 232 112 1604 2740 440 790 408 1397 297 1015 2006 453 2467 
87 1848 1193 2536 24 597 2429 409 436 1826 279 685 8 2753 1199 954 1320 839 681 88 1122 1923 2335 1674 787 1889 1271 229 2461 641 909 777 1563 2669 1965 1459 606 1504 564 56 1845 1890 2556 805 998 373 1944 1822 1018 1938 1640 1333 1182 562 1436 873 1001 1836 2551 2043 2455 1346 2426 609 995 720 1863 985 1050 1830 840 2052 2231 1466 1593 1922 302 109 2709 2582 1312 
929 7 2289 3 1400 920 617 167 2621 1731 1548 1055 1003 278 1109 1872 239 2612 2600 145 1302 1088 592 2611 945 1437 2497 1581 2318 2109 2400 1917 1181 1755 472 491 1985 345 1127 1161 1420 319 1054 2727 119 1308 1470 2596 2487 1736 1081 888 2170 1649 1657 1546 772 1529 810 2438 2738 1013 211 1462 303 2489 896 246 2565 130 1867 2359 1322 444 1077 614 680 1602 533 480 688 
10 6
80 23
22 25
31 4
57 4
57 28
67 19
31 23
51 27
21 23
55 12
59 0
19 13
40 2
16 17
68 1
49 5
15 18
42 26
4 23
72 19
68 13
43 12
40 24
37 10
31 17
32 19
71 24
65 21
27 1
14 1
31 30
32 25
53 31
51 3
12 33
5 2
73 17
0 23
13 13
40 11
3 25
35 31
53 11
19 4
35 15
42 29
74 19
52 5
68 12
25 14
3 4
69 30
17 5
66 11
77 22
48 20
49 22
24 8
28 6
36 28
32 31
0 27
11 12
65 8
20 20
24 10
19 7
23 5
78 4
27 21
68 12
77 1
65 2
45 8
72 30
69 26
50 31
11 30
14 0
37 9
48 2
74 18
68 26
18 32
66 13
80 8
5 15
51 10
24 26
39 28
76 15
34 26
60 24
25 31
11 10
21 32
75 29
37 17
72 10
42 17
43 24
31 11
29 8
2 19
12 13
35 23
45 29
37 15
11 28
43 27
5 31
8 14
23 6
79 11
72 33
70 23
69 3
61 10
4 8
77 6
11 25
47 15
23 29
72 31
8 23
62 0
42 0
29 0
77 30
0 8
7 26
52 24
8 19
63 23
52 27
70 16
75 27
1 10
63 21
42 33
64 15
79 18
1 1
59 18
69 7
8 4
15 3
34 21
27 13
21 33
19 20
80 31
7 28
62 19
32 16
50 19
33 4
40 1
37 29
5 9
7 33
5 1
67 21
63 17
75 19
53 2
3 20
71 4
36 17
60 1
76 24
70 32
1 28
41 10
50 3
35 32
47 23
52 15
62 4
43 7
71 29
75 31
44 13
23 16
38 17
3 13
32 9
52 29
64 0
71 1
15 12
19 19
73 7
78 18
16 12
18 17
60 3
55 15
30 24
48 30
14 29
16 18
5 7
72 6
47 21
56 11
14 13
13 20
71 18
60 11
46 4
54 2
59 32
34 11
63 17
61 11
69 11
68 28
50 19
10 13
67 9
20 25
24 1
54 33
9 29
63 28
13 5
44 21
40 9
20 26
6 11
7 19
25 13
53 1
59 2
74 22
65 31
15 25
35 30
73 4
64 6
7 17
75 30
35 2
54 0
26 3
2 6
43 26
79 17
69 5
31 13
9 26
22 21
9 29
71 28
76 9
6 26
55 9
10 17
32 5
60 29
75 26
29 2
11 0
22 18
37 3
73 14
7 3
9 27
35 2
77 14
77 9
10 4
69 30
49 7
27 24
34 9
14 18
45 29
33 16
60 17
51 14
2 29
21 24
56 6
47 26
18 9
80 14
12 8
69 32
44 18
63 15
48 26
15 3
2 28
65 8
15 27
20 20
75 11
48 20
66 8
20 20
58 32
68 22
64 21
67 0
75 17
37 25
79 24
44 20
26 12
49 22
33 14
52 16
80 16
2 21
29 3
46 12
40 0
37 8
33 32
60 29
22 1
70 22
79 9
73 14
69 27
77 1
5 32
50 8
37 31
64 4
34 4
43 24
29 7
51 32
24 19
39 19
64 7
62 8
17 16
21 18
25 0
74 20
62 0
75 27
46 23
47 16
70 21
38 14
5 17
45 29
73 20
31 12
19 7
35 26
70 14
61 11
46 5
49 8
34 23
3 21
29 6
53 9
74 31
73 4
61 19
65 28
69 10
30 3
34 11
54 10
22 12
0 23
58 9
43 33
48 25
4 17
17 23
5 12
15 32
45 22
45 18
59 6
3 32
8 1
73 12
11 11
49 20
17 3
13 14
58 23
66 33
47 20
80 21
39 3
41 22
21 5
1 13
24 18
46 3
53 15
42 15
77 33
23 25
58 11
75 15
57 15
48 6
68 11
44 23
76 19
61 17
43 16
23 7
13 0
66 31
65 29
70 31
19 10
13 31
31 8
47 28
51 5
76 33
59 31
23 7
50 8
41 27
72 3
31 5
78 7
55 27
37 16
67 12
47 17
69 9
62 15
64 30
20 20
31 25
25 3
33 32
73 12
18 32
59 2
51 15
1 15
16 28
18 0
58 19
48 32
65 32
60 5
43 9
48 10
20 9
60 18
20 17
45 32
32 21
65 18
3 26
16 5
61 16
1 2
47 19
58 23
33 13
47 19
23 15
0 7
18 2
66 21
20 26
48 6
31 19
23 24
53 19
17 28
25 7
16 14
48 31
4 25
38 18
33 12
35 19
12 28
19 14
60 23
9 2
8 15
8 2
50 19
53 10
7 12
22 31
66 17
47 28
17 13
65 7
43 10
15 23
12 17
33 17
6 9
51 12
27 30
80 18
79 4
74 1
71 21
62 17
6 22
25 15
75 30
64 19
36 3
25 29
71 3
48 2
13 20
27 13
70 2
55 28
22 13
11 15
62 28
30 13
16 24
38 15
22 32
79 20
11 1
49 33
31 33
14 23
29 22
62 0
74 6
55 29
27 24
5 1
28 27
41 7
69 29
30 30
42 23
7 22
35 0
62 29
66 21
45 26
26 15
49 19
69 18
7 23
33 14
22 30
49 7
26 2
73 22
24 12
21 21
50 25
25 11
47 15
28 11
51 27
44 21
78 2
23 24
75 21
73 7
65 1
26 9
61 19
29 23
13 10
65 14
35 14
74 3
31 13
18 28
77 0
59 32
25 25
19 21
8 26
34 22
22 0
62 26
17 20
35 22
50 31
69 6
51 25
73 11
63 18
31 4
0 19
30 12
32 10
45 33
75 27
42 16
77 7
18 13
1 0
58 14
46 10
6 24
59 0
31 2
67 28
55 3
17 26
57 19
22 19
29 13
68 11
46 0
30 28
18 31
47 27
77 9
19 10
65 28
37 22
27 24
2 23
18 29
12 32
60 23
65 14
1 3
75 20
34 25
58 3
15 19
17 14
39 12
75 18
8 16
20 18
7 6
61 30
68 11
66 23
35 7
16 29
51 19
67 17
0 21
64 19
62 31
11 23
44 6
68 17
59 9
21 20
34 24
51 0
49 24
79 33
60 26
64 23
49 15
45 30
43 23
28 3
39 26
29 12
43 4
1 25
15 18
52 5
13 6
14 19
45 28
68 0
71 28
74 5
64 18
1 3
46 25
71 18
18 28
79 31
79 21
69 17
22 23
36 33
8 4
38 29
27 6
14 22
17 21
35 7
63 6
63 1
80 4
72 16
60 6
47 32
64 32
37 22
51 3
39 11
32 5
25 19
5 18
57 14
12 15
62 10
22 8
29 32
77 1
18 33
3 16
65 2
6 25
13 24
2 24
52 7
0 29
46 6
46 4
45 30
79 11
50 25
49 11
26 31
27 9
78 2
26 29
6 14
16 31
7 30
57 7
44 12
3 6
37 23
40 11
29 31
1 15
51 6
69 18
13 31
67 25
72 2
73 0
23 24
45 11
20 13
61 13
39 14
61 26
28 3
34 29
76 29
43 31
20 23
63 13
31 15
11 25
27 3
58 0
34 24
8 30
80 9
43 14
66 24
49 22
64 28
32 29
4 28
15 1
76 2
42 14
32 3
78 9
3 15
51 9
0 19
73 16
43 19
31 28
30 16
54 21
47 31
14 2
3 22
29 20
73 1
73 18
12 26
46 26
34 20
9 15
80 1
20 25
39 26
75 22
54 13
45 24
25 19
15 20
20 9
13 24
33 12
8 15
45 29
17 21
50 26
10 8
64 4
70 15
21 7
80 23
71 22
19 11
20 9
50 31
27 30
27 21
65 1
34 2
10 21
49 32
25 4
65 5
47 23
33 26
34 11
73 1
42 18
12 18
50 30
5 23
77 27
50 13
80 15
62 31
10 14
79 3
73 18
39 1
6 24
61 24
37 31
46 10
75 1
52 4
53 3
53 12
3 3
22 15
75 28
9 28
66 14
17 11
70 19
22 10
54 25
40 26
15 28
29 14
8 20
15 30
76 12
68 28
77 18
75 31
77 3
7 11
1 28
74 18
36 14
72 7
18 21
60 4
70 19
44 7
5 33
49 15
48 28
68 12
3 4
66 24
38 26
39 3
34 7
48 28
47 21
66 3
31 17
15 10
67 3
24 4
51 7
42 9
22 20
20 3
79 29
62 7
8 26
71 24
67 26
65 18
68 19
77 1
52 26
4 21
42 26
60 11
68 15
39 2
48 28
2 24
4 33
34 23
43 21
20 3
75 31
3 13
60 32
7 29
17 6
12 14
14 9
33 6
20 13
56 21
29 9
64 12
51 1
18 27
24 0
40 5
80 23
45 2
72 24
7 3
26 5
10 31
7 19
58 2
34 31
15 26
67 16
65 4
31 23
23 8
40 10
52 30
72 10
67 22
46 30
45 6
80 31
27 24
39 3
18 27
72 32
37 12
59 4
41 9
13 1
47 28
55 33
78 21
72 0
20 20
26 25
15 30
70 25
12 14
15 6
73 21
40 21
62 12
63 29
9 12
59 6
62 30
34 28
75 30
55 15
22 28
41 32
9 29
41 23
75 28
74 24
17 14
43 13
40 3
80 27
30 21
53 5
38 23
24 15
42 13
28 8
70 25
18 8
17 17
14 7
34 17
68 16
6 4
51 31
62 18
8 16
45 4
43 28
35 15
20 4
36 1
39 20
80 0
15 10
35 7
77 17
3 4
4 6
16 1
53 27
41 19
39 31
71 4
72 29
20 25
51 20
4 29
26 33
12 25
26 9
73 4
61 22
28 33
65 10
3 26
37 2
62 17
20 17
27 23
65 15
3 7
26 15
69 24
49 20
68 5
76 6
80 28
21 17
68 11
45 22
40 2
41 15
56 30
70 24
57 13
35 2
6 32
69 18
26 30
64 10
42 14
60 23
66 25
36 28
57 24
43 13
33 22
16 23
30 7
72 13
67 28
26 9
35 20
37 29
10 18
12 15
13 9
54 24
16 17
75 22
78 29
45 31
80 30
73 30
75 11
69 17
63 1
59 26
16 30
70 8
38 14
10 13
15 33
64 26
24 23
67 32
45 17
57 4
15 20
80 28
50 6
52 25
17 32
42 19
77 15
50 27
74 17
37 33
12 11
12 21
57 6
78 5
41 33
62 11
7 25
32 31
2 16
9 26
10 20
70 21
37 29
28 4
40 23
26 18
80 1
19 4
78 19
23 3
33 21
10 32
63 7
35 18
76 25
10 14
32 17
9 30
24 30
70 13
41 22
75 24
60 17
13 19
73 28
42 28
51 23
61 30
26 5
69 14
44 17
39 1
49 17
47 23
67 33
28 0
10 5
8 23
71 5
8 12
14 26
21 19
75 2
37 4
44 7
17 21
35 18
50 7
37 23
8 10
60 29
44 13
54 12
54 22
45 11
57 23
72 23
33 32
67 26
8 28
74 6
10 16
46 16
33 17
44 6
20 4
1 21
33 33
41 3
56 16
80 28
10 12
19 4
60 32
49 12
8 31
14 29
68 27
71 15
66 14
31 33
2 11
38 29
36 3
60 12
22 10
22 4
53 16
10 33
64 27
75 9
54 17
18 10
44 2
76 25
38 27
73 31
44 20
24 28
48 4
68 12
45 5
0 31
34 2
41 20
11 1
33 17
20 26
42 17
70 24
8 9
37 19
50 15
41 27
17 13
14 29
28 15
80 22
73 32
43 12
60 7
50 18
47 22
2 2
15 9
19 25
47 27
