77 23 3710
11 0
483 562 1246 349 1385 674 1017 812 1599 1639 348 906 1368 1264 1662 94 636 295 63 388 1198 1426 1275 319 781 74 1522 1543 1638 278 1103 122 470 103 609 240 426 1760 440 773 526 886 1594 1259 1290 1498 486 991 996 1585 684 184 632 1042 1261 336 1483 11 1685 1172 1411 1390 430 228 1719 783 880 659 106 945 1624 1627 707 337 861 1473 850 
1467 1020 45 163 82 235 485 1559 897 710 1437 18 409 727 1062 1352 1671 1706 1490 582 871 768 310 1043 1726 356 603 1589 1025 66 792 1096 303 1711 1215 1287 414 188 836 262 1080 270 154 695 3 207 1222 851 1016 258 474 320 213 895 831 1236 1099 1037 1329 721 1132 1645 1219 1587 959 785 972 1208 1653 1449 752 846 1066 663 350 1088 576 
427 81 86 837 408 271 1248 284 1705 681 375 620 554 1464 1566 1006 50 891 311 125 1339 387 1569 135 1461 617 543 748 989 976 1544 1120 545 1759 1220 624 1143 105 567 988 292 140 1216 1753 150 1165 1567 209 1577 155 1026 911 963 428 460 170 853 1369 1554 1119 875 461 358 1399 1731 490 345 790 743 1762 0 1715 1634 121 496 1241 1412 
1251 1699 1184 1646 780 1438 1729 826 599 839 1417 466 1212 668 1457 1420 901 733 1239 290 1056 42 657 1735 16 1297 1675 1742 385 1373 297 1557 1584 1177 990 1492 714 1321 222 317 220 540 591 1293 510 367 933 1153 454 126 845 594 544 1661 528 1659 1389 949 574 573 705 182 779 1109 634 51 1358 1076 1511 238 1749 757 691 1038 1361 1319 1113 
1188 944 646 614 1360 1029 203 514 374 1422 205 943 531 1456 950 1001 1581 1429 433 1683 90 1416 929 494 1240 1630 1547 24 266 723 927 1695 1470 1745 127 566 699 1171 645 218 1462 612 1174 661 848 827 970 181 1130 85 1058 798 1091 267 816 332 515 1679 539 354 217 764 172 546 649 1193 731 1741 446 1500 429 1479 1761 1355 678 1163 518 
411 1734 928 1167 557 1258 1529 964 1242 435 671 978 538 625 1294 1510 558 1036 581 1404 672 1366 1658 1743 1342 931 1625 973 1654 904 843 523 1666 966 1720 725 226 1552 1663 276 46 1723 1338 1245 1149 1481 930 47 1551 89 1337 96 953 909 608 888 1519 221 1041 178 64 501 395 1034 1496 177 841 1768 1450 116 993 458 803 742 1243 1289 799 
1736 1363 1631 318 525 316 492 1133 808 1722 441 157 1021 110 675 1093 791 1575 1635 192 696 1502 93 406 683 398 108 1580 1517 151 1693 864 1302 49 1274 1114 436 1376 1756 1278 633 660 640 307 1249 1610 120 55 724 854 465 1669 1620 1528 261 481 1106 1007 1237 596 1254 524 1676 751 13 321 1579 579 719 344 1202 756 1260 1565 5 373 703 
952 214 1578 1616 1571 95 506 1069 530 832 197 1022 862 472 746 813 1418 62 1446 1199 611 31 255 1039 415 872 28 1618 563 835 1754 507 21 1115 1035 697 29 1312 478 1092 547 1439 347 359 1101 1372 984 1465 471 1015 487 1147 118 701 732 1526 626 1442 1454 1134 129 1323 164 1100 512 1582 1090 1682 1623 1152 1657 1593 999 1621 488 500 1262 
1400 519 69 1314 1656 1123 1600 766 621 968 1307 285 1396 852 282 14 153 1709 1595 463 1378 893 1444 1221 760 1344 810 1712 1763 1104 340 1045 1269 351 264 230 489 1406 595 444 291 623 948 704 328 1501 1196 856 692 1257 40 342 223 439 1125 1197 1108 1268 1098 776 1395 144 815 1377 1430 459 26 1686 7 1738 511 1265 115 1049 396 533 25 
744 1714 980 1535 643 1284 341 212 774 1415 1652 194 1716 809 1721 482 759 1180 838 879 399 431 1282 1713 1301 70 939 365 1343 236 346 1546 1474 1348 811 1073 1335 627 1598 1168 1739 937 227 15 1118 1477 1596 1485 1537 1678 134 1633 1642 160 499 912 955 716 456 1402 1345 1320 868 1586 1052 1637 873 300 1494 1046 75 541 1131 1331 1458 1095 631 
1432 1727 335 1427 419 166 823 572 1181 1609 712 231 801 1176 1300 795 869 33 1553 1013 1408 1229 926 1476 914 1185 451 1155 1597 1478 730 1332 1117 313 553 280 467 23 936 152 994 1252 639 133 747 1186 593 498 71 1313 908 1766 922 1299 921 370 903 1433 987 142 324 749 237 200 493 1708 680 1689 1217 171 274 1538 1074 1648 685 432 239 
1525 882 352 242 225 1434 770 1384 1583 1531 807 1603 1170 1499 1175 1230 1393 794 1758 1460 985 583 1401 1615 1346 1562 1209 293 1641 960 208 885 1200 1365 1129 1622 1178 1032 550 191 942 1419 753 112 169 1164 1728 1640 1055 673 137 1740 380 174 448 1051 1570 1602 1636 735 1142 818 148 771 509 1304 131 918 67 1512 1351 577 805 241 1527 479 102 
423 1009 52 1085 736 865 711 1423 1673 1110 1507 1558 417 382 186 107 314 162 878 763 814 800 1724 1309 298 998 667 957 1700 925 156 312 580 828 475 1459 967 1023 505 715 1431 410 1334 296 381 1277 644 187 896 369 17 9 1707 1561 849 1226 729 158 1296 923 1094 679 355 333 1488 1071 694 874 1751 167 720 641 287 219 1677 1549 587 
1591 651 1381 400 136 289 1764 98 497 190 940 1060 647 330 866 138 1224 245 288 1173 1328 1295 1019 1513 1263 867 1533 306 36 1532 564 995 502 38 1746 777 1107 1391 424 1665 1273 755 734 559 653 1291 173 1330 769 80 113 690 1379 404 1681 1491 758 1590 1592 628 1232 366 1347 1710 1647 189 263 552 687 1493 272 1048 981 1605 215 1000 935 
1516 362 503 1271 1280 787 946 338 1138 389 767 881 1523 508 1210 534 1121 1573 859 1148 353 1725 1084 1394 1336 253 1443 741 1632 425 1160 956 243 1279 1601 130 1550 951 1077 1664 1128 1718 1317 1643 677 1081 913 1613 822 211 1388 247 1288 1704 1674 99 1270 1436 416 1137 702 542 447 1223 1628 983 718 656 22 109 232 1151 1061 1403 229 286 793 
584 1650 442 1292 1166 665 1204 615 1514 299 87 971 251 1225 97 1053 666 1078 616 91 455 1146 384 269 789 250 883 1033 1440 1070 804 331 339 302 1687 1082 1018 397 992 183 476 407 234 412 1453 1124 1508 1272 1057 907 76 1667 1670 1644 1386 1380 254 1472 1374 686 575 390 1486 139 535 32 890 1497 1214 855 1102 1159 1680 863 68 1327 1002 
143 974 1333 279 655 1354 986 958 642 58 343 1192 754 962 1556 1696 622 1145 294 898 12 1539 1672 979 473 1475 309 179 1392 560 592 1161 60 20 1382 590 830 1283 844 1141 1375 275 1455 1515 1305 536 277 434 1063 1521 34 1276 1350 224 43 1506 1065 549 1617 1542 698 598 977 1359 1655 1619 1316 464 1218 1649 1310 198 101 750 504 1690 1614 
1135 920 1266 910 248 1008 1629 1518 600 706 393 517 1387 1425 1660 41 1349 1445 1311 1189 1410 1356 1697 858 537 565 847 569 1701 146 1040 975 1068 1757 834 2 1541 884 88 635 924 772 902 1574 1503 1187 1059 1064 301 364 204 765 961 1463 1362 1157 610 825 1505 709 39 1509 59 1480 1626 165 571 662 527 1688 19 256 84 1448 588 1755 819 
260 607 1238 654 578 900 1027 860 1383 378 323 796 1227 54 919 1112 268 233 529 1203 468 1536 325 145 817 1752 887 532 915 35 361 357 934 997 1489 259 100 379 1405 1353 1409 1576 876 1765 124 1014 413 1154 982 185 1072 6 1318 53 521 1010 726 386 638 371 1206 1255 452 368 1247 1668 1087 916 1487 670 244 73 1452 1158 899 72 522 
491 420 941 457 1054 1122 450 1560 1733 1235 281 1767 1563 1451 322 1364 104 1484 561 1322 1398 1286 193 1428 722 821 1748 249 1213 1413 892 65 761 477 401 1 1692 555 1370 1608 1201 969 605 438 92 1371 1534 601 938 1324 820 305 762 1281 1003 1769 403 1555 1303 4 1030 1770 1407 1028 199 917 1744 1717 613 1183 658 1075 1162 402 1298 78 315 
597 1702 740 453 360 1611 1194 1228 1285 304 797 840 947 1231 1524 717 1750 418 141 548 8 1540 202 1421 161 520 637 965 1466 676 1256 1205 196 1116 1005 210 377 1495 1698 585 652 123 1233 83 1325 829 1234 1572 422 1341 391 44 1250 786 1190 363 1097 932 1397 664 246 1111 56 1435 1267 1156 894 168 128 1504 551 149 1604 308 1414 1545 206 
1191 1747 1730 1136 833 48 176 1732 1588 1012 79 195 201 650 1691 877 1050 216 1067 445 802 1086 111 30 147 383 405 334 689 1031 682 376 1326 1079 788 1169 37 1482 1737 1047 175 606 480 1211 1424 708 905 283 1144 437 372 57 159 604 857 273 495 870 586 784 1024 629 1207 570 421 462 1607 738 1308 1139 114 61 1140 1083 1011 1441 119 
484 954 1564 1126 1606 1447 1127 257 1471 824 392 842 10 778 589 739 1089 252 77 745 1004 1182 1253 1694 556 1105 1315 619 443 1468 449 775 1530 1469 806 1548 1044 469 117 27 1150 1651 782 326 728 630 618 737 1179 180 693 1703 889 516 265 602 132 713 329 1568 1195 1357 669 648 1340 1520 1244 1684 700 513 327 688 1612 568 1367 1306 394 
21 18
49 7
4 21
67 20
1 7
17 7
43 16
14 11
6 1
12 12
23 16
42 17
75 17
30 11
56 18
24 22
1 19
21 15
44 11
46 1
26 6
7 11
3 11
0 0
73 4
21 3
66 9
37 20
10 12
19 17
10 12
0 12
56 19
34 15
47 8
54 22
76 14
16 8
22 22
3 0
60 4
52 22
2 1
56 14
52 14
18 15
40 13
13 11
66 4
13 1
61 9
74 8
49 0
39 7
42 9
27 10
74 20
27 20
73 19
59 14
7 22
5 22
76 12
42 7
74 12
57 11
75 12
29 18
50 9
20 15
36 17
6 9
33 11
7 13
39 6
54 16
31 21
36 21
25 22
73 0
15 18
12 5
7 4
27 17
14 17
8 15
56 0
61 11
56 12
56 4
45 10
10 8
34 20
75 5
59 7
17 6
72 21
12 17
37 21
52 5
56 1
72 7
16 3
10 7
24 0
17 18
65 21
74 2
63 7
42 8
56 15
0 7
59 2
59 9
59 16
75 8
8 14
53 10
18 21
23 5
18 22
50 2
39 2
22 2
48 8
36 1
41 11
20 21
73 2
49 8
31 10
6 13
2 7
22 15
65 14
4 22
2 17
39 3
6 6
35 2
12 12
71 8
18 15
7 3
0 11
46 5
72 19
70 11
69 13
41 17
71 19
32 7
62 19
48 14
25 9
8 20
12 4
71 21
2 22
62 2
34 5
7 19
17 11
21 0
53 9
26 21
35 7
65 1
39 9
10 4
62 20
37 21
6 13
27 3
75 2
21 20
66 19
71 10
29 2
25 8
40 17
52 20
54 12
5 10
23 12
34 2
29 12
23 2
66 10
25 9
29 20
76 18
4 11
75 1
73 14
42 0
52 11
5 3
37 10
49 16
60 10
15 10
5 14
31 8
53 15
19 2
40 4
43 13
59 12
14 5
56 12
2 8
34 22
29 13
11 16
71 12
18 9
52 22
73 15
16 5
69 11
66 20
64 17
34 19
56 16
35 0
28 19
52 8
47 3
22 3
46 17
1 20
64 10
62 17
24 13
24 4
16 9
5 12
33 3
61 3
3 3
76 3
34 13
61 7
3 17
44 16
27 11
76 10
32 13
3 17
5 8
37 2
55 14
74 3
35 6
53 0
24 0
73 6
67 18
19 16
10 10
73 5
34 0
64 5
38 14
16 9
17 2
2 1
65 7
62 11
74 15
41 20
51 17
23 8
63 7
25 3
18 22
37 18
44 1
45 21
29 22
10 5
16 3
42 11
39 21
56 6
19 3
44 3
66 21
47 4
19 6
56 13
32 3
67 21
67 21
14 4
74 19
17 10
33 21
74 19
65 9
75 19
46 16
53 0
24 3
64 12
63 9
49 13
66 17
12 6
0 16
50 3
5 21
67 20
51 18
44 2
63 18
61 17
59 10
49 20
53 20
33 10
58 10
62 3
62 0
33 17
33 2
28 6
25 19
17 15
30 5
61 2
48 4
34 22
2 2
16 16
70 0
54 18
53 19
67 12
49 5
37 20
50 0
9 21
68 10
36 6
75 0
75 22
29 14
42 8
50 0
32 0
23 21
15 22
33 4
32 4
9 17
50 12
35 9
26 6
13 1
37 11
33 4
39 5
50 8
26 19
29 14
76 3
56 3
37 7
26 2
72 1
50 20
62 9
47 22
63 21
70 5
23 9
34 1
23 6
65 10
28 3
42 11
19 17
10 18
4 0
48 13
34 5
43 2
9 18
3 0
20 11
67 19
11 0
32 12
11 16
4 21
28 8
25 13
2 9
65 10
2 22
52 5
16 5
38 11
60 4
28 14
36 20
1 22
3 2
73 19
72 16
15 3
12 19
75 0
27 16
36 13
13 16
64 8
53 5
74 13
50 11
12 12
42 11
52 18
45 1
17 6
49 0
60 12
40 16
25 9
3 5
31 9
26 22
42 8
14 10
34 20
27 8
35 12
11 14
22 18
22 14
52 15
51 5
70 22
3 14
30 2
62 4
57 15
4 16
4 1
0 4
66 19
49 18
70 5
47 17
24 0
24 21
39 14
24 16
46 10
32 4
76 19
38 14
63 18
35 22
22 9
50 8
21 21
73 2
60 13
15 4
8 21
61 19
5 0
31 16
13 10
9 19
62 3
10 1
59 6
20 1
46 7
58 13
18 13
29 22
51 5
27 15
26 4
28 5
39 18
34 15
49 11
28 3
12 3
43 20
45 8
68 21
59 9
18 15
16 1
45 18
0 5
18 15
22 2
6 4
57 9
53 22
50 9
53 21
9 12
75 14
49 3
63 21
62 12
3 0
5 21
26 17
74 19
14 15
57 10
17 8
15 21
31 4
65 7
59 2
48 16
43 9
57 22
7 1
16 17
43 12
43 1
35 0
6 14
65 1
39 21
1 2
23 0
21 16
50 19
39 11
54 3
44 9
66 11
38 5
10 6
76 2
57 22
39 1
52 17
69 6
23 5
16 0
19 18
7 13
56 16
57 10
36 20
39 16
59 22
7 0
50 7
42 8
1 19
35 8
69 1
55 9
50 18
56 10
30 5
39 17
7 0
22 6
17 16
68 3
66 20
38 2
62 8
3 1
45 1
41 13
8 14
15 12
35 14
3 20
52 20
63 8
25 2
47 2
42 17
35 5
17 1
64 13
53 22
10 2
14 4
22 10
51 1
14 14
19 15
16 3
51 8
76 8
61 17
69 7
9 16
71 1
72 19
22 11
39 21
72 14
43 21
22 21
73 17
34 10
48 11
32 14
72 10
46 10
68 17
23 15
69 17
11 3
31 3
65 22
74 10
36 12
4 10
52 12
43 14
67 18
64 7
76 6
26 1
53 6
1 0
49 13
29 18
15 16
73 9
62 6
32 10
1 16
8 7
52 11
29 18
65 17
24 15
34 4
46 21
51 17
56 16
70 9
67 9
69 6
22 5
72 6
24 11
76 2
1 12
55 22
46 6
62 20
55 18
9 1
52 15
26 7
49 15
60 8
16 14
42 10
45 19
43 10
23 10
21 15
36 17
62 2
71 13
32 1
45 13
44 18
37 3
29 20
10 13
65 17
36 6
9 4
14 9
18 18
64 1
67 20
14 22
67 7
62 13
71 3
26 22
34 11
10 11
72 19
2 13
8 11
68 8
3 6
58 18
10 4
36 19
67 14
35 12
62 15
39 18
9 7
72 17
14 14
27 3
35 21
47 1
70 15
51 18
76 17
65 8
48 16
48 17
25 6
65 22
70 12
24 15
2 12
30 16
12 8
73 20
50 6
26 21
23 22
1 1
51 14
35 19
61 3
71 0
59 5
72 0
61 8
67 6
13 5
61 9
24 11
55 16
1 19
38 4
65 1
7 14
39 6
48 18
15 5
29 0
45 19
33 17
44 22
39 7
63 11
23 17
68 22
37 16
63 17
43 9
70 19
13 4
42 17
28 16
50 1
13 20
31 3
14 22
7 7
74 16
48 16
52 11
41 21
13 1
41 14
7 9
38 11
20 17
74 14
9 20
30 21
62 6
37 22
73 11
76 15
26 14
37 18
42 8
32 15
45 22
29 18
42 18
21 22
25 4
21 16
74 22
5 10
36 1
74 12
26 8
58 2
35 2
54 16
18 16
64 10
21 9
28 6
49 8
19 8
52 20
57 1
19 9
25 10
75 6
29 5
70 10
11 14
65 4
7 1
43 1
10 13
10 6
74 3
40 17
13 7
19 3
23 2
43 1
48 3
53 5
41 22
61 7
36 19
57 7
23 19
64 17
62 19
69 19
49 14
49 0
38 18
4 1
34 15
52 16
0 17
12 22
12 3
75 16
9 16
43 11
67 10
28 22
9 11
21 17
65 11
37 1
29 10
66 5
23 1
15 0
68 20
47 6
13 9
57 7
71 11
65 21
39 0
57 11
72 22
19 19
66 5
40 5
58 14
41 19
65 22
19 1
9 7
30 22
24 15
54 21
69 2
25 13
4 5
41 5
16 3
30 11
32 20
18 3
26 2
49 3
2 17
69 22
45 11
4 3
0 21
44 10
9 7
61 0
46 20
36 22
64 21
2 22
40 9
52 11
57 12
27 20
11 20
41 19
3 9
71 3
29 6
10 6
36 2
54 16
13 18
20 6
48 11
43 8
14 3
58 21
2 3
63 17
35 13
12 8
60 17
60 8
72 1
61 16
32 8
33 5
19 4
42 9
6 2
58 1
65 4
60 5
45 2
25 3
7 20
51 0
10 16
13 12
50 13
55 20
24 4
57 8
35 16
5 5
3 9
55 10
58 5
26 19
73 0
36 4
14 22
47 0
52 20
43 17
11 5
3 18
26 22
6 17
56 13
67 6
40 14
10 10
64 1
71 12
34 19
19 9
40 11
39 19
45 1
19 0
53 5
76 0
66 5
76 9
48 17
19 21
63 7
59 16
70 10
36 3
12 4
14 7
20 9
5 19
37 13
25 2
60 13
71 8
0 6
13 5
40 13
18 19
52 0
3 17
43 11
56 14
22 14
15 3
33 10
7 19
55 21
30 12
54 9
70 6
56 20
52 15
1 14
54 21
62 11
55 0
8 13
39 0
63 18
7 21
63 22
33 21
42 19
75 13
34 13
9 1
46 20
39 19
2 4
29 14
63 18
13 3
76 22
38 9
50 12
10 19
73 17
58 4
4 9
56 9
50 17
26 14
66 9
10 7
72 2
18 19
47 10
7 8
27 11
23 3
28 16
56 7
33 4
9 17
5 12
36 5
11 9
44 19
2 10
68 17
62 7
12 4
60 13
11 20
44 22
30 18
75 7
32 11
28 7
5 18
72 1
11 10
10 8
22 7
39 4
4 13
39 9
46 21
21 6
39 2
45 13
62 11
63 12
40 5
35 12
7 17
42 8
20 9
31 13
73 4
42 7
53 1
23 7
29 12
48 1
34 11
33 20
14 11
47 3
66 2
20 7
10 18
8 4
69 1
73 17
67 13
21 14
18 14
14 3
24 6
1 3
30 0
16 20
56 21
72 18
0 9
21 9
18 8
75 18
70 12
33 15
35 11
61 18
29 2
58 14
15 4
41 21
25 4
37 3
21 9
52 0
22 10
75 0
28 2
51 1
18 20
58 0
72 13
61 22
41 21
4 12
41 14
48 3
61 19
18 18
35 21
48 22
58 16
19 6
1 17
16 12
23 1
54 18
40 3
14 17
35 2
47 20
32 14
19 13
39 16
31 22
4 9
13 18
54 9
47 0
59 15
23 4
31 6
21 7
34 20
54 0
2 10
63 14
72 7
33 12
0 15
28 21
57 4
69 18
51 17
54 15
29 12
52 22
45 11
72 2
50 2
33 18
27 8
61 21
75 4
47 3
71 7
75 5
35 5
73 11
31 20
2 0
66 16
54 6
34 22
76 14
72 5
38 8
33 5
41 0
27 4
10 6
59 12
51 5
71 7
72 4
73 22
69 19
17 2
73 8
7 13
39 21
12 22
54 21
52 13
51 20
73 13
43 4
4 10
72 18
72 3
20 1
55 22
60 6
19 17
46 12
66 9
40 7
4 0
25 12
17 9
27 7
65 9
1 8
4 14
34 10
65 22
8 13
3 13
39 20
36 9
59 6
8 12
35 11
50 22
15 7
72 8
14 9
72 1
11 21
27 9
39 3
63 17
35 1
57 16
38 0
70 20
56 6
33 12
12 17
58 10
38 20
3 19
66 15
71 3
25 22
18 1
71 17
21 10
18 10
37 16
21 2
40 1
46 7
24 8
75 18
5 9
38 15
10 17
37 14
37 2
9 15
14 3
44 9
17 11
6 5
62 6
48 9
55 16
50 15
7 1
60 0
0 21
58 9
74 11
66 14
4 7
24 7
76 7
50 12
23 9
46 2
0 16
38 1
24 14
2 20
19 18
8 2
22 13
30 9
65 2
46 13
71 7
49 4
52 15
58 8
64 17
65 2
12 7
22 19
71 6
2 20
31 20
16 7
20 13
20 6
5 9
61 15
7 10
65 19
8 11
52 6
52 21
27 21
53 20
22 3
43 18
38 9
38 21
55 20
67 18
47 22
0 20
22 3
0 9
12 12
23 0
46 1
49 5
17 15
0 6
11 5
43 6
17 15
49 17
75 7
68 1
2 10
29 19
28 17
33 3
29 21
4 10
18 2
1 14
43 8
27 12
47 0
9 22
25 2
67 9
69 1
32 21
38 0
9 19
36 19
17 17
43 9
65 22
2 20
34 2
52 17
40 22
20 9
1 7
29 4
39 10
8 2
19 2
36 4
70 18
13 18
3 8
8 11
62 12
40 18
29 18
31 12
18 11
58 8
24 12
7 0
51 21
14 15
67 10
8 15
63 20
43 9
7 19
16 5
50 6
35 21
65 3
57 14
36 3
30 6
71 11
65 14
5 13
14 16
52 3
41 13
47 19
8 15
22 15
39 6
24 22
32 10
27 14
1 16
76 1
4 14
58 10
31 6
49 6
30 1
43 6
71 6
51 13
47 2
32 19
71 1
30 11
50 5
61 4
62 13
5 2
76 19
46 14
41 18
64 15
14 9
38 10
21 4
38 3
70 20
39 15
6 22
9 6
65 12
57 0
56 16
15 7
28 9
42 9
34 12
66 1
31 6
60 3
61 13
72 15
76 3
64 20
38 4
55 15
51 12
39 13
37 4
39 2
10 21
52 14
48 14
19 6
25 19
1 4
69 3
36 11
12 11
30 6
46 0
67 6
58 11
54 14
1 13
24 0
69 20
37 10
33 22
34 18
2 16
3 3
37 22
72 6
74 0
19 16
45 8
19 20
33 14
32 2
43 11
14 16
18 8
32 17
50 16
63 9
58 16
38 3
18 1
67 16
48 12
72 11
2 9
45 21
41 19
9 3
17 14
74 2
0 14
55 2
51 9
71 14
39 2
74 5
75 7
31 13
48 19
75 17
51 14
69 19
50 4
40 13
37 15
25 1
5 15
54 4
36 1
2 6
42 1
12 8
71 16
68 20
2 18
49 14
40 0
19 14
56 11
15 7
28 15
45 20
8 10
68 7
40 6
50 21
36 16
62 9
14 19
69 8
72 8
12 3
67 19
50 5
3 3
67 16
56 4
71 5
51 4
3 20
70 7
49 12
55 20
9 21
21 8
51 7
7 21
38 11
56 15
23 21
48 22
46 21
61 19
72 21
60 16
37 4
46 7
0 11
36 19
52 18
39 10
51 19
51 11
41 3
27 15
27 16
23 1
65 22
44 20
36 4
41 4
22 18
32 7
72 18
10 20
18 18
48 15
65 17
46 19
65 19
55 8
33 5
40 6
17 16
60 0
75 15
66 15
69 21
72 5
25 0
75 0
2 8
44 20
52 7
59 5
20 1
48 0
68 17
49 8
74 12
64 2
32 13
50 19
20 1
32 10
19 14
10 18
65 15
74 16
42 3
61 18
25 4
17 13
32 5
32 17
39 16
49 9
30 2
20 8
19 11
71 13
57 5
18 3
72 12
19 17
30 3
8 9
64 20
10 15
28 15
54 18
67 19
69 5
63 2
5 14
75 4
7 12
49 21
36 11
7 1
51 4
57 16
14 1
57 21
41 10
67 1
24 21
48 10
61 1
71 4
33 3
2 19
54 20
10 13
70 2
4 7
37 11
21 15
0 14
69 18
22 1
31 11
18 19
73 19
1 10
27 12
57 14
11 10
2 10
74 19
64 21
63 8
18 4
22 12
55 12
62 12
57 1
23 14
26 19
8 5
0 3
33 18
24 6
45 10
17 21
5 11
22 20
66 19
15 3
7 13
40 10
74 11
17 9
17 20
61 6
7 8
69 6
6 21
10 5
32 22
68 2
28 12
69 13
26 9
68 7
71 17
68 9
19 5
39 8
9 1
59 14
36 10
38 0
37 1
34 15
11 4
27 21
12 1
19 14
38 20
7 4
43 10
37 22
1 15
65 12
4 19
14 2
45 17
19 21
49 14
76 3
42 12
72 1
5 10
70 7
73 5
0 2
64 12
65 2
52 20
32 1
9 14
29 14
29 13
62 5
64 11
56 9
1 12
74 16
35 10
19 16
48 20
37 6
12 6
23 11
27 11
34 3
35 13
44 21
40 2
36 14
47 16
32 15
67 13
37 10
47 12
56 3
0 4
32 19
6 11
27 14
51 4
56 8
13 11
68 1
5 10
57 20
33 12
37 17
75 17
29 20
35 12
71 22
20 18
34 22
71 3
71 15
7 17
7 9
73 5
6 2
5 10
9 11
14 22
45 4
74 5
76 2
60 10
9 1
51 6
24 3
19 21
53 18
19 20
27 0
71 0
16 13
31 5
8 20
18 8
26 1
70 14
68 22
62 5
44 20
54 11
73 15
15 4
70 9
6 16
29 2
51 16
49 10
18 10
48 14
43 20
48 11
45 4
75 1
31 21
23 21
57 22
51 13
40 16
17 13
33 14
75 2
54 15
59 3
36 6
51 9
66 16
48 11
42 14
76 17
1 12
37 2
21 21
53 20
21 11
75 12
3 2
40 14
4 19
32 3
37 17
47 16
59 14
0 3
35 5
68 5
1 17
46 12
27 6
58 20
48 14
60 8
53 11
40 21
68 12
43 11
11 10
39 6
60 14
28 0
24 16
71 5
30 6
29 1
53 18
69 21
41 3
53 8
38 4
20 22
50 22
39 16
36 14
69 12
10 22
54 18
57 21
65 16
75 1
33 10
29 16
54 15
1 10
69 18
66 8
51 17
15 3
72 15
41 19
71 16
17 22
3 17
4 12
14 19
17 7
49 14
27 0
51 10
17 22
28 5
37 5
57 22
51 18
11 13
43 15
11 11
68 8
48 11
60 10
0 12
36 0
52 17
24 14
18 6
71 20
1 1
31 22
30 12
10 0
60 6
49 21
33 1
9 1
76 13
28 21
75 4
49 7
35 13
60 8
46 18
32 4
42 22
47 2
5 5
0 1
27 17
59 14
8 13
44 1
75 20
13 14
74 22
62 14
55 1
21 10
15 12
11 3
15 12
68 18
51 18
35 9
18 11
3 14
29 14
53 17
22 13
50 16
3 21
16 13
65 15
13 2
20 18
63 7
34 3
56 16
26 18
52 13
7 10
72 4
16 7
10 22
22 15
50 22
72 18
28 4
56 2
20 21
66 16
30 17
74 0
43 1
11 12
7 7
0 19
41 12
75 19
71 14
76 5
50 18
30 17
53 11
2 20
74 2
52 11
19 2
69 13
51 2
45 15
50 10
26 16
15 4
53 3
54 15
48 8
43 11
4 17
20 22
61 21
1 8
69 2
65 15
21 22
50 19
32 12
15 21
7 9
44 16
68 19
25 12
39 3
50 2
22 20
2 2
10 9
53 5
52 8
5 15
14 6
25 5
11 20
14 10
40 6
23 1
2 10
17 16
47 0
8 3
31 4
0 20
34 15
7 12
7 16
21 4
20 9
58 22
10 21
62 13
67 1
46 17
48 4
10 12
38 18
13 15
44 8
66 3
46 21
45 17
64 14
53 2
75 10
61 22
64 20
8 12
64 13
69 8
74 21
64 5
67 8
3 16
20 10
49 22
5 10
45 6
67 6
24 19
56 0
70 8
44 2
59 21
47 17
32 12
12 2
27 0
41 18
29 19
23 20
20 19
31 4
2 21
12 0
1 4
28 20
73 6
15 20
58 12
25 16
35 19
8 18
37 14
23 6
13 2
21 14
15 5
1 14
34 19
5 21
61 13
36 0
37 18
0 0
36 2
24 19
39 20
45 14
49 14
61 15
39 11
38 16
35 4
58 15
18 17
32 14
27 0
6 19
10 22
40 3
72 4
0 3
8 10
6 8
69 3
60 6
46 18
70 16
58 15
18 5
61 11
30 3
7 13
24 7
38 12
23 14
33 15
2 3
65 3
29 16
36 12
25 10
41 9
59 17
20 2
24 12
76 13
47 12
42 8
50 15
67 17
18 17
19 8
19 12
7 14
15 13
5 1
21 4
65 10
33 4
7 10
24 11
14 20
72 4
34 11
43 21
42 0
28 14
55 9
20 4
15 11
45 6
44 1
69 6
60 20
25 18
15 13
57 21
19 12
54 4
32 22
32 20
34 2
23 7
24 13
40 7
61 12
40 12
44 20
69 15
42 17
55 9
65 4
34 15
0 9
43 1
40 15
54 22
64 12
16 18
62 7
3 20
7 21
44 13
2 14
13 21
22 20
64 2
70 9
42 16
50 11
75 5
69 13
25 8
53 10
50 6
34 9
63 21
62 16
33 12
74 11
17 6
18 9
7 21
72 16
47 15
1 21
43 17
56 10
22 21
2 14
45 1
11 8
22 17
1 1
17 19
34 20
9 17
45 16
17 2
24 7
55 19
22 14
48 18
49 6
17 3
23 17
32 17
63 11
25 9
67 17
70 11
0 8
25 6
15 3
5 2
38 0
18 5
44 13
29 3
43 17
37 16
40 22
51 1
12 13
34 2
41 3
52 1
46 21
24 3
41 5
24 14
34 12
4 4
66 14
60 8
19 4
47 12
15 1
54 12
31 14
20 12
17 15
41 12
2 17
54 21
12 15
72 9
16 21
23 17
75 5
22 1
63 15
22 22
35 5
28 12
31 4
65 9
46 3
26 18
67 15
65 0
39 9
34 9
65 3
64 19
42 22
19 13
68 22
27 18
25 19
7 5
29 18
14 5
52 2
66 22
42 5
75 4
9 3
50 16
69 13
5 14
73 6
21 18
33 13
21 0
9 3
2 19
30 3
24 15
6 13
18 9
50 20
58 4
30 8
19 17
52 9
74 6
20 21
10 14
53 4
2 20
54 11
13 3
47 9
63 22
27 22
48 11
66 21
36 2
43 13
47 22
41 21
64 1
52 18
23 12
65 8
26 19
68 17
66 4
2 5
47 20
76 12
27 6
71 21
63 18
18 7
11 18
51 1
58 18
37 20
58 19
75 7
65 22
13 20
44 0
67 18
32 12
37 0
33 6
55 18
55 19
28 19
74 0
7 8
2 16
38 1
26 4
43 10
31 12
0 9
70 12
36 4
20 20
19 0
74 6
23 17
31 7
28 16
58 5
63 5
50 19
46 16
46 17
51 15
5 5
47 8
57 9
76 4
28 6
59 0
11 6
2 21
73 19
17 2
71 1
52 13
26 17
19 19
7 19
43 6
49 14
11 2
6 15
17 5
32 0
61 1
7 15
71 12
5 12
71 16
28 21
36 22
16 1
70 8
73 18
43 15
27 18
11 21
51 10
18 8
11 17
24 20
66 18
56 21
72 2
76 3
32 3
46 7
37 8
51 20
26 18
27 6
2 0
25 6
17 2
68 13
54 1
34 8
28 13
68 5
19 10
69 4
72 1
46 16
24 16
6 14
28 18
28 20
33 13
13 13
35 3
34 0
69 10
51 3
6 8
32 6
41 20
62 9
0 15
70 14
31 18
66 15
73 0
61 5
36 8
45 15
16 16
27 11
59 12
19 14
47 17
56 17
6 11
28 12
61 13
25 7
50 15
0 20
5 18
31 15
2 21
7 17
37 18
38 15
36 9
72 6
52 11
59 17
9 10
16 22
35 1
45 0
19 14
37 6
5 13
30 22
59 15
40 21
64 18
5 2
0 17
73 2
66 6
22 4
16 1
14 2
30 16
15 3
37 0
16 1
20 12
33 13
56 16
49 11
40 3
66 14
38 13
33 0
34 10
59 17
43 14
42 3
15 11
71 14
49 17
76 8
50 11
18 14
16 15
55 17
56 22
28 5
60 8
64 15
62 10
16 17
0 17
2 1
16 12
14 1
33 5
69 14
24 21
49 16
7 3
64 18
38 17
76 9
16 9
6 6
3 13
1 7
16 17
20 3
4 2
76 5
7 6
4 14
69 16
72 7
64 14
25 13
9 20
63 17
73 3
70 13
48 7
64 10
47 21
62 4
56 15
55 17
9 21
72 11
53 0
25 13
10 9
30 12
14 16
38 21
7 21
44 4
72 3
9 13
41 16
48 1
6 8
16 19
64 14
8 18
36 9
54 15
38 16
18 2
37 12
0 10
68 6
73 11
48 4
50 7
36 0
65 15
24 19
1 3
46 5
17 1
69 16
3 16
62 0
14 3
75 12
43 4
8 11
38 6
61 19
51 1
42 21
17 6
21 21
54 14
61 8
70 8
17 14
57 18
6 18
59 7
15 17
39 3
31 8
30 13
10 6
13 21
27 9
3 5
72 4
68 19
43 6
13 18
43 13
31 18
10 15
48 11
45 11
33 13
39 13
41 2
65 17
58 8
62 19
10 6
71 17
11 0
63 22
47 14
24 10
48 19
6 7
65 18
48 12
25 17
5 8
59 8
39 4
49 9
24 14
55 21
6 0
34 6
39 12
70 18
16 19
26 11
8 22
3 19
75 8
13 9
69 18
0 9
35 17
10 7
42 15
31 21
7 18
65 18
54 19
48 17
62 10
71 6
66 1
74 21
24 7
7 10
2 21
9 4
22 18
57 6
16 7
42 7
67 5
21 10
74 11
27 7
15 13
2 4
14 15
45 12
55 7
39 2
70 18
29 19
72 18
12 17
63 9
44 14
72 10
61 1
73 14
47 14
68 12
32 7
0 6
47 10
63 6
28 8
6 2
17 12
53 6
64 18
73 12
6 17
22 22
15 16
74 3
48 9
12 20
41 4
50 6
38 16
20 9
26 10
31 14
28 5
45 18
60 7
8 0
76 0
45 16
2 0
69 13
48 16
8 3
75 20
11 13
12 3
19 20
25 0
2 17
23 0
68 9
4 2
32 6
1 21
43 0
39 5
10 19
70 6
29 16
40 1
31 17
23 20
59 9
58 21
61 10
9 8
25 2
46 5
24 10
62 11
31 20
29 21
72 0
41 3
28 0
49 0
49 22
14 2
35 17
6 16
70 12
18 5
22 4
50 14
14 12
64 13
58 21
68 8
60 9
31 13
32 4
60 6
37 13
72 18
68 13
0 17
8 6
62 2
49 2
40 14
61 8
28 7
14 15
30 11
64 1
71 7
54 15
21 19
44 14
29 7
70 1
19 5
8 18
73 9
5 9
51 4
6 8
76 22
67 22
74 19
21 22
52 15
56 7
64 11
16 4
5 12
47 14
52 6
39 0
51 22
41 2
72 1
19 20
68 19
74 1
25 16
24 6
60 13
29 14
58 6
5 9
20 10
42 0
63 7
49 22
60 18
44 0
49 15
14 8
38 19
74 11
52 19
48 17
4 3
64 19
63 13
5 7
61 7
32 10
9 3
63 11
5 14
56 0
46 15
55 17
63 5
45 18
43 12
55 9
2 9
20 18
13 11
12 18
57 4
68 9
67 2
13 0
65 10
16 12
42 21
4 9
67 19
24 9
33 22
74 13
49 19
69 20
44 9
68 13
45 0
25 14
64 12
3 9
75 6
38 17
22 16
60 21
17 10
13 16
59 17
39 3
16 5
34 14
67 3
64 17
11 19
74 5
34 20
23 7
47 1
29 2
61 3
23 7
8 17
29 0
10 9
35 0
8 20
76 5
59 15
22 13
27 17
73 6
36 8
19 17
23 12
26 5
47 0
57 17
59 3
75 6
23 22
0 22
26 3
75 20
54 3
10 1
59 14
10 18
21 19
54 13
0 22
12 11
31 13
17 7
36 14
24 2
50 17
70 11
76 9
15 0
47 5
44 6
35 9
30 16
19 10
54 22
55 2
23 6
65 16
27 2
75 12
2 2
39 16
19 6
54 18
71 18
38 17
18 7
43 9
45 18
7 13
69 10
1 15
62 2
13 7
51 11
54 4
32 2
1 10
43 15
29 11
62 4
22 16
21 21
15 4
43 3
74 14
71 15
27 14
67 7
10 18
69 11
65 21
24 19
21 2
58 9
75 11
16 13
59 15
4 10
54 1
54 19
12 17
46 8
4 1
60 3
18 4
30 9
14 19
37 17
37 19
71 7
13 17
19 13
44 17
47 13
39 15
65 5
9 17
58 15
72 0
44 9
35 19
69 20
52 13
13 12
57 8
16 15
14 6
58 21
55 13
12 9
48 17
3 15
63 15
67 12
43 2
37 21
71 6
42 10
48 10
15 15
58 19
61 12
64 0
71 21
60 0
6 9
76 10
40 13
67 13
27 14
49 17
70 16
61 4
49 18
64 2
31 3
70 17
55 4
76 6
5 16
31 20
27 8
75 10
36 16
68 9
48 17
34 0
11 20
56 16
40 7
20 21
7 6
49 0
52 11
25 8
37 2
36 4
15 4
59 1
14 12
20 14
53 2
73 1
73 7
28 9
11 21
65 22
32 8
53 13
74 4
24 1
7 0
14 9
68 21
71 15
41 3
76 15
56 19
38 22
5 5
56 16
14 15
23 12
4 1
66 22
48 12
68 17
10 13
31 6
33 5
61 6
49 5
38 12
69 19
74 6
46 12
74 22
55 3
5 17
24 16
58 3
75 18
70 21
29 21
20 21
73 18
8 20
7 13
60 15
64 10
71 11
40 9
2 9
1 5
14 7
59 3
44 13
32 0
46 20
29 21
30 9
72 18
67 22
36 9
51 10
51 2
45 17
76 11
26 2
40 10
8 16
32 5
33 1
47 9
6 8
35 5
69 16
18 20
54 18
18 3
46 2
68 3
38 17
43 20
52 14
66 2
39 21
36 9
22 13
25 8
32 21
25 16
67 16
23 18
6 15
5 17
16 20
70 7
63 21
3 4
66 3
37 18
41 10
49 6
42 0
59 1
44 14
54 15
69 3
68 20
70 4
65 19
49 8
40 10
29 7
61 13
67 0
44 5
65 6
6 5
9 11
8 5
72 22
42 17
52 7
15 20
45 8
36 21
6 22
70 20
33 18
48 12
23 9
23 21
9 4
59 18
35 5
54 10
55 8
7 11
17 4
38 17
43 21
9 7
38 2
0 3
8 16
66 6
38 8
73 9
65 2
75 18
18 19
47 3
11 7
7 13
25 12
42 7
48 19
1 4
0 2
29 13
56 17
4 16
58 5
27 20
32 12
8 3
27 20
11 5
60 19
59 10
32 14
47 21
47 19
1 13
70 16
15 20
60 10
9 21
74 15
1 7
65 14
69 11
9 20
15 21
50 3
53 10
3 15
47 19
34 1
27 6
63 22
22 0
24 5
49 17
22 18
10 9
11 9
45 6
5 21
57 13
30 22
28 4
30 19
19 22
6 18
46 20
32 19
61 7
13 10
51 4
73 17
46 12
75 18
69 3
28 12
36 6
13 4
8 17
57 8
9 8
25 15
22 1
49 1
29 14
75 11
3 10
50 9
26 17
21 14
33 3
29 1
63 10
2 3
16 3
13 7
6 8
1 21
57 3
14 18
58 0
52 6
41 18
38 5
70 19
17 22
10 18
24 11
29 21
34 19
41 9
16 11
2 7
3 8
22 10
55 19
48 2
19 17
39 20
59 19
72 16
22 6
7 20
43 9
46 21
42 16
73 16
63 21
75 19
42 14
32 7
73 18
76 8
1 22
46 8
32 19
31 20
73 14
25 0
38 22
60 0
71 6
40 17
65 21
63 15
25 11
61 13
51 1
23 22
48 15
25 15
48 3
16 22
56 6
45 9
1 19
44 1
69 12
10 18
16 21
37 15
76 5
12 7
63 19
4 21
52 1
34 6
46 20
15 0
16 16
51 0
33 0
49 5
48 3
40 8
33 20
1 0
2 13
73 11
15 11
50 9
64 21
55 10
52 1
25 18
25 3
48 19
20 15
16 20
56 20
48 4
47 18
9 16
33 6
40 13
57 11
9 13
56 7
63 10
38 2
12 10
11 8
41 20
15 17
32 5
37 13
27 1
22 22
59 4
35 0
4 9
43 14
75 9
30 21
31 11
52 7
15 15
12 12
45 10
63 9
74 11
29 9
69 16
61 6
73 16
11 0
33 19
76 1
3 8
7 3
34 22
14 22
7 13
47 14
35 8
38 9
63 19
6 13
47 11
0 13
49 3
76 11
45 0
7 15
30 22
40 19
70 12
1 4
41 13
31 17
72 13
69 11
21 9
66 6
41 13
61 3
55 3
44 20
66 16
39 2
0 14
57 18
60 20
40 10
52 16
6 19
12 1
18 6
10 14
51 22
27 19
37 19
2 17
19 3
0 12
60 3
46 1
27 6
25 15
41 20
18 7
29 12
29 5
51 0
56 0
5 20
72 4
32 7
73 6
29 11
8 21
34 0
1 20
11 9
26 13
0 1
60 8
4 1
73 0
72 2
21 2
59 18
62 6
48 3
55 3
64 12
3 2
51 8
57 14
11 13
3 6
56 4
40 4
48 15
51 6
22 22
9 19
16 3
52 9
59 14
60 18
74 20
3 10
67 11
4 6
67 9
74 21
14 17
26 5
53 21
45 7
69 4
73 16
9 6
50 3
57 22
7 19
55 15
35 11
25 15
30 11
11 8
33 22
62 20
20 17
52 12
25 5
50 18
76 19
50 10
3 4
28 21
33 13
54 18
28 21
19 13
10 1
47 18
12 20
72 15
7 17
41 11
69 1
56 7
4 22
27 13
53 8
11 20
65 17
52 0
37 13
53 1
64 10
40 15
29 4
39 4
64 13
29 4
55 14
1 6
46 11
35 22
28 11
48 8
19 11
63 9
26 11
67 21
61 4
3 10
69 9
