40 129 619
32 51
1892 3851 4762 1699 1028 1142 5105 4072 466 1164 1311 4506 4740 3756 1116 4330 3540 499 2381 3168 2170 145 598 576 689 4237 307 3247 3476 962 2380 3449 2589 4718 2147 548 1638 2030 1512 967 
557 2328 4040 574 1925 2774 1855 3697 3848 3372 2028 4098 920 3174 4849 3391 4319 2310 4136 3900 3431 3221 5119 4736 1987 3868 930 2058 1417 1544 4580 4769 4354 4236 4033 1496 3082 2110 2281 2740 
2848 528 2975 304 3038 2671 3878 1422 4503 588 1386 1781 242 2548 3250 2550 1445 4196 3503 2288 3350 2474 5093 3637 4884 219 303 3977 47 4069 2820 1291 4770 3879 2483 1404 992 4395 2815 4553 
4862 2063 3544 372 77 2871 1539 1281 1102 4113 2606 519 4575 3729 2981 1148 1043 2046 3665 90 1933 802 4514 3723 1954 2803 2876 2337 1613 3387 1801 2677 4972 4528 4376 4168 1610 4486 3928 2914 
3701 4159 840 2064 4858 4832 2554 4245 4230 2508 4826 3306 4757 3320 355 3804 1229 1573 3920 473 330 2375 4811 3088 1388 1552 2033 0 3001 1255 3808 1320 2555 1635 3389 4435 891 1022 3073 1815 
498 104 5042 3362 50 208 3639 2696 389 4833 511 4271 4864 3693 4007 4299 664 1587 4887 1593 3506 4977 2659 2220 645 3779 2413 727 3681 4177 2252 3961 3762 4315 1364 666 2518 813 835 910 
4984 3416 1307 1147 3816 1918 345 4061 1778 3484 1822 4048 1541 929 2447 181 2567 2243 3426 3970 745 2283 2168 4806 2875 3726 2534 734 1491 2887 2406 4341 2086 1651 3499 113 1886 2502 1500 2827 
369 5046 1207 1701 3064 2069 4478 329 4520 1605 3588 2201 3352 4305 4108 3021 157 2825 3008 1203 1409 305 3956 1711 2829 463 714 2482 870 4629 4348 1060 1184 4166 915 2175 4049 4507 2418 100 
2678 3565 4919 1390 1085 3173 4545 21 2632 1216 3448 3341 4866 5039 220 1899 4179 3823 2784 1025 4279 58 1974 3992 5156 5147 4479 3040 2182 972 1336 2023 2338 1868 49 2446 3467 1845 1454 2115 
1051 4456 2506 137 2791 554 4779 2005 2332 995 177 3631 1257 604 2280 2762 2178 632 3179 3444 4497 3124 1733 3006 3183 705 4752 767 4539 3606 4512 3912 57 766 3074 2721 5139 3711 461 4449 
3232 1674 386 2761 4563 3326 1400 1021 153 1950 1113 4556 2081 2726 2469 4971 2516 1208 3430 2484 1259 872 2254 2700 1345 1054 1357 1299 4383 2686 2448 1675 3133 1887 1040 2527 4778 2247 625 791 
1827 1383 1519 13 1343 848 4308 4537 4760 4227 5113 362 1430 599 101 340 3998 3658 2613 1382 3223 642 3483 1037 4902 2008 1027 1428 3775 1181 1650 1220 3594 2579 659 4174 3737 2466 1354 4223 
3893 2865 4406 5079 4982 2814 2716 2612 365 518 4860 2401 5076 1931 4154 2230 2739 2137 3523 4923 3348 1420 722 284 677 851 5074 969 2136 2786 4 1689 324 431 3285 3351 4873 3459 4764 504 
3358 183 2562 4696 4608 1536 225 2754 3149 5129 2262 1627 2819 1124 1327 4309 4175 4727 469 1818 3166 753 1730 5149 2060 1807 873 79 2772 808 4018 4192 1283 224 583 2461 5031 3203 2770 653 
1261 1641 2560 958 3097 2415 603 1241 2184 3608 2682 994 2756 4690 3108 2714 2746 5152 581 14 306 1049 628 3534 4577 4694 2072 1218 3312 4797 95 854 1718 776 150 3604 3343 4748 300 566 
3090 2493 2781 2631 4744 2991 2633 4379 1297 2037 1617 2577 863 3664 4455 3200 5121 114 3422 1443 1122 3584 142 4567 1853 4588 4032 3806 4228 4654 752 712 2117 342 2522 211 4656 2708 364 4132 
3564 2745 258 3113 3264 792 4153 2619 1098 1243 2221 3407 4221 367 2320 201 3642 4578 3922 1136 1750 120 2664 4292 1083 3486 5146 837 5037 1381 1576 3654 3605 2108 799 4505 3747 226 4904 3280 
3401 1150 4999 1874 1166 2796 2462 55 4077 2599 1256 829 74 1693 64 3319 1370 3213 3441 1749 1590 1850 4820 1177 2725 1139 1210 4251 432 2134 3598 3453 4759 1752 5128 1843 847 2777 240 3575 
4390 1992 3111 1856 4742 5086 3830 1392 1788 1975 216 1380 3883 3283 2531 2225 3842 357 3831 2905 637 782 2455 2019 768 3953 1183 4625 4947 630 1095 4038 2885 3013 1999 397 1233 2712 3660 2204 
1683 4324 67 2477 1485 939 2569 1105 4074 2228 4109 570 1653 2425 1748 3551 5115 3524 3858 1123 4995 1224 1728 5118 3656 4700 4164 3134 4702 2127 2122 4888 3788 3458 4821 2061 263 4969 2705 317 
3902 3541 3790 4178 2752 3521 2149 3672 402 4714 2680 1866 4408 3324 99 5009 912 1477 245 3427 1340 4326 3596 2342 2274 1906 3646 354 1897 3346 1658 2073 1806 860 3472 3592 4756 3563 1103 393 
4199 360 350 3840 3832 38 1190 720 2824 1433 272 2171 3237 4516 1792 3829 1231 3632 4688 2330 161 4480 2433 290 1721 1460 2921 1342 4901 3172 4362 1106 4297 1673 1524 322 1502 4701 3471 3098 
1006 785 1107 2173 2836 2272 276 403 2098 2039 3600 5127 2687 2757 1926 4790 5036 1687 5096 4784 711 3408 697 1110 3308 3268 895 806 2440 1504 1546 4191 2325 4709 3760 3114 3282 3703 3333 1875 
3578 515 5029 2428 3374 2934 2389 1991 4080 3266 602 3177 4581 4735 1799 2497 812 3932 117 3055 308 3574 4922 2582 4623 864 2444 4636 732 3303 2076 3070 496 2830 1895 2734 3037 4925 3403 3380 
2062 822 1816 465 3465 1304 2012 1831 5089 3517 1657 4346 4816 4585 2724 2864 2683 5063 4513 2410 2616 2176 4000 173 1393 1729 971 5097 1782 2011 3556 3184 4614 668 4945 1077 3128 5075 4269 4495 
2792 1057 2556 3716 3755 1953 3367 1896 187 492 2856 682 790 1092 467 3539 3995 3464 2563 108 786 2916 2652 3455 3663 1414 2339 3839 2978 3934 4357 4363 3077 2628 2737 418 4423 3634 87 4220 
641 1461 1579 2723 381 2771 28 3461 2197 2439 2151 4344 435 1280 2764 4005 4954 93 4889 2145 4554 4915 4161 1839 4747 1038 4003 2353 281 1915 2973 1740 4209 4001 4737 3582 4749 3041 3558 3311 
1087 647 2416 899 5114 2849 3617 1996 3974 3699 4648 3244 2545 4303 2306 1033 302 5004 3906 2334 3568 4448 1937 2861 2162 3942 5098 805 2159 1402 39 1966 3597 2441 1532 2161 4617 3195 2273 747 
4633 2111 1323 4369 2586 3206 1456 1511 937 2733 624 3100 3275 1882 2882 4861 1293 3784 2489 975 3707 1359 1946 2637 2888 4203 1759 2387 3475 3959 1599 450 3939 3330 1452 3724 3764 1854 65 2859 
2689 691 2906 3636 411 86 2507 1969 1929 4761 3418 3951 1631 3375 198 3627 2872 4332 5024 2790 2475 3622 2963 230 3767 3155 4451 3450 56 2915 3735 417 3635 3897 5047 838 2950 3661 3028 742 
3967 2101 4290 789 1656 2641 4959 3795 694 2742 1597 1772 1221 3300 4599 2394 1962 3454 944 974 3463 3240 3653 800 1127 3238 3769 512 4388 4490 2203 1922 1154 3121 4361 1182 234 1731 4322 2014 
4921 1885 3182 184 4117 4140 2787 2788 3251 3480 477 4734 1529 4653 3288 4429 726 3050 4176 2498 2085 1237 2311 222 3569 5023 3944 658 2465 1567 4500 2124 3785 4774 638 4667 4142 4725 2553 1145 
3228 2093 2357 409 1630 2491 4225 3293 1202 2179 2568 18 408 2611 991 4773 3138 2509 4787 4233 2001 4687 27 5117 1891 1876 133 1584 3494 4583 2393 3384 1211 1029 1317 373 1644 2405 3399 4630 
41 1834 2116 1508 1421 1091 4890 3682 1156 4834 878 3861 4474 1003 1811 751 4705 1561 4060 1458 3536 983 2249 4464 846 5100 209 3938 3648 2419 2961 4411 589 4229 3162 966 5145 178 5064 2053 
253 2130 1554 798 3818 1574 3943 1898 5025 335 1486 91 1940 1457 3650 4086 856 134 385 1088 3702 4882 1615 4051 506 4138 4541 749 2570 2858 3118 3774 3981 3186 5153 3566 636 1066 914 4217 
3864 2744 1251 4482 1114 1908 4157 4445 1247 1399 1494 1646 523 4378 4457 2879 410 3921 3771 1227 1240 1970 2838 1909 66 2707 4498 832 3342 2662 3776 4807 4624 3847 2540 2674 1071 3287 3477 1479 
2246 4550 3106 2972 1668 376 669 1928 2223 655 384 1537 4011 674 3614 3583 2080 5150 3009 1109 3875 4775 1416 1086 2286 1702 546 4929 1459 3983 1755 1058 2511 4400 3402 2536 1487 880 898 3294 
875 3626 2323 2760 4274 1913 1070 107 2651 3773 60 4679 861 228 3261 3273 2799 4088 2892 4650 3586 1161 620 3381 103 4918 3766 438 859 3125 4264 4525 998 510 347 1450 4852 2472 210 2152 
3905 4418 4002 1540 1810 4796 246 1469 4733 1589 377 3687 2958 4855 448 1547 3610 1983 4321 3292 1888 433 1309 3553 3502 4957 1448 5109 3870 2529 5070 2580 4628 2488 2533 1128 3528 741 3160 613 
2661 165 777 2598 1863 3589 1980 4160 2150 1246 1662 1956 547 4440 2118 738 1282 2468 3084 3495 2843 569 1517 685 452 651 5026 3733 2968 3170 3470 3042 4965 4210 3016 3759 606 764 526 704 
4284 4071 1901 3601 2959 5055 2164 3143 2804 868 2844 3443 701 4042 4818 388 595 1423 1692 4823 5069 4611 4311 1612 3933 1607 4446 387 3629 1437 5032 558 811 2411 2013 3516 4526 804 333 2897 
3957 4087 2607 5080 338 3382 1100 3005 881 2697 1375 5091 2881 827 4646 4597 3684 1379 4211 265 904 1418 2315 1047 3047 3698 1236 2186 2939 3557 5158 4259 579 227 4746 2571 4492 485 4273 4524 
3821 243 2215 1520 1676 3940 5033 3926 549 5059 2438 883 287 3355 3299 205 4253 3447 259 707 383 4189 3863 1939 4009 4518 728 2100 4304 1046 51 4743 4420 3732 2045 4031 913 3357 207 3559 
3615 3314 3836 4110 946 1497 501 2181 2385 5083 1472 4531 1549 4082 1152 427 1222 2427 3607 459 3814 771 2096 4213 4367 973 1476 4587 2094 4584 416 816 2333 2648 1852 893 4870 4717 1506 2321 
4589 460 69 4880 3046 1538 4340 4246 451 4814 2242 484 5110 2088 1774 3705 4841 4426 2693 2157 2057 2638 4023 3918 2277 2965 3185 5057 906 3750 2432 75 3485 2629 980 4256 4963 3334 537 4473 
1239 62 2748 4062 3738 3085 688 3068 1329 2573 3585 561 2747 938 1042 4339 803 2199 2834 514 1848 1669 2614 1936 4564 3862 2371 618 1507 4739 535 3676 3325 2224 681 3695 4201 4943 3344 3115 
2561 3537 3058 3434 3212 3086 4073 5102 4356 4436 2264 2982 4458 1005 2481 1509 160 1761 3807 3612 750 724 894 2898 1849 4394 3310 5058 5065 679 1923 652 1228 1451 4695 5082 3167 928 1180 3778 
2937 163 3538 1865 3003 146 2954 1611 3225 4300 3547 5092 2105 687 4544 3049 3419 4452 1664 2370 319 1637 2237 4091 4914 4552 4015 1014 2500 1271 2801 4432 3410 3783 2016 1170 4920 2200 1444 796 
3546 1756 1523 2285 3354 739 1649 3985 30 268 4670 4827 5022 3645 4738 4472 238 2424 1920 3543 132 1171 3122 471 3075 4502 186 1273 370 4515 3368 2609 1024 2024 46 1266 810 1768 4067 2464 
4893 4731 2066 4162 2841 4713 3787 2676 773 2802 2378 3024 2251 2880 746 4401 2828 1169 1661 4835 3720 3611 1401 5011 1196 3445 188 4703 1562 4216 5142 3748 508 3986 4782 4441 3262 363 4374 2765 
1305 2266 1783 1582 3383 440 2309 327 4030 4638 214 4334 1321 3667 2890 1149 1578 221 5072 3339 1260 4239 3845 2169 4538 4560 1119 1347 1601 5143 111 763 231 1647 1298 4447 3815 820 23 2408 
112 270 4651 2566 4615 1069 4335 289 2366 4662 2546 2634 834 744 977 4642 1010 3029 2317 3094 3302 4097 2326 456 3671 3457 3336 1967 3276 3910 2605 4262 4036 3257 3945 5134 296 3007 2904 1274 
4927 2282 3224 2910 4785 420 2367 2850 5060 1002 3613 2404 2524 4686 3178 1703 2289 4535 4419 1659 2927 4165 1583 943 1319 3337 4386 4439 2946 1277 2735 927 4212 2964 3678 2470 2356 2643 4523 1622 
1804 2193 1132 2374 280 3625 3390 2526 4283 4442 3156 1330 1780 3824 616 3307 2040 2623 573 2539 405 4716 4569 1481 2617 2218 4952 3749 2989 3621 2783 2835 48 2287 1924 1394 1594 1557 9 4754 
1672 217 4803 996 1766 1284 756 2969 3509 1355 3235 1296 378 4468 215 4371 3727 4281 1626 5131 2234 1690 4579 3545 4347 3567 3322 4517 1727 3468 3915 4763 3988 4377 3941 2769 2913 3406 2379 1076 
3936 2806 2710 4028 955 2551 3025 2 1158 1175 2743 2944 2213 2672 3792 154 2180 4195 4935 670 2984 371 1099 4998 344 444 4084 4676 3019 1121 1685 2191 1238 2706 2496 593 476 4275 779 4333 
1344 3144 1464 3015 4529 282 3030 4950 3010 1971 2517 4222 4481 2999 4090 2131 3999 3229 2604 1526 2621 2227 2163 3624 1719 2669 5001 1094 4704 3888 2869 1919 762 702 155 874 3843 3255 5 3093 
1914 4277 1860 1225 1205 4788 4476 1326 4014 1670 2407 3254 1973 970 5148 3694 3903 2951 3803 1821 2584 2600 1275 3488 200 2941 5154 3157 1616 1757 502 909 2300 401 667 4331 2463 1604 1802 1769 
556 2400 1140 4865 1785 2102 4881 1436 3180 279 1353 2822 5107 1521 1016 4859 2208 1356 1978 2190 541 4188 2052 3794 267 5125 404 678 2953 3146 4846 4291 4804 4612 2099 1709 4350 3089 3304 1413 
4190 44 1009 176 17 4104 5106 3440 4163 662 1026 3048 4234 4837 158 4607 2160 2576 1053 2298 1632 3811 2074 4768 4336 1188 4664 2436 4808 4595 4844 4147 2002 1455 2392 3768 2907 3279 4903 801 
4975 1012 4551 3215 5112 116 527 2172 4261 3409 147 2219 233 434 2006 2478 4493 170 4720 3789 1129 4130 988 2143 1226 1762 1052 2681 202 15 888 993 2177 323 710 445 597 1427 4172 400 
2647 3866 4425 4847 997 2798 1300 692 1858 3429 2797 3 4857 950 1389 4970 4499 643 443 4559 3233 2852 1556 4035 2129 4208 2082 2195 2952 1714 251 189 2097 719 337 4936 1093 2301 3371 1900 
102 4471 1483 3838 4489 2730 815 2390 3171 3187 2985 1318 4103 1775 1201 4135 3872 1564 1930 1698 1131 4338 4673 1838 2912 4641 2943 4467 2331 1859 4337 4392 3798 4549 1917 4693 1826 617 4424 52 
567 1112 2185 4521 2995 2084 3069 4129 1153 2070 3491 1941 3860 3067 1232 1373 4626 2399 1841 2304 1328 3000 3087 2732 4856 3474 1960 260 5052 1629 565 3014 4791 4993 5016 3885 4753 1715 4185 4260 
2920 106 1338 1833 352 3587 4783 4942 2457 2347 487 4252 521 4477 4568 4250 4851 4772 4293 4302 858 1558 4712 3205 517 2295 470 2519 2587 639 1435 4603 4934 1572 4151 1870 5124 4057 4487 4039 
663 4758 3039 4270 297 563 3730 896 693 2291 1959 3373 3274 1754 4288 239 1493 1104 1535 3741 3175 1488 2813 415 5116 4620 925 3126 1516 545 2253 2657 1270 2460 4530 4723 414 867 94 3152 
4565 1633 3386 4692 277 580 4101 3398 4121 78 12 2383 531 3150 866 507 2608 935 2807 4897 2471 3034 3618 4680 1588 2027 1681 1560 3542 4848 3365 262 1377 3898 2809 690 2768 4776 933 4019 
4381 3217 725 196 780 3242 3214 4152 71 1035 2142 1191 2891 2174 4215 4173 1976 1263 698 5138 3421 2572 343 185 2043 3925 3800 1894 4017 4469 4951 2893 4639 3332 1812 4076 959 2640 540 1484 
948 3593 2271 4543 4883 4207 3809 1197 3394 2895 33 3385 8 4055 700 2557 1278 5018 3148 3706 4405 3834 4170 1346 2722 3396 1981 836 494 4214 1800 4916 2414 5095 1398 2646 3241 480 1144 2279 
4041 3376 4460 2900 2226 755 3151 729 4845 3139 1194 293 2727 4397 684 3020 4127 1977 244 3236 2993 53 3081 4258 1415 4454 3359 4997 3481 869 3265 1165 5048 4004 3736 2753 3628 2183 2222 3911 
3849 3937 981 446 2938 3101 963 5019 2851 2382 3552 1706 3786 131 4167 1979 24 3554 1609 2883 2090 4622 2495 4896 2138 2625 2113 1213 611 3404 4181 1779 2728 3137 1425 458 1847 241 3856 3659 
3492 5078 1510 889 1080 4941 740 3043 2832 2269 2453 3220 1138 4342 2595 1075 4255 4697 3591 4158 3065 1636 3425 2688 1989 2552 129 1857 673 2654 976 1041 1932 1725 631 2109 2452 4766 945 3298 
2402 5123 1339 3258 286 2188 1023 5050 4243 1634 4431 2863 818 1603 3095 2354 42 2421 1245 717 4912 2673 5008 947 828 3746 4289 525 3230 4047 1446 2896 5013 3066 3353 3189 3072 320 474 3549 
3891 1938 3889 2256 3446 577 830 572 4937 25 4661 4092 4604 3964 3550 553 3202 735 2245 1550 1198 3176 206 1234 424 4095 4961 3253 3996 1803 4842 2874 765 4453 4840 842 2123 4805 5144 3154 
313 1964 4781 3532 3181 1315 1878 490 4438 819 3853 1248 1903 292 3960 2513 2054 2514 5141 1985 3505 3479 1688 3201 4815 1577 3880 29 4360 2842 2933 2818 3734 3315 3411 4522 3919 4627 5040 2231 
1072 2690 1395 4571 1696 4765 1738 4415 923 315 1988 3852 1773 2239 3158 118 1682 4224 4711 4684 175 3369 4010 3801 520 2840 45 328 266 931 2558 4328 2026 965 4601 3560 4349 4973 3791 2986 
2456 3188 1498 4318 2715 4659 4384 127 169 4483 3056 3105 901 1961 1765 2499 3199 4231 584 850 3512 3844 4800 4370 4114 4124 70 34 3091 1162 2974 4755 4089 2808 2805 2316 4197 1490 3392 1332 
814 128 3770 2749 2731 1219 4598 3573 2345 4320 1952 3616 4102 3743 4767 4056 2336 3096 1179 321 1678 4402 4059 4012 4193 3327 2699 2258 4280 2270 509 3761 4536 16 3972 2505 4008 4802 4329 4205 
2167 1115 5101 4574 2025 3080 2870 1770 4836 5054 3923 1 1159 2966 797 2029 3500 4989 2889 3857 2510 1737 5135 529 1000 2948 2350 316 3191 3913 40 361 646 1470 2594 2785 3850 4412 2867 926 
4146 4065 4886 4643 314 3731 4413 2656 2955 1478 1873 4186 4248 2135 1862 359 1111 3023 2275 2544 1720 4926 4594 3927 5067 2103 310 4905 1408 380 2018 833 2642 3136 4732 1624 2038 1172 5151 918 
2602 934 4141 4906 2987 3855 1907 76 2059 2458 257 2532 4044 2949 4145 3022 4238 5028 2694 4352 4094 4391 3993 2775 475 2627 2141 3994 1563 2431 1073 2260 1096 1078 2810 1592 3643 843 2004 1001 
5007 318 1030 4353 2492 4932 4182 2528 2216 1665 594 3045 3286 4045 4043 1943 793 1141 1871 190 1555 3002 2248 3044 195 3638 757 1334 4433 656 2763 2042 4647 3619 3370 3571 3742 607 3331 5136 
4171 123 2261 2422 1570 2549 407 1955 2909 1249 1786 105 349 4484 1187 3520 3309 1880 4558 5044 3640 3641 151 4978 4944 1514 3754 1809 703 3417 3826 721 3295 3581 1397 1185 3466 3130 2340 4958 
2146 3935 97 1453 555 54 254 4461 1747 3819 3715 2294 1295 2578 4909 3709 1753 4052 2384 3890 2624 4021 4831 332 1130 3991 3222 4232 1708 857 3420 85 2845 3751 3397 1387 1671 2925 4459 4547 
4562 2007 1697 1013 4548 505 148 3360 4183 4892 1269 1209 2601 479 968 1250 1242 4838 2639 2473 661 2741 1361 3413 3159 1525 2940 1429 5035 3644 2782 877 4793 908 4202 2490 2665 1258 325 1290 
1710 4699 1303 1471 1108 4116 394 3859 3127 4795 1869 3976 4063 716 4949 2358 2257 1199 2210 2075 4968 5120 2479 3216 2365 5085 1995 3673 3562 3493 144 1301 4618 4917 2035 255 4987 2423 2759 3017 
917 1289 2620 4444 1348 3487 952 3518 156 807 4632 4557 136 1018 4380 2106 1352 453 3602 2207 1963 1846 2369 1465 2341 696 879 2585 4475 2187 5034 3193 481 3882 2351 3712 2670 2960 635 2559 
3267 3728 4421 4813 1374 4721 3533 1679 2079 250 4519 1287 2542 22 2259 2000 3683 3340 4960 4590 4955 578 2050 395 356 564 2855 3104 3758 4287 3802 3837 2930 1068 4387 1819 1744 4118 3400 3514 
2817 3954 3196 2388 3011 4891 4366 1648 2487 1306 3696 982 627 1268 4635 3269 3841 672 2364 3603 956 2205 3884 1642 3950 534 940 412 3827 3780 3388 89 853 2691 2238 4634 4786 98 754 2947 
1542 3763 3504 2644 3116 932 162 2451 5045 2480 35 4924 197 1840 2564 1468 3765 229 2442 4026 4254 2615 2918 3511 4075 781 676 3825 924 1244 3278 2133 3526 1789 4242 3301 2588 2650 1034 124 
497 3896 2967 1883 2541 2386 2034 43 3393 3451 1825 1167 3529 3899 72 232 121 1252 4572 4677 4825 823 4078 1830 4854 140 922 1972 2812 1619 1958 614 1007 3871 2268 3704 4034 2713 2396 2397 
164 855 3690 3317 987 733 3692 3914 621 3053 4879 3828 3204 353 1082 1163 3036 4586 2373 4466 4591 4966 493 4724 3135 4307 4817 298 1442 2041 2229 1174 3677 1097 110 2789 26 4240 2119 5103 
4119 1341 612 2994 4907 4726 1405 193 122 633 3211 3057 4027 1045 5111 2435 4488 1378 1434 5087 1553 2363 2983 399 736 2750 390 3164 4990 2087 788 4105 5003 1921 1475 610 4358 1820 1842 3328 
2361 4613 2412 3031 839 4295 551 1178 4899 3909 4294 1438 3958 568 849 1575 1998 1366 2165 3901 3439 4125 960 978 550 4029 2445 3527 2811 278 1515 1911 709 4830 247 1571 4665 1146 4006 1518 
4313 3239 4792 3318 203 1253 713 882 3895 3623 2597 3971 989 3714 1951 299 1824 4962 4994 2343 1089 2104 428 2837 3886 4940 885 3686 2156 3561 2307 1403 236 3555 4144 2823 309 2232 1614 2313 
2132 1031 1606 3535 4155 4606 4992 2853 1598 2051 3722 3092 4226 2047 3234 4640 1722 2312 1084 4730 4373 1745 5000 3655 3112 986 2263 2056 1193 2048 4462 1337 2255 4956 1734 2917 1968 1212 4853 522 
3284 3548 269 3609 441 5155 358 2935 4658 2873 3060 1655 4979 1050 1189 1628 4707 2299 2067 3190 1527 1482 3194 1288 1890 3949 430 3153 2071 4542 4508 2020 2766 4794 4741 1406 4869 2704 3652 2718 
3161 1704 1640 5041 3963 4120 4128 391 4829 3428 3169 1125 1684 5099 3721 769 4219 1118 4946 2795 2719 2485 2962 4789 457 4799 192 649 425 2112 3620 1135 4184 3887 2501 2979 4824 4728 1489 3145 
2022 1879 2017 2977 1235 294 3270 218 2956 73 3366 4496 379 4465 1134 1192 3083 1844 4669 2372 4463 1793 608 3436 1986 3531 2833 3710 2297 1173 1004 4689 3142 1079 775 3496 1324 1776 4450 4682 
4706 902 4593 4877 4750 249 1474 2992 4200 3469 1796 3739 737 1410 2590 654 907 4100 3745 4122 4878 941 4263 1447 3662 3272 571 2125 665 3140 2668 4527 4404 1462 2667 4980 723 683 1569 1294 
3966 1230 2663 374 2403 2603 3525 4911 1726 1286 1117 1851 3437 4991 2398 1596 1828 449 406 20 3165 4839 5061 2780 3708 4107 2044 3131 1407 3968 5030 3412 4416 5088 2250 2349 180 1285 4022 4771 
942 817 4810 2703 2695 2751 3004 4561 3700 2911 862 213 1837 3989 1391 4414 2971 3192 2794 4885 4156 1691 3630 3219 1396 2355 4652 3313 1065 3051 3347 2032 1700 1168 3657 2922 3316 204 2660 1741 
3916 1739 88 524 1808 3012 491 288 2901 1411 4983 4437 532 1155 2144 824 3668 4895 1312 2543 2449 1310 964 182 4265 1362 3305 795 63 1713 1743 2068 3052 2276 1302 4310 4666 295 1419 3379 
4708 4112 2878 3482 482 421 758 4298 4948 961 4663 1654 3796 3965 2537 61 172 3415 1794 865 1948 2666 1528 4241 4668 3035 2884 1206 591 3670 821 513 2360 3869 2211 1325 3810 1314 2523 4605 
2290 2417 2031 1358 4399 4573 346 5015 1195 605 876 283 1501 4398 844 1817 2778 4204 1814 2868 787 3777 774 2128 2738 3321 3501 1335 3197 3209 623 141 2675 5051 731 1760 3478 4375 887 2773 
2990 4985 4874 2296 2091 2821 4244 1015 675 3633 442 671 1723 1680 2767 500 4066 3570 3102 1548 2189 1945 1666 1545 4953 2430 4422 2936 4974 3099 1889 1372 1055 4148 5140 2736 539 4745 2575 4286 
2826 1019 4967 3061 2610 4510 351 2308 3580 3147 3329 291 3435 1351 5137 2720 1074 4267 3929 695 1881 81 3063 5159 1705 3489 2078 2525 3685 4382 2636 1467 3210 2945 619 1426 2831 2758 533 3892 
4306 2153 5073 2645 3018 212 341 2923 4064 478 4715 413 626 845 3323 1912 1798 2776 4986 5094 4675 1990 2980 2241 462 4691 951 348 3669 1993 3822 2581 264 3865 5062 4053 3263 1864 486 622 
575 4504 1292 1916 489 4428 5002 3433 3032 1463 900 2530 826 464 256 5077 3846 4355 1742 2565 1376 2860 4385 3530 4470 439 542 1371 285 784 2503 5090 2998 3438 4868 3752 660 4327 4719 1032 
5104 2924 1771 199 1126 1160 4372 4149 3129 1652 2267 2322 1724 326 3688 629 4582 143 2429 1677 1466 2547 82 1767 2265 2997 1020 3345 1279 1039 4913 1751 311 3793 4247 783 4282 1533 1368 4316 
4417 4131 1639 368 2685 3805 1643 1204 4532 3987 1186 3835 1432 1927 483 4276 2154 2847 149 3782 543 3725 1813 4093 903 1531 3296 4296 2192 4621 3680 1090 911 4317 135 2434 2793 1440 984 4511 
126 4194 3674 825 59 3955 3246 3277 3781 2010 1223 2036 5132 3076 4325 1695 3649 1694 3119 2957 2120 4501 2494 11 235 1101 4434 644 5066 4871 1063 1836 2684 1264 957 3335 472 139 3952 586 
3917 2635 4928 2857 3924 4278 3519 495 4996 4534 3717 3978 3054 1365 954 4046 2521 1543 3577 2698 237 1265 2592 2121 1600 1746 1385 1157 2240 4533 96 4570 1585 2504 4939 2653 2155 2021 3062 2862 
1732 2391 1061 2212 3510 1777 3508 1360 2114 1350 4631 2596 2303 4235 2928 1513 1667 1056 1008 1982 4910 3026 748 2077 2486 3946 601 3297 1758 5126 2377 536 2467 3651 1522 4933 1784 271 4644 1565 
3854 5056 5014 1495 174 2196 3110 4013 5038 4368 1823 1044 4272 3079 1717 4672 4546 92 3163 3576 809 1254 596 892 83 4410 4187 3969 2476 600 3833 4143 761 3982 4931 125 921 1942 36 5021 
4218 3109 4016 3356 4509 1120 4351 4596 2583 398 3208 2166 590 1602 261 4079 3103 1829 936 2003 4312 1215 4111 392 5133 1595 4407 3797 2139 1431 3973 503 4592 2538 3877 4540 1363 4722 2126 3719 
3218 2755 4850 4266 223 2919 84 2095 2626 4393 2459 275 4396 4139 3513 1591 68 2877 1618 331 3522 3572 138 5081 3799 3256 3078 680 718 4058 4710 396 2233 4600 1214 3948 2359 2065 3432 1905 
1384 657 5012 3226 437 80 191 3647 3813 3930 1707 4843 4198 4345 699 770 4649 1449 4637 1645 4301 4365 2346 544 1957 609 760 4822 1333 3405 3198 2244 1151 5049 2450 4020 2655 2574 1200 4050 
2426 436 916 3252 159 2970 615 1795 4678 1716 1712 2083 990 2929 2305 560 4409 2329 2368 2148 2591 3456 1736 4491 3378 4898 3874 552 2198 1997 4137 4809 3033 2512 152 4364 3812 4777 3107 2902 
871 3975 2894 312 4025 4566 2324 2931 1568 4681 4323 2420 31 454 4645 999 455 1036 2395 4430 19 3894 3207 5068 582 1011 905 3713 4812 650 5053 562 2996 1133 5006 5130 3931 5017 1369 4359 
1331 1835 5084 4054 447 1608 4106 2049 2988 2702 3997 1559 1530 1322 1217 5157 1877 3873 109 516 949 4126 1944 336 3497 3980 1267 194 2443 3772 4576 3579 2701 4657 1276 2679 171 2800 4494 423 
4729 2711 4115 1763 831 4314 1143 2352 3820 3132 37 2717 2015 3590 4872 852 3515 919 168 794 3979 3675 4801 3867 2209 4619 1861 4863 4609 3291 2319 1949 587 4876 4908 4988 166 3595 2206 1735 
2437 3679 2839 4427 426 1872 2816 2235 3947 2318 1176 248 1081 4206 5071 4751 2618 3442 2886 2846 1499 2779 559 3259 1935 2903 4602 4698 2630 2658 1934 179 3281 4133 3071 2344 32 2362 1790 2593 
1551 4671 2158 2202 3962 4257 3452 3248 4085 4081 1262 3507 2302 1412 4894 3666 5027 2089 4660 538 1059 3338 3059 3271 730 3718 2899 334 4285 1441 4555 4828 4819 2284 3462 4083 3423 1586 130 2515 
1492 2055 115 2692 1832 5005 4099 1686 3691 2107 1660 743 3349 4616 2520 2217 4610 167 884 2376 2622 4683 1984 3141 4900 468 1349 3290 339 1623 778 4674 897 4981 1663 1910 715 4389 4798 1503 
1062 3904 2009 953 585 2292 1787 3908 4024 3027 4180 3753 5043 3984 772 4685 3817 1064 1017 488 3377 4930 4780 2908 1048 3498 2976 4150 4123 2236 3881 979 1791 4134 3289 706 3364 759 3123 301 
2335 1625 3231 2926 3245 422 252 686 5020 273 1580 4169 4964 4875 2194 3249 2854 274 4037 2649 4403 2092 985 1367 1904 1424 640 3744 1884 1867 3907 3120 2348 2214 4268 3260 1272 3599 3757 2942 
429 1505 4976 5010 1947 1473 4655 841 3361 886 1439 3117 2729 5108 2866 1893 1316 1902 375 3243 592 5122 4938 7 2278 3490 419 1965 1620 2327 2535 4068 119 3363 3740 4070 2293 3395 1805 382 
10 4343 1566 2709 3990 648 2140 708 4249 3460 1137 4096 2454 2932 3876 3227 366 890 1480 530 3689 1764 4485 3414 1534 1581 2409 4443 1621 1067 1994 634 6 2314 1308 4867 3473 1313 1797 3424 
5 87
1 57
9 57
36 28
20 17
2 0
16 57
17 29
15 86
30 115
30 32
34 53
2 109
11 89
31 100
32 6
6 67
7 15
34 96
24 3
38 67
11 64
36 26
27 56
17 126
16 117
14 66
38 79
8 55
19 83
10 99
23 33
28 32
16 70
11 82
0 3
21 63
19 51
15 121
19 48
0 78
4 32
35 88
26 60
25 33
19 110
3 54
18 96
37 71
24 67
38 44
25 11
39 73
36 122
14 18
19 22
11 23
2 21
24 9
2 28
30 106
39 87
18 12
0 89
16 74
7 43
20 63
30 57
36 23
23 77
17 4
7 99
13 77
37 30
12 23
25 18
1 87
22 119
26 67
11 34
20 111
5 125
5 3
26 122
25 21
25 27
27 1
1 89
24 98
31 80
11 56
39 64
18 118
22 54
13 30
39 71
23 88
17 125
22 61
35 91
14 83
10 91
25 89
11 58
24 54
0 71
7 124
22 55
37 12
7 38
31 5
9 117
15 118
38 23
24 103
17 94
36 126
0 84
9 9
16 116
26 96
39 119
34 100
31 28
36 86
28 36
14 56
28 18
26 99
22 96
1 30
15 12
39 94
38 81
16 67
25 45
4 40
32 90
32 60
7 74
1 0
20 62
32 20
34 23
5 46
6 64
7 125
38 52
36 58
8 47
11 49
16 83
30 86
26 39
29 79
22 68
27 61
39 117
29 97
37 117
21 75
12 12
15 116
8 47
30 46
5 118
20 81
24 15
27 122
35 30
31 4
33 66
22 125
15 92
38 102
21 18
30 85
17 122
14 60
31 67
25 25
34 6
22 118
0 7
20 18
34 127
2 28
8 66
29 106
19 101
31 13
36 125
26 99
15 126
25 113
5 94
20 66
29 127
22 63
9 128
11 27
14 7
20 95
11 73
28 88
29 87
35 14
37 15
24 113
31 44
39 119
34 116
38 31
25 15
5 50
5 13
25 111
23 55
0 115
4 24
31 93
7 67
24 1
35 116
3 70
34 116
18 3
16 90
18 80
13 18
18 32
20 10
26 122
1 47
5 111
1 49
1 40
39 127
39 6
29 91
1 86
34 7
34 68
3 4
36 73
36 59
17 127
1 58
11 15
14 128
24 5
33 3
4 5
22 85
5 121
23 103
38 28
6 60
11 97
5 1
20 76
37 80
4 113
12 95
6 42
27 42
17 91
26 96
18 113
6 71
20 89
5 64
35 23
23 85
1 121
13 24
33 90
29 128
24 116
27 72
26 94
19 92
15 86
13 61
7 55
3 14
4 10
25 91
7 115
34 128
12 76
21 119
39 62
28 98
22 97
3 31
10 50
4 67
8 77
39 92
38 98
16 4
29 34
1 34
6 62
36 23
0 43
38 32
23 116
36 30
28 73
9 118
7 110
20 41
36 22
29 29
29 68
22 21
22 96
18 99
15 19
19 39
8 58
9 95
19 39
39 128
7 59
9 127
4 47
24 95
0 98
18 128
11 60
24 20
35 16
33 110
0 35
16 109
11 31
24 27
1 97
10 68
22 41
31 42
1 101
25 117
16 102
11 1
6 123
24 91
37 41
19 68
12 76
22 126
23 115
33 87
36 85
38 91
22 97
22 3
15 90
39 35
26 86
29 110
36 39
33 122
8 122
6 102
27 79
23 63
29 122
12 72
28 55
11 62
19 14
11 10
26 66
12 94
34 49
7 126
33 125
25 55
3 41
3 47
7 68
4 69
12 116
11 19
0 125
35 124
15 70
17 83
25 75
12 106
21 16
23 81
18 56
38 121
0 22
13 3
5 26
33 88
0 47
17 4
24 112
38 113
5 9
12 110
34 4
10 28
36 50
31 30
18 67
9 38
29 90
18 123
4 13
29 119
19 52
31 125
0 126
32 19
4 51
34 29
36 91
33 40
20 42
38 9
29 22
7 43
26 4
17 44
33 94
22 72
35 79
8 47
10 82
24 78
10 59
39 25
35 111
17 119
18 84
28 47
21 7
3 107
9 118
14 124
22 109
11 114
22 105
20 108
18 4
3 49
11 76
22 104
27 112
19 127
8 128
16 44
34 19
31 19
13 81
16 94
1 44
28 18
12 21
12 9
20 62
34 3
6 8
3 22
20 70
38 69
30 28
5 9
2 113
19 39
21 21
29 12
17 9
7 28
8 22
11 128
8 115
17 120
27 83
0 42
9 106
34 68
29 36
26 15
11 69
31 30
33 89
2 1
33 86
0 96
5 114
38 10
11 0
18 122
36 83
5 82
21 73
3 54
16 75
37 82
29 67
9 19
3 95
25 64
13 57
13 110
19 99
23 102
19 93
28 126
6 17
3 72
36 11
23 52
20 84
10 54
10 60
8 115
15 83
14 126
30 4
1 41
27 82
18 94
0 74
0 76
18 75
16 77
14 15
39 40
9 68
3 102
13 21
13 46
39 40
5 99
1 73
0 127
30 4
28 26
30 128
38 32
39 19
28 37
20 37
34 15
10 96
38 87
18 21
34 105
6 26
18 116
23 88
26 77
4 23
35 123
17 120
32 39
19 32
34 52
5 43
20 120
21 26
19 12
6 89
10 1
7 91
24 60
32 10
12 81
10 112
17 38
39 81
36 58
3 94
1 102
38 99
36 60
39 8
4 101
35 90
0 5
14 46
32 23
15 41
14 24
5 26
27 74
33 66
26 1
19 16
3 117
13 112
2 90
15 55
36 67
17 48
6 74
11 93
18 42
12 96
36 55
12 0
26 59
7 116
0 54
14 57
31 78
1 15
7 30
0 66
