39 21 6464
25 7
342 297 605 387 63 783 392 319 365 329 272 143 57 440 391 369 505 627 326 7 484 742 730 482 458 130 413 625 76 714 705 633 587 795 282 755 226 291 405 
44 792 486 357 135 465 569 774 438 31 84 560 521 531 214 317 574 224 327 212 785 237 546 278 704 102 160 14 802 264 33 789 207 561 577 562 579 144 312 
447 566 382 93 593 607 255 124 187 344 616 436 514 58 148 638 288 53 797 30 86 217 65 155 677 470 753 60 732 81 376 316 415 246 287 778 495 107 421 
364 532 775 474 467 758 146 228 154 4 526 817 736 665 782 267 284 739 448 684 118 363 141 614 253 24 325 414 304 279 109 368 349 252 622 128 116 232 100 
350 454 29 523 261 258 626 186 745 262 779 308 547 738 85 263 13 343 220 292 442 719 557 16 563 545 241 434 416 184 508 77 377 23 388 491 95 478 83 
713 313 553 646 452 286 131 520 780 158 129 269 71 222 595 9 793 11 393 384 717 390 323 419 423 354 375 373 157 340 620 575 142 374 25 439 193 35 558 
41 221 283 420 480 776 499 333 339 555 635 689 18 685 149 422 710 371 418 367 275 472 175 310 356 578 303 656 673 744 337 816 485 171 251 3 589 73 544 
341 432 598 139 804 229 276 754 764 541 599 28 289 188 199 20 679 519 760 225 703 654 658 707 604 8 668 94 66 539 631 513 266 395 537 509 564 290 56 
761 721 352 556 709 698 285 219 507 12 460 548 209 307 769 528 0 815 624 715 639 741 75 661 619 37 181 809 173 584 511 756 682 580 306 601 583 385 706 
504 683 176 170 746 675 680 788 576 766 358 330 105 554 700 603 328 150 634 215 572 360 462 724 549 401 571 338 594 590 446 767 498 318 231 617 735 64 206 
223 40 664 814 108 153 496 197 615 67 653 320 534 21 481 293 787 791 115 543 492 305 489 244 716 559 551 643 642 301 686 412 82 92 103 54 718 444 248 
640 125 249 39 522 372 506 429 799 483 398 345 50 254 609 240 195 697 43 582 383 670 346 530 672 247 394 694 464 5 314 728 659 378 479 734 336 655 781 
424 257 733 126 230 565 404 811 366 433 112 636 137 69 309 608 712 359 114 117 667 488 666 270 211 38 15 250 696 162 493 768 99 644 417 455 403 370 216 
473 189 796 355 172 807 475 88 152 259 794 198 445 167 51 542 629 695 726 26 772 540 567 353 596 277 550 120 218 302 27 737 536 662 36 322 78 457 450 
42 46 389 256 727 524 623 379 810 48 427 45 234 568 101 136 747 49 461 399 759 178 435 497 324 200 156 515 182 800 441 449 295 321 740 749 468 238 692 
347 265 570 552 581 431 610 294 691 243 96 409 459 402 801 400 299 585 79 122 808 750 260 748 210 641 110 271 588 397 242 273 74 720 502 208 763 194 311 
451 205 777 164 61 315 428 437 503 597 408 281 723 798 660 111 89 592 538 606 663 687 501 613 381 518 80 55 204 681 535 669 361 32 430 771 300 203 123 
516 453 790 163 72 386 621 239 351 179 773 573 183 765 648 812 106 510 512 731 233 396 784 147 113 591 671 91 751 134 140 443 752 180 762 477 425 133 693 
185 650 533 362 168 19 161 334 426 657 517 235 722 274 487 645 471 632 348 649 725 34 637 201 743 169 145 97 757 813 494 280 1 702 159 165 711 151 90 
10 202 119 236 500 52 380 690 708 688 213 770 490 138 191 98 47 699 335 803 59 62 70 268 805 177 22 411 466 525 469 332 600 196 127 87 331 676 618 
701 611 527 407 456 227 192 166 298 296 651 174 729 786 818 612 68 476 6 406 2 410 17 647 630 190 245 628 132 674 586 602 529 463 652 121 806 104 678 
33 2
19 3
25 6
15 17
20 6
23 14
36 18
4 12
26 0
12 11
18 8
27 6
27 4
16 14
1 8
27 16
6 4
0 4
5 2
1 1
35 15
38 5
6 3
2 6
22 3
11 18
33 2
0 9
31 2
4 0
3 12
10 12
35 20
0 9
21 14
32 3
11 17
1 8
27 18
32 8
18 20
27 20
28 20
6 6
27 6
7 7
27 0
37 0
18 8
8 7
25 11
4 5
1 14
34 16
21 0
18 18
6 1
16 17
10 4
37 13
15 2
38 3
15 11
3 14
32 0
13 5
37 0
9 18
21 15
33 19
14 19
34 12
2 1
6 20
15 14
11 18
33 15
35 6
3 20
14 7
36 3
28 17
36 16
4 7
14 9
29 4
11 6
12 12
28 8
6 4
32 0
0 16
27 0
3 20
27 11
33 10
22 0
23 9
15 8
23 6
35 19
25 9
3 7
12 2
9 8
18 7
10 0
31 2
31 17
32 11
35 5
23 7
31 13
37 14
24 0
27 2
8 1
26 1
21 20
38 15
28 7
7 15
13 12
3 2
21 6
4 5
8 18
13 19
12 12
17 14
25 1
12 18
9 14
16 4
26 9
24 4
10 3
16 1
3 3
33 14
38 3
24 3
8 2
5 8
11 5
32 14
6 19
3 16
32 14
6 6
31 1
6 5
34 19
28 11
21 2
26 4
29 16
31 13
8 3
32 2
33 6
31 7
6 6
7 17
22 13
36 3
18 7
12 20
14 2
34 0
27 15
0 18
1 15
7 20
8 19
1 17
37 20
26 16
13 8
11 13
29 2
5 0
29 5
24 20
13 10
38 1
18 11
30 19
16 5
33 0
19 1
27 2
23 2
8 18
8 12
13 19
27 14
19 10
29 13
14 17
8 19
24 2
17 11
6 3
31 7
26 10
32 6
26 15
35 7
20 4
13 10
34 17
5 3
13 19
24 19
0 5
31 17
32 13
18 5
22 7
3 9
8 12
29 14
14 6
5 9
5 14
17 11
15 10
26 8
19 2
17 1
9 1
8 13
29 10
32 3
31 18
19 4
34 14
8 8
4 6
35 2
4 10
28 20
9 4
9 13
2 15
33 13
16 13
24 17
12 16
1 9
26 14
16 1
19 6
25 15
32 15
27 12
4 16
36 10
19 4
8 18
0 20
26 2
12 15
33 7
1 13
1 3
14 9
22 1
38 1
6 14
13 5
12 8
4 15
20 15
13 19
6 18
23 6
10 5
23 2
14 8
15 17
15 11
15 4
14 10
16 15
17 8
20 19
31 9
19 0
6 1
23 12
16 4
12 19
8 18
3 18
11 0
33 1
29 20
14 15
20 19
3 15
19 10
8 1
36 11
27 6
2 19
22 12
16 14
5 12
13 11
38 3
24 8
27 20
8 0
22 15
15 11
14 18
37 16
23 6
7 13
7 5
37 1
1 15
4 17
15 18
6 7
24 18
20 6
31 15
3 4
6 7
38 11
20 11
22 1
38 11
31 4
35 16
15 9
31 18
36 15
4 0
25 0
14 8
22 2
2 2
1 19
34 4
20 11
15 19
17 3
16 15
6 10
14 4
25 4
7 11
31 14
21 3
6 15
20 14
20 16
13 4
13 16
33 19
15 13
3 11
3 18
16 18
19 2
31 0
34 11
13 5
8 2
10 8
11 10
2 16
26 11
17 1
25 20
10 8
1 10
16 10
37 13
24 14
7 4
11 3
25 15
35 2
2 17
18 14
24 17
15 15
13 2
13 20
27 17
11 12
15 12
22 8
34 11
19 7
26 19
0 12
16 17
28 5
19 18
26 18
5 18
3 13
35 8
11 13
27 19
13 18
20 7
6 3
29 2
17 0
17 0
9 19
16 1
19 8
8 0
15 13
17 8
31 12
2 6
37 4
31 20
28 8
31 17
24 10
3 16
12 16
13 17
2 7
16 4
34 0
37 2
33 17
19 16
0 19
28 20
24 16
12 17
3 7
38 14
30 15
24 20
21 14
6 16
27 0
19 10
21 8
11 9
22 7
13 3
6 16
5 3
8 14
11 11
22 7
15 5
4 6
13 13
38 7
23 7
12 11
13 15
23 8
29 7
36 16
20 15
36 11
32 2
1 11
3 1
0 0
19 6
17 19
10 14
8 12
14 4
16 4
33 15
2 12
14 12
1 3
3 6
11 1
17 11
31 2
13 2
0 9
33 17
22 1
28 14
38 14
30 9
1 11
7 11
0 11
17 5
9 6
12 0
2 15
38 6
24 17
30 19
2 3
37 1
19 1
21 3
28 0
13 13
7 8
26 15
30 17
15 13
4 3
35 3
27 8
7 2
14 16
33 14
38 11
38 15
36 9
34 6
1 13
22 20
36 11
21 17
37 0
6 4
33 9
5 16
14 7
36 2
28 18
32 15
31 20
36 3
37 19
24 1
26 14
19 14
15 5
15 9
12 17
2 20
33 11
32 4
35 0
2 1
17 8
26 4
21 15
20 9
18 13
0 16
29 2
14 15
17 16
9 18
27 9
26 9
10 7
5 15
30 6
14 11
27 19
27 12
26 14
8 8
11 2
11 8
9 5
25 14
13 6
30 10
28 11
8 6
25 11
13 6
5 5
31 11
17 11
23 3
31 2
12 13
11 2
18 7
8 7
7 6
13 18
0 11
9 8
9 4
1 19
32 0
31 14
38 2
19 14
15 3
34 1
6 18
11 9
5 9
1 5
30 17
0 1
22 17
6 20
12 20
38 13
30 0
30 6
2 3
37 7
22 14
28 10
38 7
15 8
8 13
10 10
34 18
28 10
28 3
37 16
11 15
37 7
16 14
22 16
27 8
16 2
35 19
14 18
21 18
33 17
22 19
9 17
8 7
37 20
10 18
32 3
31 11
19 12
26 20
1 5
30 8
17 20
3 8
9 15
26 12
29 0
3 17
33 10
23 2
0 8
0 1
17 9
22 9
33 5
17 2
26 13
25 9
10 15
6 16
31 0
32 5
6 5
35 5
12 14
37 17
4 4
0 17
10 14
26 9
22 19
15 5
13 8
7 11
34 20
5 13
13 4
22 18
23 4
30 19
24 1
21 8
37 12
6 11
29 14
29 6
5 0
11 5
14 3
22 0
16 8
23 12
10 14
17 7
3 9
16 14
14 0
7 10
3 14
5 6
18 3
0 4
20 12
9 4
0 16
28 1
8 10
9 3
24 12
37 2
22 18
24 0
15 15
8 8
29 3
8 16
14 17
8 1
19 9
19 2
14 8
1 5
10 6
23 2
4 12
37 5
19 19
27 7
32 16
7 0
24 11
17 6
21 17
9 0
27 11
33 20
4 5
21 14
22 0
8 8
17 9
18 13
37 20
15 13
13 18
29 12
3 10
37 13
13 19
19 3
0 4
14 2
33 14
10 20
4 14
32 17
19 12
16 13
35 11
18 7
23 16
0 18
8 15
9 14
24 16
13 17
4 17
12 12
37 4
25 6
31 2
33 11
7 18
19 19
7 15
18 9
32 5
19 13
3 8
8 20
31 0
5 1
6 13
19 9
22 4
36 8
21 15
17 12
32 15
24 18
14 10
24 18
27 9
15 3
31 16
3 19
17 14
16 13
23 9
4 13
29 3
6 15
7 6
13 13
1 1
4 19
6 14
2 10
9 19
9 1
29 11
9 10
31 13
4 9
37 7
24 12
37 4
24 3
33 5
33 11
2 3
11 13
18 4
2 9
23 14
29 20
0 0
13 2
19 12
34 8
20 18
33 19
16 18
1 8
35 6
3 3
17 2
9 9
32 9
33 19
10 20
8 9
21 7
2 12
30 13
0 7
22 11
8 5
37 0
37 18
30 16
23 14
12 20
11 19
36 4
22 20
18 17
8 11
26 16
23 2
36 18
3 3
3 19
27 3
36 15
28 15
9 15
2 1
24 14
2 3
33 11
8 15
6 0
32 4
4 10
10 19
8 14
11 14
32 3
34 2
7 9
22 7
10 4
15 5
6 10
9 1
2 12
2 7
14 14
26 14
30 6
10 6
14 9
2 0
37 15
17 10
17 7
4 14
7 14
13 0
8 18
33 15
7 17
38 5
11 15
37 4
6 13
10 17
36 12
25 15
22 1
2 8
10 8
13 9
3 5
18 4
25 12
16 11
36 17
18 19
15 10
35 14
28 8
38 20
2 3
14 14
22 0
29 19
12 16
1 9
24 18
32 19
38 6
37 8
33 16
15 7
9 18
4 6
7 9
13 15
4 5
9 11
17 8
25 12
0 1
17 1
21 10
29 7
37 3
23 9
38 10
8 15
20 13
6 1
27 11
33 14
21 8
0 13
13 0
34 8
25 17
24 15
5 10
25 10
2 7
34 19
27 3
7 1
14 14
33 2
17 13
27 6
29 11
33 6
14 5
30 14
27 3
10 13
7 5
30 9
22 1
13 3
25 7
29 5
10 19
3 15
27 2
14 12
29 11
35 9
10 19
5 20
4 14
15 10
27 0
35 15
24 9
29 13
2 20
20 19
33 15
24 3
16 13
0 17
21 17
7 13
29 10
32 17
4 17
29 8
18 2
37 20
2 18
26 9
24 3
6 16
22 13
34 8
12 12
14 7
24 7
12 15
33 2
31 1
29 15
27 8
0 13
36 19
13 7
16 0
6 13
0 14
6 14
21 19
2 5
14 12
5 9
27 17
4 14
12 8
28 9
1 19
23 6
30 9
19 15
13 0
21 12
32 4
10 13
8 9
26 12
37 8
4 20
12 18
2 3
0 11
14 19
5 16
4 20
21 8
18 5
12 3
11 7
6 12
10 2
31 13
25 14
21 15
18 18
7 1
34 4
22 19
22 7
27 19
21 12
5 15
2 9
31 9
29 7
1 14
25 2
6 8
7 18
23 19
3 19
18 4
32 15
20 18
24 16
25 18
24 14
0 5
8 1
22 9
38 20
4 17
34 1
5 12
36 7
35 5
21 15
18 0
14 10
23 5
23 1
5 3
37 9
20 0
6 1
38 9
8 12
33 7
13 3
15 10
11 12
18 9
3 3
16 1
9 15
1 20
37 12
23 17
15 0
34 1
0 0
31 12
16 2
29 1
7 0
11 19
14 7
38 15
36 15
32 14
29 17
3 14
37 15
37 10
24 3
31 13
36 11
1 2
13 19
32 20
17 4
2 2
36 3
5 1
13 2
28 13
37 6
30 20
24 9
35 19
32 6
0 6
25 9
28 3
19 5
12 1
22 0
21 8
0 16
33 10
37 3
6 9
29 3
13 6
10 4
12 6
38 4
8 10
23 8
29 14
38 7
31 13
1 11
10 5
29 0
3 19
2 4
33 4
5 14
9 1
3 1
7 13
7 0
2 16
17 5
31 2
31 16
14 1
18 6
29 1
2 13
33 14
2 7
10 11
36 17
11 20
30 5
38 13
7 6
3 14
35 9
9 15
12 8
13 20
0 11
19 8
29 2
31 3
15 18
34 16
24 2
16 12
4 10
18 8
13 19
16 20
9 1
23 3
4 11
1 7
21 12
9 10
17 1
14 14
7 12
27 20
8 2
1 18
18 4
32 4
6 12
27 18
33 8
37 2
34 19
4 14
22 14
0 2
15 12
30 10
12 2
22 8
16 5
21 17
27 11
34 3
1 6
23 12
3 6
2 17
8 6
5 0
36 3
9 10
28 12
16 5
4 16
1 1
30 16
35 14
0 5
35 1
33 2
22 10
16 7
5 16
19 16
8 6
8 15
37 15
9 18
38 14
4 16
13 9
27 8
21 7
33 20
38 8
9 9
32 2
29 19
37 10
12 9
13 16
11 15
26 2
37 3
6 13
38 13
2 16
12 7
1 2
25 2
22 8
1 7
15 11
2 9
33 17
34 15
32 20
22 0
2 11
33 4
10 14
27 20
26 10
25 7
9 3
32 5
30 17
6 1
9 8
24 1
9 13
11 19
22 9
11 6
36 18
18 3
0 18
21 8
38 4
30 0
25 4
17 0
34 14
8 3
36 19
2 3
30 10
13 4
11 17
8 12
35 4
7 14
22 2
16 0
2 11
34 13
3 12
34 10
33 8
25 20
17 11
34 15
8 14
0 20
18 14
24 10
3 17
3 1
20 19
8 17
25 0
36 20
34 5
38 11
0 1
27 5
21 13
19 5
19 17
37 20
16 3
7 7
30 6
28 16
9 20
36 6
2 8
0 9
32 12
12 13
25 5
37 12
5 12
36 2
14 20
24 16
28 1
10 14
24 8
12 0
14 1
28 17
34 9
6 6
33 5
13 15
0 13
12 6
23 11
8 5
25 1
22 0
26 4
28 17
8 16
16 19
34 2
36 17
32 16
10 13
27 16
7 11
9 13
4 18
31 7
16 20
12 16
2 13
1 12
23 10
38 20
17 1
34 8
15 13
1 16
8 10
15 10
30 0
37 19
29 4
3 14
27 8
4 19
30 15
36 6
20 6
13 13
25 16
1 4
2 4
11 15
20 16
25 9
4 19
33 2
5 15
20 3
24 7
7 9
31 6
10 19
6 2
26 2
17 7
29 14
11 3
26 4
21 19
4 3
1 16
29 11
29 14
20 5
29 6
10 18
30 0
16 19
13 19
12 17
38 12
7 3
24 20
17 10
21 7
32 16
21 6
20 16
32 3
7 18
22 10
24 5
28 18
2 17
3 1
30 3
32 9
9 20
27 18
17 15
24 7
1 8
37 19
30 10
31 11
13 1
25 6
6 10
13 19
11 15
29 6
33 20
7 20
8 12
19 1
30 16
31 1
35 5
37 17
8 19
25 3
2 13
19 1
25 19
3 14
2 19
28 7
31 16
17 14
11 0
22 14
10 1
16 12
27 9
10 2
0 1
3 19
35 7
38 14
5 11
19 19
16 6
1 5
21 7
34 20
1 1
10 10
22 6
6 20
6 9
10 18
4 11
23 3
13 17
23 18
36 13
6 11
23 8
31 14
4 6
12 12
35 13
18 19
3 15
32 16
24 5
18 15
24 10
17 10
12 14
17 15
20 7
18 13
30 16
23 12
7 12
30 10
37 4
22 13
6 18
8 3
33 15
21 1
24 3
23 14
2 0
0 20
37 13
27 11
8 16
38 8
19 0
27 13
11 4
2 0
6 7
15 8
30 3
9 20
0 18
6 12
13 20
37 7
9 15
3 15
8 15
3 18
6 10
35 10
12 9
20 9
32 10
37 16
28 2
18 12
4 17
30 17
5 2
3 12
36 8
7 20
25 13
19 16
13 0
9 9
11 6
23 7
33 5
7 16
1 20
10 16
6 9
1 1
37 0
22 13
21 1
12 15
0 8
2 13
36 10
4 17
0 13
20 3
27 2
37 1
14 12
28 18
27 20
11 3
2 19
19 11
4 8
28 13
7 5
32 1
22 0
2 19
29 5
6 13
2 9
14 18
27 3
28 10
25 16
37 3
0 18
7 10
12 13
2 4
26 16
10 7
37 20
1 9
3 12
18 5
16 18
28 11
26 11
28 10
31 8
26 10
24 19
15 5
19 6
4 13
28 6
32 20
31 4
23 9
22 10
18 0
24 12
9 7
6 2
37 11
15 5
2 12
16 6
0 17
16 1
21 8
22 8
18 8
7 18
27 16
29 17
27 13
20 9
3 13
12 0
12 17
29 9
30 10
28 19
15 19
5 19
35 6
32 2
16 10
37 0
21 10
36 0
10 18
6 17
32 0
4 7
9 15
24 6
38 5
30 2
23 18
17 19
26 20
26 8
32 8
1 4
37 8
14 17
26 8
5 20
20 0
6 2
1 4
0 3
26 0
11 6
30 6
21 1
30 6
8 3
6 4
36 5
30 20
22 18
7 1
18 3
2 6
11 10
38 1
31 5
36 20
29 6
11 2
22 12
33 8
13 14
1 15
9 16
29 10
37 7
36 2
27 3
18 16
22 16
7 11
32 15
34 13
14 20
17 1
30 5
34 4
17 16
11 9
18 11
33 1
26 11
17 19
8 3
23 3
22 10
34 17
9 3
37 9
38 16
23 4
2 3
13 0
37 17
31 10
28 10
3 1
21 7
23 8
3 5
2 14
20 2
9 6
2 1
6 4
26 8
27 9
32 9
26 9
20 14
33 3
33 18
17 18
28 13
12 15
5 19
32 18
3 17
37 10
9 6
13 4
19 5
34 12
23 18
26 14
18 5
34 8
23 9
5 16
10 20
19 15
35 13
24 13
29 20
38 19
30 2
9 16
4 19
19 18
2 17
22 11
30 3
29 16
25 9
4 4
24 0
7 3
25 15
1 7
16 11
34 14
26 2
38 7
19 7
5 6
2 4
14 14
30 13
1 15
14 13
37 3
31 9
30 6
29 20
11 8
33 7
25 4
38 19
32 7
19 6
14 6
26 16
6 18
38 18
27 16
36 7
12 6
22 17
38 10
31 1
6 12
27 14
7 12
24 8
33 3
24 9
36 0
20 8
36 0
34 11
17 8
15 8
6 14
7 0
11 20
21 9
27 2
25 5
26 17
33 5
3 16
26 18
12 3
11 2
36 9
8 13
15 3
13 19
28 18
13 5
26 2
16 4
7 1
18 17
5 7
38 11
8 5
5 12
23 1
38 11
28 0
23 20
16 3
23 20
17 8
23 10
32 16
31 8
26 15
36 14
32 17
31 19
1 18
19 20
31 14
20 8
10 3
16 6
7 6
8 6
29 11
31 6
23 9
29 2
24 16
7 6
36 5
3 15
32 13
8 20
29 2
32 2
23 20
2 14
32 10
21 19
1 9
35 15
10 13
13 10
38 13
10 20
6 2
37 3
12 3
8 13
36 11
5 13
27 12
4 5
16 8
6 7
28 14
31 9
25 8
2 0
16 2
8 13
27 5
30 6
4 1
21 14
3 13
11 14
27 18
10 5
20 1
13 16
6 19
18 2
38 8
5 10
29 1
11 2
17 13
11 7
23 14
17 12
18 14
36 14
31 3
1 9
31 7
18 17
12 13
23 9
36 11
36 10
27 7
36 13
12 15
30 13
23 16
30 2
15 18
21 20
8 9
8 12
7 13
36 12
16 5
0 1
4 10
5 3
27 19
27 4
15 13
23 3
18 18
33 14
6 17
20 6
31 0
33 1
24 15
1 7
10 10
3 18
33 8
9 13
8 12
20 11
33 1
3 16
12 19
15 17
14 18
24 17
0 4
37 17
26 19
13 7
20 14
31 17
21 1
18 12
30 7
31 18
16 13
16 16
38 11
35 0
10 5
7 13
27 10
16 15
33 12
20 4
6 6
1 1
11 20
0 4
10 15
1 5
3 13
1 13
21 20
16 11
10 18
36 0
10 1
30 12
36 20
13 2
23 2
31 20
2 20
1 11
16 9
16 18
8 12
28 14
30 20
38 17
23 11
18 15
26 6
8 2
19 5
18 0
20 3
9 17
4 17
5 11
1 16
10 14
32 4
19 2
24 13
32 12
30 17
28 2
30 19
20 18
5 4
32 15
10 8
5 15
38 10
21 12
30 11
32 17
23 3
2 11
34 12
32 7
23 14
35 6
25 0
27 3
22 8
21 5
19 3
11 5
37 11
28 9
7 18
17 15
28 20
0 5
11 5
6 17
29 17
6 1
16 12
31 7
19 17
25 10
11 4
27 9
36 5
35 8
2 19
12 15
22 19
12 3
23 9
37 2
31 4
28 19
0 5
21 15
21 6
16 18
23 6
25 1
30 12
21 13
35 11
16 7
33 18
12 19
30 14
24 10
24 10
1 1
29 13
21 3
38 20
17 3
31 19
13 8
34 14
3 5
14 20
23 18
8 7
25 17
19 4
36 12
11 11
14 11
4 14
24 10
38 6
25 1
11 17
23 11
19 14
14 13
11 17
37 5
7 4
9 13
3 1
38 3
4 11
37 1
23 14
34 15
25 16
33 0
18 8
7 10
29 20
6 9
35 10
33 13
19 14
26 4
34 3
3 19
17 18
35 5
22 20
2 16
19 7
35 11
20 9
8 0
29 2
6 14
2 16
24 2
15 4
2 20
38 15
33 11
11 5
21 18
31 16
27 12
6 5
1 0
38 13
2 2
12 14
18 4
15 20
34 16
18 20
13 12
25 4
12 0
14 15
7 19
25 6
3 7
1 4
0 0
10 1
24 3
0 7
3 20
36 4
6 17
1 0
10 20
5 13
37 12
36 8
25 2
25 18
2 3
5 13
28 7
30 20
22 2
38 14
33 7
10 12
5 0
18 16
18 19
35 12
3 18
17 14
31 19
7 4
8 3
10 20
30 17
35 7
1 6
31 14
11 17
3 9
30 0
5 19
10 9
20 1
26 3
2 3
15 8
25 3
9 8
12 4
8 1
20 5
34 2
28 6
18 16
14 2
14 19
1 3
15 6
22 16
1 18
33 3
22 0
34 10
27 18
20 6
38 6
26 17
12 15
33 11
23 13
30 2
28 19
30 19
10 10
22 12
24 13
5 18
30 4
13 7
11 14
27 14
3 14
5 14
18 14
26 2
37 13
31 0
5 6
26 7
16 4
13 17
9 4
38 11
14 14
26 9
34 0
8 15
34 19
22 4
37 8
36 11
4 15
37 8
7 13
31 19
12 14
22 2
24 1
37 4
37 14
13 18
13 11
7 1
11 0
29 17
29 4
9 16
6 11
0 7
13 1
1 20
34 2
20 7
11 13
24 15
12 9
18 14
3 14
17 5
22 3
0 0
27 14
29 8
21 1
35 0
13 16
38 18
26 20
27 20
25 4
30 18
0 19
7 13
33 4
5 19
36 3
8 16
18 5
1 15
38 15
19 1
18 1
7 12
29 6
4 3
8 15
38 0
23 7
2 4
32 8
6 13
27 3
35 0
18 1
37 4
10 15
1 17
5 4
37 12
26 16
13 14
27 1
20 14
12 0
4 18
6 2
12 6
14 5
2 19
1 13
33 9
31 16
38 0
35 14
13 16
0 7
19 8
6 12
17 13
36 3
9 20
18 2
19 6
7 12
4 9
8 17
13 3
0 10
20 5
0 17
27 11
37 9
35 6
34 8
0 1
23 12
14 6
27 14
32 2
16 11
5 7
36 11
28 20
28 9
4 0
22 3
0 13
1 17
0 11
3 19
3 17
14 20
5 4
23 9
26 20
21 4
4 7
15 4
13 19
2 8
14 0
38 16
26 16
35 0
33 15
24 8
33 14
35 17
28 6
27 5
28 15
28 3
36 4
15 19
26 6
25 3
7 6
2 3
24 9
15 18
1 20
27 16
30 2
36 14
20 19
19 5
15 7
15 5
8 20
2 2
17 5
32 1
18 0
19 20
0 18
0 7
30 12
10 5
22 19
20 5
7 14
23 7
17 13
6 3
34 4
32 7
14 3
4 11
3 11
24 4
13 14
0 2
4 16
6 18
8 11
5 3
30 20
14 20
28 10
27 14
16 13
12 20
0 9
21 0
27 10
34 16
15 7
18 14
3 20
5 12
27 6
17 4
7 3
26 3
22 16
3 20
11 4
1 10
1 19
10 9
8 19
26 13
32 1
1 2
20 8
6 10
11 9
32 20
3 13
19 19
23 17
1 11
3 18
36 13
37 17
38 15
10 1
24 19
18 1
13 0
8 7
5 9
28 8
33 8
6 10
30 17
27 8
5 8
33 18
8 6
11 5
29 2
33 14
18 19
38 2
35 20
4 13
10 18
17 14
4 19
23 20
30 3
38 10
19 12
9 20
27 17
33 7
5 1
6 4
31 2
9 4
38 10
4 0
15 14
38 13
3 19
23 10
31 10
22 20
29 13
10 3
18 14
0 8
13 0
2 1
14 5
17 20
33 1
8 7
28 17
8 1
1 11
37 0
16 7
0 3
13 12
21 1
35 0
17 5
24 3
33 13
21 0
35 7
6 12
11 13
31 12
33 8
31 14
19 5
25 20
32 18
27 16
13 1
18 20
1 0
0 7
19 18
34 20
26 8
31 17
9 16
3 13
6 1
36 15
34 18
35 18
34 20
27 15
23 3
8 8
38 7
37 14
33 7
15 10
5 11
15 17
36 14
29 17
6 20
38 15
34 3
7 9
8 9
15 16
15 8
8 0
3 11
6 17
11 20
31 18
13 15
10 0
14 13
15 18
4 16
8 3
10 1
25 16
37 6
15 16
11 17
17 0
14 4
16 8
20 7
36 17
12 3
9 18
10 19
21 5
16 2
25 14
38 1
13 7
7 5
11 3
26 1
38 15
32 19
24 15
7 19
6 3
14 0
22 20
26 17
11 17
22 6
11 7
32 14
14 9
21 13
10 17
19 6
38 9
15 7
30 0
29 4
37 7
4 1
17 0
3 10
8 11
13 14
34 11
12 9
8 8
33 12
36 13
18 8
10 7
17 6
17 19
10 15
25 10
27 5
21 12
5 16
0 19
6 12
7 16
34 11
0 1
18 15
34 4
16 17
20 14
18 14
22 12
29 1
2 15
14 8
10 2
26 3
28 19
38 3
5 3
29 7
35 3
13 10
33 0
3 15
30 2
24 0
13 1
37 13
34 16
21 14
28 16
18 15
32 3
19 7
18 17
12 7
37 1
21 2
13 19
2 8
34 13
8 5
23 10
0 20
13 0
5 10
1 11
10 2
12 4
6 3
8 14
37 3
33 20
14 6
10 14
31 11
33 14
9 10
21 6
12 2
38 0
25 4
31 8
32 8
2 10
23 4
28 13
32 20
0 2
4 0
15 9
33 5
29 17
25 19
9 1
5 15
19 12
9 13
17 12
9 0
13 16
21 14
0 6
4 14
30 5
32 18
20 17
33 18
1 0
6 17
13 3
2 18
27 4
17 20
25 9
34 0
27 20
5 5
21 11
0 1
33 16
18 4
21 6
3 11
30 7
4 16
29 3
36 1
31 19
15 12
1 3
0 13
8 0
20 4
32 9
3 18
27 5
27 1
36 1
35 10
9 2
13 2
24 16
5 5
24 0
27 2
33 18
14 2
35 16
36 8
1 4
29 0
23 7
30 1
29 13
11 14
28 3
9 16
6 5
14 16
33 12
36 2
22 18
4 0
25 15
9 0
24 3
23 14
21 2
7 2
5 9
18 19
29 16
33 20
11 11
33 7
1 16
6 8
31 11
33 10
17 18
13 10
19 17
4 13
7 18
18 20
20 2
30 8
16 10
31 20
4 19
14 13
24 15
15 17
28 9
18 6
1 14
13 2
12 8
17 0
26 16
3 15
27 0
2 4
18 15
6 11
16 5
15 15
30 8
8 10
37 17
17 0
14 3
24 16
5 13
37 1
2 2
37 0
3 6
36 3
12 7
9 15
18 9
14 1
26 4
29 18
22 19
19 8
38 16
38 16
27 16
11 16
35 8
10 18
20 18
0 12
22 4
37 2
24 16
3 8
20 2
33 4
16 20
25 5
11 5
20 16
19 15
11 7
27 4
30 13
27 17
1 12
38 10
6 6
38 18
1 10
35 18
12 13
14 1
36 10
28 3
14 8
36 3
4 10
23 1
16 20
21 15
27 13
17 0
24 9
36 7
10 13
27 11
10 18
10 7
35 12
24 2
13 2
9 1
28 16
22 11
35 4
24 12
19 17
0 16
22 12
30 10
29 14
1 1
11 13
15 13
12 11
14 16
15 15
33 20
33 1
11 0
29 17
37 1
30 2
5 17
31 7
10 13
35 3
11 11
32 5
2 20
31 13
4 1
38 13
27 13
36 5
4 4
38 12
37 11
28 7
18 17
6 9
18 4
21 0
38 2
25 5
8 0
15 12
31 14
29 7
15 4
1 3
18 2
19 10
20 5
23 14
18 8
35 13
27 4
28 20
38 0
10 13
26 0
18 20
31 1
7 17
13 16
27 7
34 12
21 18
2 14
35 3
29 20
4 13
5 11
35 7
7 6
14 5
34 19
15 20
22 19
33 19
17 0
16 18
11 20
4 4
26 8
20 13
10 2
33 1
35 6
30 12
1 1
21 11
1 3
16 12
37 11
28 11
13 10
7 6
2 16
8 13
18 3
36 4
5 7
32 12
24 9
23 3
28 8
20 18
3 16
34 1
6 3
11 11
9 19
11 10
23 5
1 9
12 8
15 16
5 10
23 8
7 12
31 12
14 17
14 0
36 16
29 17
0 13
21 9
8 0
33 12
34 5
22 6
38 1
15 9
7 20
26 0
14 0
24 9
29 13
34 1
15 1
17 10
26 12
19 12
31 13
32 11
31 1
23 5
27 8
4 18
11 12
5 16
24 9
30 1
21 3
35 4
13 19
1 2
8 9
2 19
18 16
12 1
30 3
21 12
28 1
36 5
35 6
31 9
10 20
31 14
31 0
9 4
11 9
0 9
11 10
24 1
8 2
31 7
2 3
20 3
13 20
1 4
21 2
21 3
25 3
18 12
13 3
22 18
22 11
18 12
36 14
3 13
19 8
8 17
22 11
24 9
3 1
27 13
31 5
11 8
2 4
28 18
2 10
37 19
3 9
30 4
18 2
34 10
25 10
2 13
24 11
4 5
7 2
5 4
13 9
38 18
20 14
19 1
12 15
26 5
14 19
9 14
28 12
28 6
14 4
13 7
18 5
26 4
35 10
20 18
17 3
10 12
29 5
7 17
30 6
35 14
24 18
1 12
4 11
35 4
15 8
15 17
27 1
18 3
15 12
2 11
22 3
17 4
11 15
24 13
35 9
17 6
21 17
14 19
15 17
10 18
18 19
6 10
28 0
22 4
13 2
2 13
30 4
2 5
38 2
21 18
12 14
28 13
12 20
7 6
16 10
23 0
31 8
18 5
21 9
35 19
28 9
23 13
18 5
5 9
38 0
7 12
37 15
21 9
38 7
7 3
12 17
35 10
27 13
16 13
32 5
11 13
30 2
0 11
27 18
20 6
10 19
27 11
35 5
8 3
24 1
5 6
5 20
24 0
7 0
23 8
22 3
29 16
15 16
31 1
13 16
9 8
16 10
23 7
30 10
12 11
20 10
26 15
30 1
15 6
31 5
8 20
8 12
16 12
30 15
34 13
28 8
31 20
31 11
8 4
2 9
25 8
35 11
11 4
29 11
21 9
24 11
36 14
33 13
34 18
4 16
14 14
10 4
12 16
28 10
21 16
7 1
37 19
6 2
10 2
17 4
15 11
28 10
27 8
1 18
4 12
27 3
28 18
27 13
21 6
30 17
1 13
7 20
30 12
12 15
8 15
32 2
17 7
13 0
3 17
27 2
34 9
16 9
36 1
17 18
12 13
38 14
10 3
32 9
14 17
29 13
27 9
28 7
21 9
34 17
20 13
9 2
37 9
30 17
36 13
20 7
38 20
36 5
1 14
10 13
29 11
8 4
33 19
10 7
27 20
35 5
32 4
28 14
25 13
29 5
36 6
27 17
19 20
23 15
11 18
4 10
24 15
36 0
7 6
38 14
24 7
37 2
37 9
6 0
20 9
8 12
21 10
8 17
16 19
27 12
29 11
6 11
35 11
21 4
1 11
8 12
37 12
35 11
24 7
22 1
17 7
10 10
19 13
11 19
11 5
21 17
2 1
14 6
24 20
11 18
7 6
33 19
37 20
1 6
13 15
17 10
28 5
28 10
17 4
8 14
25 16
19 6
33 0
25 16
12 3
30 17
17 10
37 16
0 20
24 9
38 15
34 6
38 11
7 9
36 20
18 11
5 5
22 8
38 13
23 0
16 7
12 3
2 3
38 18
32 0
22 5
18 16
25 9
0 16
11 9
11 13
35 19
36 8
15 1
34 14
37 20
16 13
28 9
11 16
1 5
1 5
17 10
6 7
27 20
1 12
10 13
37 4
32 18
7 13
30 16
12 1
34 3
38 13
12 6
30 17
6 15
7 9
37 6
22 6
14 5
24 5
16 12
38 6
11 1
5 5
0 7
21 17
24 2
1 0
21 10
25 15
13 20
34 9
32 18
20 13
2 12
26 2
33 19
32 2
28 20
29 3
19 7
29 6
4 17
33 19
18 18
22 13
25 1
16 4
19 2
28 2
16 8
26 6
27 15
18 14
33 14
27 15
22 9
12 15
24 12
22 6
35 12
4 16
27 0
8 7
12 19
17 20
20 6
33 9
31 11
9 14
15 15
7 2
7 14
6 3
29 6
26 7
4 0
23 3
28 3
7 1
38 19
26 1
11 1
29 0
15 13
23 8
36 3
3 6
5 20
5 13
22 11
1 17
7 7
29 11
24 3
18 6
11 19
2 14
4 12
11 17
3 14
10 14
8 7
37 18
17 4
11 12
16 2
22 18
5 5
1 15
3 4
26 15
34 3
33 0
0 4
15 19
33 13
34 20
32 5
36 17
0 9
23 13
19 10
28 4
4 12
20 6
26 6
34 20
19 13
9 7
24 3
33 5
6 2
36 20
5 2
25 6
7 20
28 12
11 16
22 3
2 8
5 20
30 5
2 10
4 19
4 18
17 10
15 6
18 14
12 0
8 7
12 12
13 8
20 0
7 10
15 11
26 4
19 9
14 0
12 16
35 20
3 3
22 16
13 17
3 9
7 15
28 10
1 7
0 11
12 1
32 10
29 0
8 2
26 10
30 3
17 5
19 6
32 20
28 1
2 1
29 9
31 7
10 2
30 18
20 0
7 1
7 8
18 3
28 16
2 4
6 16
29 6
20 0
8 1
16 7
31 1
35 4
20 4
19 19
15 8
12 9
20 10
26 18
35 3
12 7
28 16
32 11
27 20
30 10
34 16
26 19
17 2
4 2
32 16
20 12
34 15
6 20
2 20
23 5
20 12
26 11
0 16
2 0
27 13
29 20
21 11
27 6
23 17
26 17
25 17
35 0
34 19
24 8
21 7
7 13
25 11
23 11
24 10
18 10
20 5
37 10
18 20
34 15
1 8
19 18
24 14
19 9
22 16
8 10
1 6
4 0
13 4
26 2
30 11
17 12
28 20
35 2
27 15
36 1
9 18
16 3
18 7
17 0
8 12
17 3
34 11
25 5
26 4
19 14
3 9
33 5
22 4
26 19
7 3
16 2
7 17
26 4
23 4
9 15
5 18
14 4
38 15
9 4
10 8
30 17
38 11
16 7
16 2
4 4
7 1
31 16
12 2
3 1
13 14
29 17
15 12
31 1
14 3
18 18
11 9
32 3
33 20
28 18
37 15
15 6
28 0
25 8
33 1
12 13
13 4
19 11
5 11
19 4
3 11
33 10
34 12
23 7
38 8
18 15
18 8
5 12
26 7
9 5
32 18
37 16
26 18
37 13
7 6
5 11
37 4
36 17
33 4
26 15
28 17
19 0
9 2
12 20
17 3
16 13
34 1
14 5
16 16
32 8
14 20
9 16
29 6
10 5
20 3
6 7
5 16
4 6
33 4
36 7
0 12
4 5
10 3
19 11
12 8
20 13
13 14
38 11
10 9
36 11
35 14
31 9
22 17
6 2
24 13
29 17
32 7
26 14
15 20
36 10
35 17
9 7
14 6
1 7
1 3
14 20
1 2
37 12
10 11
4 2
3 18
17 7
19 9
9 12
22 10
26 14
6 1
35 14
9 16
21 14
0 3
10 13
6 13
4 10
25 20
16 9
2 7
1 0
12 4
9 2
23 9
24 4
23 14
20 19
29 13
10 17
4 11
1 5
25 6
31 3
6 5
9 17
17 13
33 19
9 11
36 7
18 11
35 11
8 2
6 6
22 16
32 4
15 12
37 13
37 19
22 15
0 10
14 4
9 12
16 11
10 1
22 10
28 16
27 15
21 4
7 16
13 19
30 19
24 5
11 0
22 19
15 16
4 2
17 11
13 4
20 7
7 5
4 4
33 10
1 13
36 14
6 8
19 0
24 1
4 10
38 16
3 7
9 4
34 1
11 8
21 18
4 18
6 14
16 2
15 3
32 9
9 8
24 12
37 11
12 11
4 17
12 13
29 1
9 12
34 14
38 5
18 1
38 3
37 11
29 1
22 10
31 8
15 7
37 9
6 11
29 0
19 12
6 9
17 12
5 8
34 9
24 14
30 7
17 20
0 6
21 0
17 10
20 3
25 19
13 17
21 16
15 8
2 20
23 0
10 5
21 1
32 14
33 7
18 20
3 8
26 13
36 13
9 19
34 10
7 12
3 17
6 9
36 13
25 19
20 11
4 18
15 17
12 20
34 4
14 17
22 16
32 4
19 2
24 12
19 13
10 6
13 18
29 10
0 11
34 14
22 3
23 17
22 14
5 16
35 13
9 11
13 5
33 2
23 4
31 12
10 10
21 13
36 12
20 19
3 10
8 19
1 10
8 12
13 1
38 12
8 17
9 10
27 20
16 4
15 15
7 0
6 4
4 3
16 11
2 6
20 4
11 11
13 18
6 17
9 4
29 18
2 2
27 17
18 0
0 10
4 18
37 10
13 2
23 9
21 2
32 6
6 4
28 3
18 19
25 0
23 15
12 18
6 7
8 17
35 6
3 2
25 19
18 3
12 2
5 19
37 15
3 13
6 10
3 19
27 9
8 5
23 10
8 0
31 4
33 11
34 16
18 12
26 6
34 10
12 11
20 7
36 19
34 19
34 6
18 20
6 1
33 16
37 0
12 8
20 13
20 16
1 11
15 17
25 8
9 11
13 19
10 0
11 9
24 5
36 4
7 18
20 4
19 1
35 18
22 12
17 0
34 13
28 8
33 12
23 18
21 18
31 16
30 18
27 15
16 6
23 0
15 1
16 15
37 20
37 16
2 18
15 20
23 15
15 1
18 13
10 5
13 3
28 4
16 11
23 4
9 13
33 0
14 20
33 5
0 10
38 8
10 7
10 11
2 19
8 6
22 12
7 5
9 10
16 8
0 9
26 19
22 2
38 4
37 18
22 10
37 20
37 12
7 20
1 19
33 20
15 17
34 0
32 1
29 19
21 5
17 12
16 14
36 4
36 3
10 20
28 8
13 4
12 11
37 2
20 5
2 11
30 17
31 19
23 4
15 6
21 11
28 15
22 5
38 4
1 0
33 8
25 6
29 2
2 2
1 20
22 18
24 8
4 18
14 1
13 9
32 1
2 0
36 12
1 14
21 7
12 1
28 19
37 2
16 3
36 1
19 0
2 19
37 18
33 13
30 2
16 9
28 4
0 0
20 12
18 6
29 7
38 14
22 19
6 18
8 16
15 1
10 20
15 11
30 19
4 14
19 18
2 15
20 11
20 11
15 15
34 18
15 14
27 5
3 6
32 1
5 15
0 11
4 4
12 0
30 17
5 2
33 16
36 7
4 12
5 5
4 16
28 13
28 17
12 11
5 15
6 10
25 11
22 7
22 18
8 18
23 6
30 13
16 8
0 18
8 5
38 2
15 20
11 18
7 10
26 15
12 16
8 2
23 9
6 3
25 11
17 4
17 20
20 0
35 5
25 13
19 6
7 0
32 9
30 6
38 4
19 16
4 15
16 8
21 15
5 11
36 17
23 12
15 12
18 14
34 10
6 10
26 19
17 12
2 9
29 19
10 1
25 10
33 8
30 4
26 20
3 13
36 6
12 15
28 2
4 18
35 14
33 10
9 5
15 16
19 5
33 14
23 14
27 7
2 15
25 20
32 10
10 17
31 0
1 2
26 17
28 4
1 20
31 6
24 12
25 9
23 2
29 0
33 18
23 10
1 5
2 5
19 0
35 17
16 6
7 19
28 1
4 17
9 0
4 19
4 6
31 16
13 11
12 19
25 1
36 20
38 4
27 5
29 3
2 10
19 20
18 4
15 0
7 1
28 16
17 4
37 3
26 10
26 10
11 11
8 2
28 7
30 17
36 9
34 10
35 15
13 18
0 1
27 2
12 16
35 20
0 1
5 3
21 14
13 10
14 19
15 2
12 18
2 12
2 2
15 8
9 16
4 15
15 14
36 12
27 19
23 14
19 9
34 9
7 14
24 11
6 1
32 8
22 7
4 3
38 18
24 19
26 9
27 4
9 4
38 3
15 9
10 16
25 20
2 10
15 18
18 18
5 10
31 0
18 16
33 13
4 1
28 9
31 6
18 0
34 1
34 9
25 18
32 4
4 13
12 6
11 19
27 1
22 1
30 7
3 18
32 16
28 1
7 0
13 7
10 9
27 7
36 5
25 17
31 14
28 10
34 3
10 7
18 7
35 19
14 20
4 1
23 13
6 3
20 11
9 18
7 19
20 1
38 15
13 20
14 17
11 0
35 15
19 9
16 20
31 18
0 0
38 10
35 9
4 15
29 2
13 6
14 14
21 6
20 19
25 12
12 5
12 1
36 6
10 13
14 1
25 20
35 12
17 14
2 17
30 3
16 4
3 5
7 2
33 4
23 11
6 17
27 8
20 19
35 6
4 16
23 4
3 3
7 17
29 7
33 14
23 15
24 1
13 18
11 11
1 17
36 7
18 13
35 13
1 7
36 15
31 4
7 17
31 2
6 17
37 14
30 14
1 9
31 10
19 15
33 9
23 12
23 0
9 14
31 8
36 0
37 18
11 2
21 14
18 20
30 15
3 6
7 16
20 12
27 18
13 19
26 14
24 18
28 9
5 16
33 20
7 15
37 2
5 8
20 0
18 0
9 4
14 7
8 13
20 17
0 7
8 0
36 19
8 8
14 1
33 12
1 10
27 12
37 17
21 11
17 17
16 5
15 10
1 16
21 1
5 1
12 15
7 4
37 15
20 8
10 11
4 16
26 2
36 0
17 17
15 4
26 16
22 1
26 16
10 2
14 13
4 6
1 12
19 7
28 17
34 5
31 14
13 2
6 12
33 8
21 13
30 6
15 18
8 17
29 16
23 17
38 6
0 9
8 6
18 4
26 5
24 10
21 1
14 4
17 19
34 14
1 6
32 12
21 17
0 2
22 19
21 10
26 16
16 16
16 18
35 6
16 16
27 20
22 14
37 7
36 6
18 19
38 9
6 14
26 9
6 19
25 11
15 7
16 15
0 20
35 8
38 8
28 15
19 16
20 0
26 17
32 15
29 1
1 20
9 17
34 15
3 11
32 1
4 4
26 19
10 4
16 14
27 5
19 2
13 5
11 10
10 0
25 5
9 8
24 6
28 12
32 17
22 7
38 6
33 0
33 19
0 10
14 1
9 9
20 20
26 3
29 16
27 11
2 8
35 12
30 2
29 3
2 9
31 3
30 20
7 6
5 9
36 2
15 2
28 6
11 8
6 19
3 3
29 3
23 15
4 8
25 5
16 20
23 4
37 18
4 16
38 7
36 15
34 9
5 2
35 9
35 8
4 9
2 4
1 14
17 6
25 5
30 6
11 11
5 10
32 18
27 7
0 16
11 20
5 3
13 16
34 20
5 10
11 9
28 14
2 5
20 8
15 9
36 12
11 7
20 19
8 6
3 14
4 17
20 6
8 4
22 19
0 6
22 5
34 9
11 17
9 8
36 14
24 20
9 18
26 7
32 11
32 6
36 6
36 11
3 8
22 10
12 4
24 6
14 12
29 0
16 19
2 20
32 16
32 1
15 17
12 0
7 20
4 9
12 9
25 16
10 3
10 19
21 13
37 3
25 9
3 3
37 16
27 11
6 6
13 1
15 0
8 12
32 11
5 5
21 18
8 6
27 2
25 5
2 16
31 14
5 12
32 12
21 17
36 19
26 12
14 15
37 4
16 13
34 19
37 13
28 4
20 20
25 12
34 19
2 14
8 3
11 17
0 12
35 6
3 0
27 10
27 1
27 13
11 15
2 13
17 19
26 1
26 9
4 15
17 20
14 4
23 13
32 1
28 18
13 11
7 11
15 9
15 18
15 7
20 13
21 3
3 16
9 7
35 13
37 13
11 7
10 10
21 5
20 3
22 13
20 7
16 3
38 3
26 16
27 11
34 6
14 4
13 11
14 5
18 10
27 11
31 6
16 1
25 15
2 2
12 2
28 9
1 0
24 0
34 3
13 19
26 7
9 2
29 11
15 16
7 0
31 6
16 5
36 2
4 3
22 13
8 0
7 13
28 15
19 13
1 15
25 14
26 19
19 9
37 18
9 16
27 15
19 9
2 16
19 7
5 13
8 10
21 13
11 16
35 17
10 3
0 19
5 0
32 3
38 19
32 15
0 18
34 8
1 2
1 11
25 12
31 10
21 19
25 6
37 8
26 7
23 20
7 6
25 11
29 20
38 18
32 6
18 15
13 8
31 5
20 4
16 1
30 4
34 0
17 1
2 14
25 10
15 8
33 5
34 1
32 5
4 14
37 5
12 13
17 10
35 9
1 1
12 15
30 19
12 0
12 7
24 12
34 14
23 6
13 8
36 0
10 12
8 5
36 20
35 17
5 9
34 13
1 17
23 0
29 0
1 7
1 19
34 17
4 13
11 20
29 0
1 20
15 6
7 4
14 10
37 9
30 2
29 11
23 13
6 1
11 15
28 1
9 9
30 18
3 16
17 20
15 7
27 0
7 16
4 0
22 14
26 7
33 18
15 13
1 12
17 4
24 4
12 16
21 16
13 2
20 15
15 10
24 6
36 5
26 1
13 4
29 13
1 16
18 16
24 4
23 2
29 18
36 20
24 9
38 11
25 10
21 16
28 11
21 6
3 12
12 19
29 4
16 6
19 2
32 16
22 8
28 8
35 19
11 17
25 6
0 15
1 12
21 1
32 17
18 16
18 19
30 11
19 20
26 13
3 6
17 7
34 14
35 17
16 7
10 13
12 0
27 18
26 5
26 14
37 14
28 17
25 18
18 6
1 12
2 13
9 19
24 4
31 0
8 9
32 12
15 5
7 0
34 18
4 8
27 20
34 16
35 14
19 15
33 9
30 13
31 14
18 7
32 11
10 3
12 16
36 16
12 8
7 12
16 18
6 5
5 6
10 3
25 11
2 13
6 18
23 16
17 0
27 20
20 10
32 4
2 6
20 19
8 9
9 20
5 9
13 17
21 15
26 15
38 15
18 8
14 15
14 5
9 19
38 9
10 11
7 20
38 12
26 4
23 0
5 5
1 15
33 15
6 17
26 15
33 20
18 14
37 11
38 10
3 4
25 20
9 6
8 12
6 7
17 18
8 14
38 8
31 15
10 3
15 1
26 14
4 6
31 12
30 2
24 11
3 4
32 3
15 14
20 10
26 6
12 13
22 5
16 10
16 15
9 10
21 14
21 6
4 13
25 2
19 15
14 12
37 13
29 4
16 9
10 18
16 20
18 8
0 1
32 4
13 3
4 9
37 11
23 18
21 2
17 0
9 20
16 4
20 16
15 9
25 6
5 17
9 17
35 4
17 2
31 3
37 4
25 3
1 14
22 14
26 9
28 5
9 15
31 19
23 13
36 12
24 2
32 3
9 5
36 9
8 20
34 16
8 18
20 7
19 7
15 1
23 7
2 2
20 13
24 16
31 0
14 9
13 6
37 1
28 19
18 0
37 16
12 20
7 6
11 9
15 5
20 12
23 15
34 19
14 14
35 6
1 5
24 8
25 7
15 3
27 19
22 3
23 9
3 2
37 12
6 20
32 5
32 6
16 20
7 9
30 20
24 1
24 16
38 4
25 9
23 18
13 20
2 6
28 13
21 5
17 0
7 5
5 14
32 16
0 1
31 20
10 18
13 15
9 1
12 5
28 9
25 3
1 7
18 17
33 17
31 19
22 7
37 9
17 2
29 12
11 5
21 11
9 19
13 16
18 2
21 16
2 20
15 3
14 16
2 17
31 11
27 18
33 13
35 13
26 16
9 7
37 16
25 17
5 7
31 15
31 11
33 18
12 0
7 19
35 11
35 6
7 4
6 2
31 15
37 3
5 10
7 8
12 11
35 15
38 11
36 19
15 4
25 17
25 18
22 16
13 4
29 1
1 10
16 0
17 5
0 7
24 15
8 14
18 5
35 14
2 0
3 10
21 18
8 14
24 17
16 5
26 3
1 1
17 4
8 13
16 11
1 6
36 0
9 4
33 5
1 12
12 1
22 5
5 15
5 11
27 11
21 9
7 19
32 10
36 3
9 2
20 16
24 16
10 7
9 10
25 20
21 17
24 4
34 4
18 7
0 10
19 12
13 8
32 16
29 5
5 7
10 15
34 13
22 9
17 19
24 17
21 16
29 17
14 13
30 19
18 13
6 17
20 0
17 0
18 0
2 19
38 8
20 2
0 0
20 9
5 12
8 14
33 9
6 7
14 5
10 20
6 7
24 18
27 19
19 11
33 9
4 10
34 14
1 20
5 0
14 4
27 5
12 8
12 7
35 8
23 8
30 7
25 10
6 6
17 19
14 7
3 13
13 1
0 10
29 19
6 14
16 9
22 5
6 14
31 1
9 7
13 8
20 18
5 7
14 6
24 1
8 6
5 19
23 18
16 15
8 20
31 15
33 18
34 15
27 11
8 12
38 2
22 18
28 15
20 19
19 8
32 6
35 10
21 1
32 19
38 14
3 14
16 4
17 5
14 19
0 10
37 7
10 14
1 17
2 1
38 10
33 11
31 4
2 9
34 16
38 7
8 7
5 11
5 13
29 9
12 14
21 4
31 6
10 11
9 11
27 5
36 20
12 18
12 5
37 9
6 19
32 4
17 11
8 15
11 17
30 19
2 6
38 17
24 15
11 19
4 17
31 16
5 6
10 20
7 7
38 7
36 1
24 20
21 11
38 12
33 20
24 0
7 8
7 9
1 8
26 12
0 12
4 6
11 20
33 9
16 3
30 15
5 19
18 16
5 8
13 0
27 18
31 2
14 1
8 7
10 8
6 15
12 1
31 16
12 5
2 18
7 2
32 4
6 20
36 11
2 4
33 7
12 11
13 17
2 19
32 1
9 11
29 3
34 5
16 15
1 13
3 4
25 16
9 20
29 6
5 5
31 10
11 13
19 13
31 5
20 5
13 0
9 2
26 17
8 0
9 8
15 18
33 16
38 6
11 17
36 1
29 4
25 2
22 12
1 14
37 8
33 9
21 5
33 11
23 1
1 18
19 10
29 20
1 6
1 3
19 1
14 11
33 17
37 6
2 9
0 17
16 4
2 18
24 12
14 16
31 14
3 7
36 4
28 16
34 12
23 18
24 10
14 15
9 0
32 9
29 13
7 1
27 20
1 16
28 6
12 16
26 13
13 12
24 12
18 7
12 16
11 8
24 10
31 10
11 12
5 5
22 5
10 3
33 9
35 18
28 3
23 2
31 14
2 8
15 19
37 13
27 13
22 17
15 9
37 13
32 8
2 8
35 0
2 19
2 16
7 11
4 17
10 9
30 2
13 1
28 7
18 3
6 0
4 12
31 4
34 8
2 17
9 4
14 12
14 6
33 6
5 15
23 11
0 5
35 7
0 17
17 8
7 3
25 15
14 12
35 15
37 19
23 12
27 7
3 14
1 7
17 20
8 6
29 11
4 0
9 13
3 14
28 15
17 20
38 14
33 10
38 14
9 8
20 1
6 8
7 3
36 2
37 14
16 10
18 8
17 9
25 6
34 17
36 11
26 13
8 1
33 4
15 20
16 19
24 10
30 19
9 14
5 7
15 1
26 12
21 2
4 4
16 4
29 18
9 1
5 20
13 13
4 5
18 2
32 18
18 5
29 14
19 3
13 9
31 8
6 6
27 15
0 0
23 3
1 14
20 13
25 20
14 13
12 13
30 8
38 0
29 16
18 9
13 16
18 16
30 0
20 3
17 20
35 3
36 13
8 4
23 1
11 1
35 18
4 20
36 12
19 9
22 0
28 5
6 19
36 11
1 16
6 20
11 19
20 13
7 7
25 11
11 13
17 2
4 18
29 13
19 4
4 2
23 8
24 1
24 20
30 2
31 20
6 16
38 15
15 14
13 10
25 12
28 10
37 17
2 2
17 11
24 5
21 8
27 9
31 8
32 6
2 10
16 6
37 17
10 7
15 14
12 2
17 0
16 4
0 0
9 2
0 9
38 13
20 6
21 11
30 20
34 8
10 14
19 10
25 8
38 8
30 2
2 5
17 8
37 20
30 12
9 9
14 8
32 8
15 1
12 0
31 0
24 5
30 3
12 5
6 16
0 9
21 9
3 5
2 7
8 3
6 14
5 14
11 0
26 10
6 17
13 15
19 2
5 5
26 9
22 20
32 19
5 6
13 17
19 11
15 13
33 15
19 19
4 17
22 16
28 1
12 8
18 16
7 17
33 11
34 9
19 3
37 14
1 0
8 17
8 14
37 18
3 11
1 10
7 10
34 5
29 11
30 4
16 14
33 19
21 13
1 14
20 11
9 12
0 8
24 1
38 4
4 8
16 12
12 5
24 3
36 16
18 11
15 0
30 15
37 6
9 2
33 17
32 15
0 14
22 1
11 4
26 12
33 10
16 14
36 4
5 20
11 11
10 19
6 1
12 13
15 2
14 16
26 5
13 6
34 15
9 11
10 1
23 0
37 7
17 7
25 8
2 9
4 16
9 4
16 2
18 11
28 0
25 3
26 1
20 13
4 17
22 0
38 13
25 2
15 7
10 13
9 11
18 4
3 1
4 18
6 1
29 11
5 14
3 7
38 12
22 20
30 14
24 0
32 18
1 19
20 2
20 9
18 18
21 5
5 19
37 12
17 5
36 4
26 2
4 7
0 9
19 3
11 6
2 9
9 10
11 10
4 17
2 17
27 1
1 1
38 14
6 17
3 18
15 18
11 18
13 9
35 11
4 12
34 3
9 10
3 7
29 0
25 10
19 4
37 19
1 19
25 15
32 6
12 10
0 2
28 7
16 17
1 5
0 20
21 7
5 20
29 18
32 0
8 6
0 7
17 1
18 8
18 15
26 19
2 14
7 9
22 8
6 18
4 10
23 14
14 13
27 12
16 7
1 14
38 6
16 16
33 16
34 15
34 18
37 4
35 0
18 12
18 5
18 5
7 9
8 17
3 3
34 1
1 9
19 5
31 12
0 18
3 11
20 11
6 1
6 8
22 13
8 6
38 16
25 16
12 19
25 8
13 13
29 9
16 6
4 12
11 12
5 7
19 8
34 5
24 11
1 8
22 0
12 5
3 13
5 14
35 9
17 6
23 2
36 17
25 13
26 13
7 1
23 15
36 18
10 16
10 16
13 16
18 5
12 2
25 3
20 5
18 14
31 8
2 20
29 14
31 1
37 11
18 12
16 5
2 9
32 20
26 18
14 9
23 4
21 9
18 6
11 9
24 15
14 13
37 13
18 4
4 15
35 20
26 3
36 14
32 10
0 11
26 6
32 11
33 8
30 0
3 2
1 20
27 11
26 10
2 4
11 18
15 5
3 5
20 15
17 19
6 0
15 14
1 18
20 0
5 13
6 9
15 15
38 16
11 10
13 18
3 19
14 19
30 20
16 14
20 1
19 20
5 7
10 17
10 11
36 18
23 0
11 5
26 18
20 3
29 15
19 12
33 14
30 19
12 7
19 3
22 13
20 0
29 10
6 1
35 3
36 6
4 18
27 18
28 10
1 7
29 0
20 7
1 2
7 10
3 20
38 14
15 4
36 17
9 15
37 9
37 13
29 18
37 12
8 1
16 7
38 11
22 7
22 20
20 17
32 12
11 7
6 4
30 19
16 3
21 0
32 4
25 17
36 0
0 6
20 8
7 3
5 16
24 13
1 18
15 7
0 10
26 20
16 16
10 3
15 12
2 5
30 9
34 6
33 15
5 11
37 6
36 19
10 18
26 12
24 0
4 0
10 1
17 11
21 20
18 14
1 11
9 14
37 4
31 4
1 6
11 9
25 9
13 20
8 10
33 4
32 17
32 7
20 0
12 18
22 7
38 9
32 5
20 14
34 13
21 1
33 18
32 9
7 9
29 7
11 6
31 13
38 15
34 14
6 18
17 20
7 10
2 3
20 20
32 11
27 17
21 3
13 15
18 14
0 18
9 7
13 8
6 6
23 5
34 0
20 10
5 6
7 9
20 20
34 10
29 12
4 15
18 17
24 14
11 14
29 7
26 9
18 0
18 19
1 20
34 7
17 3
27 14
31 6
37 4
10 9
16 20
9 18
16 1
14 17
24 9
7 6
11 14
3 7
26 17
6 16
16 14
16 19
11 6
23 10
34 20
22 6
22 3
5 15
35 0
19 20
37 13
31 2
30 0
26 15
20 16
0 0
17 5
22 8
24 13
2 9
20 13
28 16
10 16
9 20
1 5
2 8
14 6
5 3
2 0
31 3
21 6
7 7
4 19
14 16
29 3
36 14
21 9
14 5
6 9
16 15
30 17
12 13
12 7
22 10
10 14
10 8
22 6
15 18
13 0
28 5
37 3
21 14
7 9
27 11
21 6
2 14
6 20
23 4
28 19
1 15
7 20
32 18
2 20
35 14
27 11
4 12
22 9
32 12
28 13
25 10
19 13
26 2
32 14
11 3
2 8
2 6
29 1
15 10
0 11
21 18
23 10
8 15
27 1
29 19
24 8
4 10
35 3
30 14
16 6
2 10
23 18
20 5
6 20
9 20
23 15
2 11
0 5
11 1
24 19
2 9
37 18
9 19
9 9
36 8
1 2
21 20
0 16
20 15
33 12
22 8
1 16
15 3
34 19
11 9
12 6
1 9
31 0
33 16
1 1
36 7
6 3
2 16
6 12
33 4
17 3
23 19
20 11
37 11
34 18
22 4
27 13
17 2
6 20
37 5
36 19
33 16
18 19
4 2
21 10
2 18
26 9
7 12
27 14
17 4
17 0
4 20
18 20
1 7
31 16
2 2
20 16
6 6
30 11
24 16
23 17
1 19
36 14
14 2
30 17
7 13
20 14
2 9
21 16
21 18
38 17
1 3
25 20
11 16
9 0
9 14
3 3
36 9
9 0
7 6
18 1
7 13
2 3
4 19
24 2
5 17
37 11
34 3
3 6
7 6
10 5
25 4
15 16
15 6
0 12
27 20
15 16
11 12
8 13
20 9
6 15
29 11
8 6
7 8
2 13
15 12
38 18
19 13
35 19
14 20
8 11
1 5
11 12
33 12
33 5
15 16
38 7
10 9
23 4
31 20
37 9
38 13
1 6
15 19
29 19
29 5
16 7
22 6
8 2
34 10
22 1
22 19
15 12
14 8
