17 99 9523
0 30
1321 673 422 77 1556 921 1282 1376 441 852 744 1097 559 648 195 759 594 
1381 44 88 866 227 1484 1514 873 705 1031 806 460 916 1473 1533 870 33 
1662 1675 1527 452 1676 869 1127 1623 310 1666 221 57 1423 345 522 467 330 
138 1645 49 1483 469 534 784 37 889 1117 1002 1471 1481 671 667 71 698 
1506 991 1265 1553 1086 965 513 1626 1467 300 697 1535 720 617 920 552 343 
938 547 1016 746 884 305 604 27 672 359 1164 663 1356 287 1122 1201 273 
350 1072 1433 802 1434 878 688 486 641 1146 91 1077 1345 999 1232 1469 990 
1607 1615 1487 1309 505 21 1275 957 620 798 729 581 722 815 1059 266 1191 
154 1449 885 1027 1015 1546 325 540 348 1598 774 1485 24 813 819 96 772 
739 1499 1156 551 52 898 493 125 932 608 47 1168 133 1468 383 1640 295 
1362 58 1217 563 971 742 1634 1394 751 1175 580 307 1063 462 1580 222 320 
1547 961 717 124 1682 229 386 160 810 1539 894 554 660 1396 1448 122 1584 
1392 560 1076 545 1555 1551 391 39 691 997 66 485 1308 1052 1294 186 1283 
84 1081 795 163 914 1213 365 1313 725 1220 788 476 237 1590 677 1280 1050 
840 1405 128 796 28 646 347 1609 579 741 779 704 1137 951 297 974 1620 
1653 263 1435 773 630 253 1416 398 219 64 1214 436 439 1470 1452 1172 438 
1204 238 1668 1643 924 1641 203 1605 314 410 1103 589 1008 1430 1259 276 191 
937 40 622 669 1593 148 1437 1037 1 197 1231 922 408 1648 42 1233 601 
1519 31 621 732 369 496 466 654 607 548 1497 1522 1071 1272 1161 1587 32 
1180 1531 1441 544 118 949 1229 1064 1244 1621 1312 1205 678 680 652 1458 331 
1502 1133 251 676 956 1482 1595 851 1009 699 1370 61 1565 895 1353 756 1554 
571 827 770 583 808 1627 1403 149 1129 1642 1608 1135 753 536 147 1150 1438 
986 1089 483 416 46 1210 1661 1104 1445 1209 647 836 317 908 413 1520 107 
158 311 244 98 127 499 1004 443 1102 293 1258 432 385 786 1579 26 1367 
208 1534 942 523 939 214 542 1021 1663 912 50 1018 791 649 532 864 168 
651 449 1158 674 1325 1159 1105 166 950 1591 1305 1432 760 269 1464 1679 340 
1400 1592 6 184 511 1610 848 329 664 719 100 371 1577 368 1360 139 877 
567 185 373 803 555 67 984 379 1190 520 1408 1120 1491 1075 727 682 43 
1044 41 394 159 1176 550 246 519 1456 1299 569 296 1439 141 1348 399 1171 
182 780 1055 734 1655 357 541 1665 918 480 1541 855 1053 1436 1199 794 292 
55 1341 906 1224 387 1582 134 240 155 1472 764 750 1475 1183 187 338 1629 
36 1240 1001 1419 279 861 1019 1521 1108 1594 602 1143 1298 304 638 194 893 
1195 1128 65 650 748 1501 1384 882 1523 605 1221 761 183 901 1585 1560 1450 
501 1379 711 1092 800 335 1660 1179 1418 823 142 16 568 757 1667 78 1498 
426 1583 1359 74 1489 239 1124 933 1152 1646 1461 998 1625 846 1417 1042 799 
1681 599 136 907 1046 103 362 312 658 1597 712 1346 576 781 966 234 220 
1336 1486 627 284 623 484 1490 1478 193 360 1101 1466 1262 1669 860 1326 996 
1279 356 923 700 488 771 315 1388 81 1267 989 1462 54 737 377 637 1455 
3 378 876 1311 1126 1093 482 281 56 706 891 533 364 1377 695 228 778 
1631 1413 1358 1382 1678 1030 51 363 205 1162 1256 653 508 816 1602 892 564 
828 606 1650 1136 736 1288 981 108 1372 517 968 1429 366 1391 209 1270 109 
1543 733 1253 80 346 53 179 498 1040 500 880 1644 254 843 516 1378 1014 
1561 730 1613 1566 34 119 213 458 479 635 1616 574 657 1385 707 1638 430 
1680 1542 299 48 1123 1399 1528 538 562 217 450 165 1285 844 822 102 481 
1261 768 515 1068 1618 1111 521 1058 444 1066 685 425 113 821 1248 1474 1328 
306 464 492 1252 156 1098 535 180 763 1374 403 150 1647 1440 1094 400 655 
977 130 1034 152 573 1154 1442 936 13 1170 116 1134 633 201 830 374 162 
290 820 1131 1060 427 1364 1148 457 1255 1630 1012 1586 1601 1178 1271 448 561 
376 1664 596 1422 1069 692 1564 1361 18 1061 600 388 1351 871 1567 318 261 
381 686 170 327 309 117 582 886 216 668 146 1589 7 189 265 258 23 
1639 993 1057 611 1096 390 491 584 1365 169 1295 465 86 1228 790 1291 1357 
597 4 735 631 1245 1373 842 1306 1518 955 405 1507 1677 1296 1100 1558 1010 
440 835 375 1114 249 415 1181 206 1536 328 267 1264 1494 114 351 90 762 
337 487 370 1047 614 188 1515 867 1427 1380 352 316 1425 572 1110 1606 1302 
518 278 728 174 1119 1290 618 1174 558 495 634 1149 468 471 1617 1070 947 
1142 716 1612 215 421 453 586 1550 502 928 875 690 931 1649 1011 804 1651 
643 946 1005 99 1163 1603 758 1673 1095 1192 709 402 1083 288 591 274 834 
1039 1303 264 232 478 245 111 973 1504 451 881 1337 1393 1415 1447 29 85 
339 935 782 1559 1065 72 322 1369 392 1525 1334 140 1033 1537 1344 1619 342 
167 507 1141 854 1084 455 291 196 248 137 740 883 972 1276 349 710 1310 
1347 577 1496 1407 1074 1099 824 694 1571 1284 628 1453 1510 1420 1421 1632 341 
1153 670 954 1443 1274 324 428 1459 1633 539 1495 578 1538 472 636 404 1185 
1225 1115 1386 659 175 645 1239 967 1022 459 626 570 2 285 703 905 1289 
336 738 477 473 1636 396 433 640 1028 1578 1157 1581 679 69 1251 975 1079 
752 1167 409 1020 1412 1215 879 708 442 19 960 527 1511 126 419 35 282 
1292 1529 1454 838 557 1371 616 1293 298 776 642 1509 610 198 1211 556 1207 
1327 1254 849 1088 60 1446 859 270 1193 817 225 1342 1635 1516 1628 839 1260 
625 1349 372 14 131 268 1067 723 1140 1562 1395 1197 1106 681 344 1268 747 
509 807 164 832 809 1223 847 982 434 987 1575 1246 256 361 1354 528 856 
1322 1315 424 1035 73 1147 721 1144 1383 172 231 1530 1247 785 1532 666 271 
818 1569 289 226 1477 911 598 202 283 811 1512 593 1476 494 853 1333 173 
1545 1600 1038 1145 153 8 724 105 1307 615 1160 200 969 1457 1406 530 726 
1235 382 1670 1062 178 925 959 994 1505 868 702 970 1048 25 543 112 1508 
1656 233 280 132 590 301 934 789 277 919 106 1363 358 612 204 1301 1657 
1526 319 1563 62 1319 1116 900 5 313 1343 888 1297 1188 862 355 1366 976 
945 429 1025 1017 913 1198 592 566 1266 447 236 1390 10 59 1576 1493 1573 
1182 1218 294 223 1091 1184 910 887 575 1155 775 1375 1000 1658 1166 766 9 
943 474 1130 1323 1568 632 110 104 743 731 333 1227 393 207 992 157 587 
1003 745 1548 929 79 613 514 687 713 1257 755 504 1241 1043 656 242 1054 
1212 412 326 123 1557 903 1622 1672 1187 512 272 863 435 1222 639 1398 897 
1389 15 1652 224 1500 1202 212 68 1109 1169 1045 1355 411 252 1397 874 1552 
1570 1139 546 121 161 12 1237 1451 420 1411 1414 176 95 1007 1596 181 826 
1216 1138 22 1173 510 243 1041 980 797 323 1013 1544 805 308 1082 1151 829 
1460 262 792 1329 754 94 1085 384 1165 1090 414 92 1304 837 115 1624 199 
684 1200 1463 629 87 1273 995 777 1332 718 595 841 1250 1611 490 275 930 
76 958 857 456 475 603 489 1318 470 769 145 93 302 661 1112 75 1026 
135 1492 917 1113 45 144 1278 696 701 1125 20 1226 537 129 978 1488 565 
988 1604 1080 1056 1503 845 1335 749 354 1087 1444 1588 11 463 1671 151 585 
1424 662 904 211 1242 833 1194 1036 1368 1426 286 1338 531 940 1614 1404 334 
1049 1263 89 192 872 423 1078 0 445 367 1073 257 418 553 1317 525 17 
926 793 675 858 1029 497 260 1574 665 890 506 63 503 767 948 1401 831 
1320 1314 1132 82 70 171 218 190 406 609 1024 865 1316 1287 1572 431 1324 
1637 1465 1524 825 407 1409 1402 83 143 964 1517 619 1189 1428 927 814 644 
120 765 801 962 714 963 38 524 1277 1269 1186 915 1654 953 1513 941 1599 
1230 526 247 1540 983 689 241 1023 332 1410 417 1121 979 437 1674 1350 1234 
952 850 1219 321 624 461 353 1286 1107 401 909 812 899 1431 1549 715 549 
1479 397 1236 1352 693 1331 1177 529 1032 1300 395 255 1387 380 985 1051 1281 
783 1203 1006 902 896 944 389 101 303 588 97 787 1118 230 1659 1339 1480 
446 683 259 235 210 1340 1243 454 1330 1196 1238 1206 1249 177 30 1208 250 
15 82
4 94
1 95
10 75
0 51
8 22
15 36
5 1
15 93
16 84
11 81
5 15
9 53
9 1
12 16
14 35
4 73
5 85
1 59
11 59
14 71
2 25
12 65
14 70
5 69
16 38
0 87
2 74
8 72
16 88
12 21
14 61
13 96
9 81
3 18
3 86
0 60
5 98
15 40
3 33
9 21
2 82
5 55
0 48
13 19
10 85
14 73
0 44
10 25
5 51
5 89
16 16
8 32
5 40
3 81
13 63
1 1
14 16
13 85
11 56
0 92
8 62
16 97
8 85
12 77
9 29
13 69
3 60
1 50
11 48
4 87
6 68
3 51
15 38
6 53
14 42
2 39
3 93
11 78
0 75
13 93
14 3
3 98
14 37
2 97
16 54
2 90
0 75
13 64
12 14
4 73
14 39
12 91
10 16
0 28
11 16
13 88
3 89
9 79
4 90
16 40
8 34
14 15
7 8
14 31
11 51
14 85
6 71
15 13
7 77
6 82
4 51
13 20
9 98
16 77
4 81
14 35
8 78
9 20
4 48
0 24
10 6
11 3
2 75
12 6
0 21
3 26
8 60
2 45
16 42
13 48
1 9
12 28
11 90
15 4
11 76
10 95
13 72
7 4
8 30
0 24
1 39
3 24
8 78
3 88
15 9
15 30
7 44
6 19
9 77
9 19
14 60
5 30
10 90
7 9
14 21
1 52
16 13
7 35
14 10
0 91
9 53
6 56
7 57
4 95
16 75
13 88
1 59
13 74
12 61
8 50
8 7
2 0
16 61
4 26
16 70
4 25
2 35
13 58
4 91
8 32
11 90
12 9
6 64
4 59
12 39
0 39
5 57
6 21
10 95
6 45
16 53
3 98
10 97
16 75
14 81
4 90
11 57
11 83
16 2
11 86
14 44
13 46
14 87
6 59
3 21
8 74
4 35
6 35
6 78
15 69
2 88
12 52
7 97
15 64
6 59
2 64
15 25
2 50
8 61
9 60
9 96
9 21
5 95
10 23
7 34
3 71
12 46
14 46
9 59
10 49
2 77
1 40
1 0
5 98
14 64
10 42
14 45
4 42
5 2
7 67
11 90
6 51
16 80
5 53
12 34
7 27
11 27
11 93
16 66
10 96
5 12
4 43
13 72
11 32
15 76
12 42
2 26
1 62
4 52
0 28
2 88
1 5
8 70
10 39
16 30
3 93
6 46
5 93
6 65
16 21
1 74
13 25
12 87
6 36
6 20
4 2
12 50
5 75
1 60
2 84
3 82
9 25
15 24
12 47
15 8
3 68
9 69
10 4
14 39
10 16
3 73
2 81
0 93
11 59
13 38
1 46
4 93
4 28
12 24
10 32
8 43
1 75
9 44
0 46
6 77
2 90
12 85
14 26
7 61
4 21
5 81
9 39
11 54
11 51
8 9
3 93
8 66
5 84
9 59
13 53
15 62
9 1
16 4
0 92
14 71
11 12
5 78
4 1
14 69
6 93
8 0
13 61
3 6
14 51
1 57
12 5
5 98
10 92
15 53
3 38
2 83
1 16
4 16
4 3
7 21
8 23
1 33
0 16
4 96
7 23
6 8
2 10
6 79
13 82
15 3
0 11
5 29
9 37
15 2
14 41
16 19
12 21
13 68
11 73
13 70
8 87
12 12
2 5
6 33
1 71
16 5
11 55
11 90
9 50
2 42
16 61
0 39
14 56
4 11
1 7
0 37
11 30
5 66
0 74
5 80
10 12
2 92
8 41
2 59
2 83
16 29
12 44
0 85
10 32
9 59
12 57
0 84
2 85
0 57
14 45
13 76
16 80
12 11
1 91
13 61
7 74
15 44
12 87
2 24
14 52
1 12
15 43
2 56
0 60
15 40
12 60
6 42
8 71
12 97
8 8
8 71
10 64
11 95
9 70
14 82
14 31
0 29
4 5
5 42
6 43
8 1
0 51
10 33
10 39
10 58
6 9
7 97
15 85
0 19
7 73
3 79
16 70
3 92
13 51
1 91
4 52
9 16
13 89
10 2
12 57
5 62
14 14
3 45
13 55
13 28
0 20
9 91
16 59
3 30
5 59
9 33
6 57
10 10
9 71
4 26
7 8
11 49
13 34
6 87
3 42
8 11
11 71
4 6
8 60
4 73
3 19
16 16
8 10
8 70
13 87
0 15
4 25
8 58
6 55
1 78
16 67
7 55
4 98
14 30
12 97
13 94
6 76
1 45
9 92
16 7
8 69
5 46
3 6
6 74
12 16
0 31
7 24
8 2
12 1
16 23
7 1
5 92
7 6
15 11
8 82
10 16
14 80
5 92
3 14
16 40
12 25
13 40
1 28
11 71
9 78
13 70
1 8
0 29
1 18
6 33
13 46
10 51
5 33
16 44
16 75
6 46
16 10
15 79
15 41
0 92
6 24
6 34
6 42
1 5
14 60
1 0
2 65
3 86
3 56
13 39
10 31
1 19
13 30
15 51
0 35
8 44
9 45
4 28
3 82
5 36
14 72
4 4
2 5
0 16
10 70
0 84
10 46
4 74
13 4
13 52
0 34
6 96
10 68
2 33
7 20
13 1
9 62
3 45
6 42
9 1
5 65
13 96
8 77
11 26
13 95
5 49
5 32
9 96
4 80
10 83
7 15
8 85
11 43
6 76
8 56
3 43
13 56
3 4
6 50
11 7
11 96
16 20
9 21
10 93
8 39
9 57
5 27
3 73
3 75
2 96
0 9
2 12
8 35
9 85
16 41
10 33
10 13
10 26
12 3
1 30
15 45
14 78
7 28
16 39
6 44
8 26
10 33
6 24
0 39
7 7
15 63
10 24
4 63
11 10
0 76
10 80
5 54
10 88
8 61
15 87
8 61
3 45
1 13
4 8
5 63
0 3
6 26
10 96
13 75
14 96
10 28
12 15
16 88
4 47
13 64
16 12
6 19
14 13
13 79
13 73
9 66
3 48
1 74
7 70
13 25
10 76
5 44
12 40
9 95
9 67
9 37
14 92
15 46
0 40
13 20
2 5
2 70
7 70
7 87
6 28
2 60
6 31
11 0
12 23
2 83
13 1
14 0
2 82
15 92
5 50
2 62
5 30
8 7
10 6
2 16
6 7
16 29
1 81
1 44
3 0
7 10
2 93
11 96
2 37
0 72
5 61
1 73
9 84
6 55
16 66
2 68
1 42
13 44
10 79
8 54
1 62
14 58
7 68
4 88
13 26
6 31
14 16
3 49
8 19
5 13
16 62
11 58
15 90
16 45
13 94
8 72
10 34
12 46
15 59
2 73
5 64
13 93
15 62
2 90
5 85
7 63
14 10
11 33
14 78
0 40
15 63
8 36
0 6
13 98
11 94
5 31
16 9
6 34
6 13
3 71
2 92
10 57
15 61
5 79
14 53
5 71
2 28
0 24
0 10
5 24
13 38
3 16
16 76
14 93
2 58
6 64
1 21
16 32
0 67
12 83
4 86
9 40
5 61
10 47
5 81
11 61
9 47
13 79
7 71
11 75
9 5
0 52
2 23
16 30
16 92
15 35
3 12
9 33
11 38
7 60
15 31
0 18
14 91
9 75
1 11
7 85
4 88
12 0
10 81
7 26
3 71
14 92
0 43
12 84
15 46
16 61
2 57
10 68
15 38
9 97
14 50
13 60
2 78
2 78
2 26
8 94
10 65
5 0
8 92
4 82
13 51
15 77
5 78
12 15
11 11
6 96
15 20
1 69
16 83
11 18
4 57
7 37
11 50
4 68
7 97
9 72
9 91
9 13
15 72
12 82
15 46
10 38
8 68
16 62
6 12
9 37
2 11
4 24
3 46
15 12
16 59
15 76
9 12
8 58
15 67
9 92
3 54
4 14
15 32
4 10
16 14
16 46
14 0
15 26
10 36
16 77
0 81
5 73
7 64
13 48
8 14
4 88
12 90
12 65
14 40
12 20
3 88
16 33
10 68
14 59
13 83
13 68
8 24
16 3
7 52
7 77
5 97
13 61
4 81
15 25
8 93
11 50
6 65
15 8
3 77
12 77
0 70
3 81
1 14
9 31
2 89
1 6
11 38
12 54
10 43
11 3
15 10
9 26
8 76
1 24
4 98
3 53
11 42
6 33
10 2
12 16
12 26
15 29
8 68
8 97
15 91
6 43
11 12
7 31
7 46
16 66
16 51
9 94
10 5
9 36
9 8
10 79
6 82
8 38
1 25
11 32
12 71
8 33
0 86
5 42
14 67
1 38
5 50
5 48
0 87
5 19
4 50
12 98
6 70
8 29
14 57
4 97
9 36
5 3
14 94
12 36
4 20
5 61
2 47
12 55
3 2
11 53
7 83
1 36
15 17
7 32
9 66
1 37
11 45
12 58
4 62
15 53
9 9
16 72
8 37
10 44
15 37
8 0
11 45
11 51
1 76
0 51
5 18
10 88
15 29
10 72
7 10
13 90
11 7
2 43
14 54
16 93
13 95
7 80
5 78
0 0
6 21
7 23
12 56
2 82
2 58
1 15
16 60
6 0
1 18
9 89
2 59
6 87
6 38
6 3
10 81
8 66
5 95
10 54
10 11
8 91
2 13
4 38
12 76
2 80
13 33
14 71
1 42
10 44
11 31
13 9
6 42
13 29
8 4
12 18
9 84
13 39
12 78
11 29
7 34
9 60
2 56
4 47
6 64
4 21
0 88
16 86
16 0
15 18
16 35
9 85
9 43
6 70
9 68
2 24
11 67
4 77
12 63
11 41
11 60
10 31
16 83
1 67
12 45
13 35
7 53
11 46
13 94
9 77
4 16
11 78
14 68
13 45
11 79
4 43
15 14
9 61
16 32
16 74
6 33
1 26
0 12
12 27
10 89
2 97
15 19
14 67
2 35
3 95
11 82
12 80
4 34
15 3
4 56
3 96
7 39
8 89
11 29
7 83
0 11
1 48
14 92
1 85
14 65
0 63
3 45
10 13
12 65
4 50
9 61
11 13
9 22
16 84
6 72
13 59
6 88
2 44
15 72
16 37
14 69
13 70
9 56
13 34
2 60
7 39
1 85
11 31
15 23
0 6
7 84
5 32
6 7
6 55
1 56
8 21
10 53
11 29
8 92
13 83
11 46
16 91
14 91
6 52
11 37
11 58
6 55
14 71
9 46
0 63
3 81
1 15
3 47
7 7
9 57
7 37
5 34
7 52
4 92
7 69
16 90
2 9
13 94
5 82
0 22
0 73
7 41
2 91
4 87
15 28
5 48
10 2
15 57
0 69
10 86
13 33
13 66
0 46
6 11
0 64
13 86
0 40
15 34
8 0
6 3
12 97
3 21
0 64
1 87
3 43
1 36
6 48
2 0
1 79
8 68
13 95
12 87
8 42
14 27
15 44
7 4
16 30
10 54
16 6
1 91
9 75
5 63
10 69
7 44
6 53
5 73
2 7
1 37
1 47
16 49
0 91
16 20
15 58
9 61
15 61
10 92
4 23
14 87
12 93
14 12
13 40
9 28
3 60
10 30
15 59
2 12
13 64
1 37
6 55
9 0
7 5
13 67
9 18
15 20
16 35
11 37
10 17
9 19
12 31
12 44
2 91
9 6
3 32
2 72
4 25
12 7
9 10
3 35
11 1
8 28
8 38
14 80
2 70
10 98
15 37
10 90
2 23
9 27
2 73
12 86
12 55
6 66
15 7
7 0
11 11
8 98
11 35
11 80
15 68
5 20
12 17
0 90
6 80
0 13
13 47
3 15
7 73
8 34
12 24
7 5
16 28
15 74
10 47
8 58
8 61
4 17
2 38
4 98
0 68
12 36
3 22
0 68
10 62
4 47
15 93
6 45
12 4
12 61
14 47
14 3
15 16
0 67
5 16
15 69
5 70
0 72
16 54
13 74
3 31
7 14
16 63
15 78
3 34
1 80
9 76
9 67
7 86
12 78
15 78
5 15
13 27
1 14
4 68
0 47
15 26
6 32
16 38
6 75
4 9
5 73
16 1
14 96
9 54
0 64
11 1
4 18
5 68
16 76
5 65
2 79
4 55
10 94
5 27
7 63
5 46
0 76
2 58
5 95
0 46
7 35
3 92
2 47
12 58
16 43
5 59
9 88
13 97
11 11
15 2
5 21
14 82
6 67
9 0
16 1
14 58
16 92
14 82
0 50
2 23
15 93
14 49
11 48
1 33
6 86
11 31
11 21
11 52
0 63
6 48
11 77
15 85
4 51
0 67
6 67
4 73
6 2
13 95
7 24
16 50
7 68
7 45
9 89
6 64
4 27
4 74
15 81
7 57
12 54
5 53
9 19
3 57
7 82
11 83
16 82
14 56
13 64
0 23
11 78
7 44
10 95
11 38
12 7
5 89
5 78
9 66
1 71
15 86
13 83
4 54
1 26
16 61
2 39
8 73
12 22
4 59
2 24
3 45
1 68
6 0
14 95
12 79
16 61
5 60
15 59
12 86
9 11
6 63
15 27
3 89
6 68
13 6
6 97
13 68
15 4
0 12
11 2
5 7
15 57
13 50
13 89
15 33
16 18
9 82
5 81
1 92
13 22
1 85
4 14
5 47
16 45
8 85
3 47
2 19
0 57
9 96
0 16
10 30
11 47
6 31
2 15
5 46
9 96
7 81
0 26
16 95
4 55
6 60
9 88
16 83
6 76
7 53
15 24
15 9
6 30
9 35
14 52
13 35
5 46
3 17
6 60
9 82
5 37
6 44
6 77
5 20
5 74
4 6
4 38
7 86
8 96
11 13
13 12
14 95
5 44
6 85
1 11
14 66
5 54
6 66
7 93
7 0
2 78
6 34
5 48
2 17
11 96
5 37
7 8
0 70
1 85
5 9
0 8
12 26
7 27
3 2
3 53
12 31
12 55
0 67
4 7
13 30
5 1
11 78
14 40
16 53
4 12
13 34
5 79
3 25
0 82
10 75
3 88
14 74
12 35
6 52
2 63
2 51
15 86
10 27
14 75
5 19
3 28
15 31
2 63
16 67
12 62
0 86
2 32
9 0
11 24
2 47
11 37
5 29
3 26
10 83
8 60
7 10
5 91
1 13
1 67
15 40
13 80
15 89
11 48
4 79
15 2
6 52
16 97
3 68
10 86
7 73
11 69
13 23
4 22
12 39
2 94
7 29
1 53
2 28
9 28
7 2
1 41
1 78
4 11
9 8
13 39
9 98
1 54
4 51
14 79
12 25
5 27
0 92
12 14
12 67
4 62
5 9
16 80
0 0
16 27
6 82
16 40
14 23
11 49
3 43
0 75
2 37
14 35
9 82
5 90
16 80
11 38
8 2
2 98
4 23
11 84
2 26
6 72
14 54
13 95
12 50
12 67
3 51
2 71
0 21
8 51
3 87
1 7
16 88
1 66
1 73
10 51
14 20
11 60
10 17
12 22
15 59
13 75
16 87
16 6
13 29
2 91
15 38
14 17
7 16
1 77
13 50
2 89
14 95
3 28
8 63
11 22
15 62
13 28
2 52
14 66
6 47
14 10
10 73
8 62
3 94
5 10
6 35
1 17
2 8
3 36
16 48
3 40
6 55
3 55
12 42
13 74
11 48
5 52
1 93
8 54
16 75
13 71
14 28
15 3
6 1
7 37
0 95
10 78
4 44
1 62
4 72
5 24
12 11
1 56
5 39
8 53
9 85
15 12
9 10
5 26
1 5
1 51
14 19
14 28
10 92
0 10
3 3
2 11
1 64
16 58
11 61
10 25
3 86
3 64
9 94
3 69
10 97
15 97
11 46
6 24
10 73
16 89
6 45
6 28
0 12
1 28
9 3
4 62
3 14
14 73
14 98
11 68
15 19
13 50
13 62
11 72
15 68
10 56
0 83
5 10
12 82
7 85
4 68
3 35
14 69
13 62
4 40
11 20
13 5
11 40
10 21
15 78
3 24
1 86
10 56
14 60
14 47
7 86
7 85
15 74
1 3
0 21
16 73
4 85
13 83
11 77
11 47
7 6
4 33
9 62
8 34
9 78
9 59
12 7
13 38
7 45
0 57
13 34
14 32
16 18
5 45
16 3
15 21
2 23
13 92
7 35
0 60
15 16
3 75
9 63
14 84
16 22
4 83
2 61
11 86
13 43
9 88
4 37
6 78
5 9
10 80
11 10
10 86
14 87
13 89
9 48
5 67
16 85
6 96
0 33
11 91
7 95
16 8
15 35
8 3
12 26
11 10
0 52
4 75
15 6
7 25
10 33
12 55
1 74
2 85
5 76
9 77
16 66
1 23
9 58
10 7
0 25
0 54
5 0
11 21
11 74
9 67
12 12
13 19
9 29
9 76
14 32
11 93
4 34
1 49
3 42
9 78
15 37
1 40
0 53
1 81
12 87
1 78
16 55
6 32
15 97
5 0
16 90
10 46
15 12
4 69
6 93
2 3
0 19
6 32
1 23
0 92
9 29
11 53
11 30
6 55
4 54
12 42
13 25
4 74
8 88
9 30
14 79
1 10
1 15
7 0
0 44
7 71
11 60
13 45
0 39
8 60
10 87
13 93
3 39
6 34
4 13
11 10
11 64
0 76
11 59
1 53
6 68
14 26
1 88
10 4
14 25
4 63
10 43
4 97
0 55
11 65
8 32
13 51
15 70
0 10
5 54
1 34
0 57
11 74
6 19
15 55
10 11
15 57
13 76
1 7
16 87
6 25
14 57
6 20
15 43
1 68
7 50
12 7
11 17
9 13
15 17
0 92
2 87
10 37
16 72
4 96
0 63
0 84
8 49
0 92
2 17
7 82
16 94
15 5
4 13
13 90
10 79
5 10
3 65
0 73
0 72
13 61
1 91
8 4
4 1
10 77
3 53
16 3
15 73
12 58
11 18
5 92
16 2
4 54
6 51
5 11
2 33
16 56
13 30
14 66
6 29
10 12
13 11
9 81
10 44
10 82
14 1
7 43
13 26
0 74
15 40
11 92
1 92
9 54
8 44
8 65
5 76
3 60
4 1
9 98
8 37
15 92
2 94
0 97
4 48
2 6
7 67
2 27
9 59
13 39
5 87
13 25
6 55
15 85
13 41
16 60
13 29
7 16
9 11
2 26
7 27
6 39
1 31
1 66
3 17
4 22
3 33
4 43
11 91
11 81
14 37
14 71
15 57
14 72
13 24
7 37
0 14
3 86
7 17
5 24
6 54
11 5
4 17
2 59
10 28
3 17
0 12
1 84
4 46
16 52
2 5
13 48
4 69
3 69
14 50
3 94
5 70
2 63
15 93
7 90
4 75
13 28
8 22
12 9
3 26
10 36
8 27
6 25
14 72
7 23
12 87
4 32
13 98
10 35
4 55
10 53
9 1
15 25
5 1
12 94
4 31
1 33
0 63
15 1
1 36
9 85
15 51
1 95
7 31
11 57
4 83
9 67
16 84
12 4
6 58
12 35
10 48
7 39
11 73
9 72
9 95
9 69
0 74
2 27
12 6
14 42
11 90
7 35
10 11
16 72
10 15
12 64
15 25
5 78
16 81
7 3
5 9
9 16
16 56
15 85
7 97
16 0
9 12
0 44
0 72
5 82
4 27
8 81
13 46
3 44
12 93
5 20
10 38
9 71
9 21
4 16
5 88
7 29
15 96
9 44
14 16
11 39
7 11
12 53
0 34
4 34
12 76
8 2
4 2
3 47
5 3
8 5
8 53
4 21
16 89
13 90
2 81
1 16
1 28
1 10
15 68
1 80
16 94
14 27
15 86
16 24
6 14
14 35
0 52
3 15
16 55
0 75
16 92
0 30
12 18
11 12
5 29
7 2
15 86
0 46
5 16
12 25
11 74
6 28
8 98
9 74
9 36
3 13
2 67
4 60
13 62
11 80
0 6
4 84
11 28
10 28
9 1
13 97
9 51
0 87
5 1
1 50
12 16
11 69
0 75
3 33
9 95
4 23
7 37
5 85
14 9
2 36
7 8
0 85
12 98
7 46
8 62
2 54
11 74
15 22
1 19
9 96
9 34
2 24
5 84
13 11
2 28
12 7
10 72
6 93
1 3
6 66
12 77
1 7
0 30
1 82
16 75
8 56
8 10
1 26
11 72
16 51
4 98
14 97
9 3
14 26
1 17
4 82
4 17
15 74
14 66
2 90
8 78
10 13
11 47
2 38
13 59
3 3
13 42
0 87
2 45
3 33
3 30
6 46
10 46
11 66
8 90
13 54
10 65
7 72
0 24
0 15
6 73
10 40
16 78
11 65
8 90
0 5
6 15
13 97
13 34
3 85
16 90
7 8
15 17
5 53
8 84
13 37
11 6
10 79
0 80
16 28
0 29
14 18
14 54
12 83
1 57
1 8
5 54
14 30
1 3
2 16
6 69
11 7
13 5
7 57
10 87
14 31
0 3
8 13
1 96
3 63
7 13
3 98
13 40
13 0
4 85
11 36
1 29
14 0
0 12
11 1
0 1
4 56
10 57
2 8
15 94
11 0
10 56
15 70
16 59
2 29
12 86
0 34
15 64
10 12
2 83
6 59
12 71
14 18
1 69
12 13
7 34
0 54
13 66
8 41
7 35
16 53
13 17
3 97
6 21
9 33
15 65
10 26
5 95
7 96
16 55
10 96
15 78
6 42
5 35
0 69
6 41
11 3
11 88
4 61
4 32
16 78
14 60
0 31
11 14
6 59
8 84
7 32
12 2
13 51
8 33
0 7
1 89
7 80
14 62
16 50
14 67
3 68
11 43
0 38
7 49
0 27
12 75
1 58
16 18
13 18
3 8
16 87
14 18
12 69
2 63
12 7
8 45
16 91
3 19
14 85
8 20
1 68
15 82
10 92
13 58
2 61
13 22
14 66
13 85
7 48
8 29
10 59
8 44
15 8
12 23
14 79
14 11
5 0
6 1
16 34
11 24
10 51
5 40
7 80
1 32
11 77
16 75
9 26
10 22
0 67
8 39
15 23
11 23
3 65
2 25
4 86
15 76
4 86
10 2
2 93
2 69
7 41
15 74
3 56
3 11
10 9
6 38
4 74
9 29
0 33
13 2
11 93
8 40
10 78
14 20
11 12
8 32
6 25
13 7
4 73
12 34
1 30
8 87
7 36
15 15
11 55
13 48
1 0
13 52
16 34
10 50
8 51
10 3
8 83
15 96
5 32
0 3
2 91
8 28
6 84
15 98
7 80
4 62
16 60
9 85
11 21
7 61
6 10
7 5
13 38
4 86
4 49
11 91
5 88
16 15
2 17
9 49
13 98
14 86
14 58
7 92
9 14
5 60
6 6
10 76
11 20
13 43
5 61
10 67
5 2
1 15
10 31
10 12
15 51
5 96
10 32
16 10
12 60
2 84
13 19
9 3
12 44
5 93
8 75
3 15
2 25
12 69
11 57
0 72
4 83
12 42
2 32
1 37
1 49
4 52
5 65
5 44
8 65
10 98
0 13
1 0
12 22
3 58
0 68
2 84
13 68
0 73
1 47
5 9
16 58
8 35
15 88
3 1
15 31
6 82
5 82
10 74
2 56
3 22
13 67
5 77
0 22
13 57
4 52
14 67
14 61
15 65
6 14
11 66
2 0
4 10
8 16
1 33
9 38
14 50
8 32
10 9
12 47
2 24
7 98
13 15
15 83
12 47
0 13
16 13
15 92
2 6
4 67
2 45
5 33
11 6
14 28
10 51
3 72
15 76
12 36
13 59
7 88
1 24
4 53
14 77
7 4
6 69
16 94
6 0
7 9
5 40
4 32
3 7
12 6
5 36
8 48
8 85
0 56
12 64
3 77
14 87
5 61
2 75
12 22
1 66
3 4
3 47
7 73
1 82
15 39
4 95
7 91
2 68
7 14
15 65
13 3
0 22
6 92
1 67
2 59
7 90
1 14
13 95
0 28
9 29
0 12
5 43
0 21
11 62
7 13
2 77
15 18
11 24
14 89
4 83
12 23
14 29
16 20
14 97
6 95
5 29
5 67
13 32
1 23
8 52
8 46
1 50
5 64
6 3
6 29
10 85
7 19
6 74
11 16
3 28
3 32
7 22
0 50
13 47
12 17
10 73
10 40
9 57
1 24
2 43
16 58
12 72
2 10
4 44
11 76
12 67
15 40
6 33
7 52
6 18
7 65
8 37
14 47
1 91
16 45
8 11
1 5
13 33
1 32
9 18
16 65
7 89
9 57
6 80
16 58
4 89
15 34
12 55
5 40
3 34
14 16
9 85
2 71
13 81
8 52
7 54
11 67
2 59
14 95
6 85
12 50
15 75
8 76
1 54
2 39
13 87
12 69
6 60
7 7
14 96
2 62
0 90
13 61
11 77
5 34
13 66
7 0
1 3
12 38
0 91
16 65
5 1
4 61
8 86
15 44
1 24
13 79
13 71
13 69
14 23
7 66
9 77
9 76
9 70
16 81
4 56
5 48
11 93
16 30
7 64
1 3
10 30
13 51
0 28
12 40
15 61
4 59
2 29
12 53
14 94
12 57
13 35
3 68
2 60
8 4
9 4
11 40
5 83
2 97
15 74
6 22
13 67
10 46
3 58
13 80
9 82
4 3
6 49
15 87
1 8
6 0
5 17
3 36
15 22
5 84
14 73
4 61
12 61
13 28
12 40
4 74
2 44
1 10
4 68
5 10
7 38
2 94
12 48
16 24
2 36
13 46
4 63
0 98
13 80
6 45
9 22
13 31
1 1
2 40
15 85
5 27
14 31
13 33
2 45
7 52
0 80
2 5
0 22
12 68
10 63
10 69
13 4
3 95
11 79
0 94
16 87
3 92
14 22
10 47
2 15
8 32
1 33
8 23
7 7
14 46
5 21
14 89
6 67
7 87
1 79
14 64
16 72
12 56
16 2
7 64
5 48
11 44
7 59
13 55
8 19
2 96
16 76
13 78
15 29
6 86
9 13
15 2
16 79
13 69
9 12
9 43
8 28
0 3
14 25
3 39
10 60
10 79
2 1
3 32
1 48
7 62
3 92
13 13
4 63
10 42
15 45
2 91
13 57
12 80
7 88
13 73
6 26
14 92
1 97
12 19
2 15
2 84
16 96
11 60
10 47
1 87
13 5
14 55
4 19
11 46
2 64
6 78
16 97
16 32
7 16
6 8
8 47
8 28
9 18
16 88
7 13
15 70
5 72
13 86
2 73
11 86
9 28
8 3
9 47
5 76
2 13
5 6
1 9
9 83
4 87
8 2
4 14
5 52
7 77
11 90
6 18
13 29
14 76
4 58
15 60
15 33
5 5
7 31
11 42
6 10
6 0
2 91
1 51
13 32
13 68
7 81
0 46
0 48
0 2
5 77
8 84
13 46
3 85
7 38
0 65
12 46
15 73
16 4
7 80
10 51
13 87
15 39
7 95
12 87
15 84
13 64
5 0
1 51
5 43
8 90
3 7
6 4
8 53
15 22
6 94
9 8
12 96
11 30
4 4
9 31
14 0
2 92
15 29
0 27
1 7
1 78
3 37
13 77
14 19
11 22
12 32
3 37
6 8
0 1
7 71
0 72
9 18
13 21
15 10
6 76
12 64
10 35
9 59
14 44
8 95
14 73
14 36
10 26
2 29
5 43
9 71
7 72
0 69
10 2
2 83
5 13
9 16
8 88
0 33
10 28
16 5
1 50
9 23
0 53
8 92
2 47
11 59
11 19
5 64
7 30
16 22
3 52
16 55
2 19
13 44
6 18
7 94
11 34
1 80
4 8
4 71
13 32
13 96
12 33
4 64
4 78
16 83
6 54
8 98
14 50
6 23
11 17
10 87
13 30
13 59
9 83
13 74
12 3
10 67
2 20
14 26
15 22
11 53
4 72
12 1
14 50
3 95
4 27
11 68
1 0
3 71
11 98
13 5
5 55
8 42
0 83
16 3
13 95
9 80
14 26
16 61
7 71
16 18
1 45
2 87
2 76
10 0
0 1
15 67
8 56
1 75
8 90
9 87
8 65
11 87
15 76
15 31
10 84
13 17
4 12
8 81
11 77
14 41
0 57
5 95
1 1
3 44
12 91
14 11
16 69
0 17
16 56
11 77
5 88
9 12
5 68
3 7
14 58
10 98
0 54
14 39
0 41
4 33
3 36
2 39
2 11
2 48
7 19
12 74
12 97
8 18
13 57
10 13
12 46
1 63
16 37
2 87
15 49
0 39
12 33
6 86
10 98
16 20
4 40
9 48
5 12
8 35
13 95
3 62
10 16
3 65
5 4
4 37
16 68
14 73
10 54
3 77
14 14
6 47
0 22
11 27
8 33
2 49
11 77
7 83
2 25
15 61
0 78
12 44
3 31
16 31
8 23
8 1
15 11
14 52
1 6
7 78
10 32
1 51
8 33
16 95
2 9
9 75
5 5
2 95
11 97
2 13
8 67
8 70
12 17
2 80
12 85
1 56
7 7
15 61
8 6
11 20
16 34
4 40
13 54
16 42
10 40
15 52
4 87
16 63
1 12
3 92
3 55
15 34
8 76
4 73
4 16
8 73
0 49
2 88
11 79
13 25
14 47
14 65
14 92
1 41
16 93
2 94
0 73
2 87
3 61
1 83
16 17
7 13
13 26
9 9
5 52
9 11
15 14
4 75
9 94
5 96
1 77
15 57
15 71
14 87
8 14
6 60
13 75
4 98
11 15
1 76
11 48
9 68
11 96
4 49
11 97
0 37
0 26
9 58
0 47
13 68
16 24
16 67
5 96
4 27
16 59
3 14
8 79
14 3
16 59
3 92
16 82
8 72
14 21
13 80
1 57
16 90
14 51
3 40
3 23
11 57
2 33
12 72
3 16
16 96
16 58
0 40
2 39
8 91
9 6
12 7
15 21
13 83
11 50
16 73
16 33
10 55
11 53
0 81
7 38
16 80
10 56
6 89
0 70
8 28
4 64
10 8
9 56
6 2
4 45
4 48
5 88
16 77
11 56
3 34
3 78
10 48
11 54
3 56
2 60
7 14
1 69
0 91
12 32
10 91
13 18
6 24
3 47
3 41
6 96
16 21
7 98
10 35
6 37
11 65
3 34
1 26
14 37
16 47
0 36
6 94
4 85
5 18
7 16
4 41
10 13
7 66
12 16
9 30
7 17
2 50
16 72
12 27
10 93
1 96
13 50
3 66
9 97
1 11
5 1
13 56
8 39
15 97
2 95
15 31
10 16
0 60
5 40
11 31
2 84
2 64
10 51
16 5
14 28
10 28
2 90
10 98
5 27
9 86
12 38
7 4
14 44
15 98
1 67
15 46
3 80
16 36
0 47
2 9
10 76
1 10
4 21
13 23
5 83
1 65
2 48
2 94
13 92
3 21
7 62
5 33
15 56
16 44
16 66
5 73
14 44
15 89
9 37
3 71
9 97
2 24
11 68
6 7
2 33
16 91
5 89
11 0
13 22
11 27
13 31
15 35
1 67
0 2
2 90
12 45
4 17
12 63
10 50
15 57
11 33
8 34
10 34
5 70
14 96
6 43
14 35
2 90
3 14
4 89
8 32
15 93
1 88
2 7
12 96
14 61
6 90
6 52
12 48
15 81
0 37
8 68
14 92
15 78
8 39
11 10
2 37
6 58
12 12
6 72
7 0
12 76
9 66
5 57
5 85
12 55
6 63
8 42
0 22
3 49
5 72
5 50
1 2
16 7
7 41
5 87
1 88
13 8
0 39
7 95
0 63
16 86
2 77
9 15
2 90
8 41
0 81
13 20
2 14
2 69
8 61
4 78
12 23
6 67
16 62
0 24
12 93
4 94
9 87
2 60
0 51
12 40
11 97
0 53
16 60
12 50
14 92
5 58
8 29
1 22
9 16
0 57
13 87
1 52
9 69
8 30
1 9
3 98
11 61
8 27
12 30
9 88
13 87
14 63
5 43
7 80
16 10
11 4
16 59
9 92
14 67
16 67
7 83
16 25
0 56
0 95
13 35
11 19
10 58
15 54
3 16
13 27
0 43
15 59
8 76
3 95
12 89
0 68
4 12
6 65
11 96
3 74
0 31
14 95
1 83
10 97
16 60
5 19
6 1
10 24
2 92
11 86
8 77
3 21
11 84
6 75
8 94
8 32
10 88
9 41
14 26
9 92
2 19
9 0
5 49
2 89
15 84
8 41
3 85
1 77
2 79
10 21
14 97
2 54
3 66
12 64
8 85
15 73
8 85
1 69
14 80
2 26
9 91
13 61
4 73
5 79
12 72
6 36
7 94
10 96
9 88
12 32
10 24
6 56
3 10
10 93
14 27
4 11
5 12
4 22
4 90
15 14
0 28
16 68
1 90
14 8
8 29
10 61
13 35
6 73
6 2
11 7
14 64
13 89
7 34
5 64
10 84
15 69
16 12
2 78
0 63
3 34
12 21
8 53
2 38
9 84
7 95
7 36
15 59
11 29
10 82
8 58
5 67
14 6
2 38
4 2
5 48
15 63
0 91
9 55
7 1
9 7
7 61
6 63
15 78
6 12
1 84
14 19
12 70
4 24
7 32
12 53
11 2
1 81
2 10
14 42
7 10
13 64
6 42
6 33
6 8
13 30
9 85
1 11
7 17
0 48
6 7
3 80
1 10
1 42
3 13
14 21
10 60
3 86
4 67
3 57
0 15
14 13
11 98
3 97
8 84
3 41
12 57
15 66
11 19
4 29
10 71
10 44
9 55
14 3
7 48
13 56
14 27
13 57
16 43
10 82
0 28
14 87
12 55
6 30
3 66
13 31
15 10
12 51
15 25
13 21
2 61
14 45
11 30
3 71
3 33
1 63
1 55
0 17
9 97
6 67
10 85
13 74
10 6
12 79
4 52
8 38
9 98
6 15
14 91
3 0
11 6
3 87
11 71
16 92
3 59
11 84
6 14
9 56
16 77
3 62
7 15
4 70
12 34
3 89
0 28
11 39
6 69
8 88
10 20
5 29
8 34
8 9
8 14
5 36
2 79
11 72
11 74
11 83
9 19
14 67
0 62
11 83
12 55
9 48
11 54
11 85
1 22
0 12
13 24
3 31
6 34
10 19
1 90
5 40
4 13
8 92
1 71
14 84
3 89
11 55
6 70
16 44
8 58
14 88
9 62
0 65
9 0
4 24
2 63
11 98
11 96
8 15
2 96
3 30
16 42
11 76
13 71
12 69
12 44
8 80
8 71
9 12
13 83
12 83
0 33
5 77
0 75
4 52
11 29
7 88
13 9
12 92
3 72
9 10
2 84
9 50
10 54
16 66
8 33
9 5
15 3
10 34
7 81
9 6
6 66
13 92
1 47
15 70
5 7
16 72
10 36
15 40
11 23
11 5
16 92
12 27
8 34
4 56
1 69
4 75
1 88
16 10
12 60
14 12
5 97
0 33
1 8
10 49
8 39
16 17
10 1
6 36
5 25
3 24
11 0
13 1
14 30
13 57
0 15
13 51
9 63
10 13
8 31
8 70
5 58
9 23
1 39
6 45
11 64
5 82
11 1
14 65
3 93
13 49
2 95
5 26
9 98
9 7
14 70
16 27
15 28
0 19
15 34
1 2
8 15
9 40
16 64
8 75
0 87
16 12
7 10
7 79
6 81
4 67
6 39
12 54
4 69
1 10
2 23
0 15
5 16
6 50
15 42
2 94
5 91
4 70
4 53
9 55
1 69
6 55
10 50
15 28
3 6
9 26
4 97
9 48
4 62
4 85
1 61
5 86
6 96
7 94
16 66
16 82
9 1
1 42
15 89
16 66
16 39
15 48
12 45
11 32
9 35
2 26
15 72
10 20
16 35
14 48
8 49
8 21
14 38
1 72
16 43
13 92
1 44
0 5
8 75
2 79
14 54
14 78
2 63
15 37
6 54
0 70
7 36
6 19
10 38
14 83
7 58
11 85
15 80
5 3
1 32
11 94
16 50
1 94
16 93
2 17
6 3
12 95
5 74
11 67
8 48
8 57
12 62
14 3
2 92
4 9
16 84
4 67
16 49
16 94
14 58
5 69
15 39
0 79
0 51
7 95
14 2
8 53
16 83
5 92
1 39
6 76
8 59
3 3
4 2
14 74
14 58
1 50
2 69
4 54
1 28
0 16
4 23
6 32
7 81
2 81
6 74
14 24
0 86
10 31
13 0
6 32
7 80
4 31
13 3
14 73
14 30
14 55
11 36
14 39
15 46
5 93
2 42
7 24
9 60
1 50
12 4
13 68
7 23
4 35
5 10
2 77
3 89
5 1
8 4
12 29
10 41
9 47
13 42
14 14
15 48
2 17
7 87
1 68
16 60
2 97
16 20
8 39
1 25
3 65
12 88
2 95
6 47
14 30
5 69
2 22
6 38
9 11
10 89
7 25
8 43
9 7
11 65
4 66
15 74
15 96
7 93
1 12
4 85
3 61
4 75
0 70
15 31
9 62
0 97
6 33
6 87
2 45
1 10
13 54
1 31
13 70
1 18
14 30
6 96
14 6
14 14
5 61
16 33
11 13
5 72
4 51
6 23
7 86
8 85
9 67
11 69
4 61
2 71
12 53
3 27
5 2
11 10
13 45
14 48
16 85
6 98
12 44
5 62
16 62
9 38
11 63
9 37
11 0
12 88
0 32
14 91
4 54
10 12
8 13
15 86
13 73
14 34
3 57
4 8
9 76
11 34
9 37
10 7
0 27
14 67
3 23
13 81
10 71
6 78
8 82
10 71
0 15
4 50
4 96
8 94
0 58
0 3
8 72
12 73
9 61
12 12
0 42
16 41
7 12
7 28
12 37
4 4
13 20
1 86
14 83
9 77
12 88
11 60
7 94
2 12
6 63
9 45
4 8
15 92
12 91
0 87
13 63
0 28
8 43
7 19
9 48
0 98
12 89
4 67
2 13
13 17
12 7
2 52
14 79
15 61
2 62
12 20
7 92
8 76
16 34
10 11
1 42
4 80
8 54
13 7
14 46
14 28
9 37
4 29
10 28
7 54
12 60
1 97
8 56
8 83
5 36
10 92
3 13
2 91
6 96
9 29
16 92
5 54
13 27
4 94
11 34
3 34
9 21
1 39
1 95
9 64
9 59
15 78
3 52
2 38
0 4
4 20
7 98
10 65
7 53
14 52
4 40
1 51
0 11
1 45
8 62
4 71
5 56
7 31
3 75
10 90
3 35
15 64
11 29
11 28
5 48
0 75
0 96
10 68
8 51
9 42
13 11
4 62
2 4
5 81
9 61
9 23
4 6
16 21
16 88
11 68
10 93
3 37
15 8
13 7
0 42
3 26
7 26
7 36
12 81
6 20
3 35
2 95
9 26
10 87
5 35
14 12
9 41
12 14
1 33
12 96
10 86
5 64
6 29
11 25
14 41
14 6
16 41
8 51
3 94
7 20
11 34
0 66
0 25
13 30
14 96
0 97
5 78
4 81
16 73
15 37
4 85
12 43
11 70
8 48
5 65
3 6
5 27
11 43
12 69
4 93
16 84
2 45
7 97
14 44
14 27
9 33
12 13
6 6
12 93
15 87
14 80
2 53
0 70
4 9
8 70
14 33
3 41
11 35
13 80
0 24
4 21
0 50
7 48
4 79
7 46
5 40
5 26
13 42
5 97
13 65
5 26
2 11
14 71
9 73
10 57
2 14
12 4
8 90
16 43
8 4
1 44
14 39
16 56
6 19
4 56
5 48
12 78
10 2
9 39
1 86
11 59
10 90
2 22
14 98
0 80
5 54
12 48
5 83
7 3
8 95
2 69
6 11
9 19
2 59
3 78
3 61
12 83
15 9
10 70
4 52
10 90
12 74
9 53
16 83
15 98
9 61
4 48
2 76
4 62
6 5
15 39
10 58
0 14
9 0
16 84
3 47
5 10
15 39
6 84
16 17
7 44
11 20
13 13
2 81
14 63
15 92
16 75
15 17
16 89
13 46
15 51
15 47
16 26
13 76
13 71
15 1
2 28
0 38
6 6
7 26
3 14
9 9
14 42
10 22
0 97
12 63
3 66
10 70
0 78
12 69
15 16
10 32
6 37
6 75
15 78
14 96
3 66
13 98
8 67
1 2
2 56
15 26
8 4
2 79
7 50
1 75
15 0
11 42
13 8
0 25
10 94
2 9
14 39
4 28
13 13
14 71
10 12
6 3
12 18
13 94
5 68
14 8
9 67
3 18
11 48
15 55
10 93
16 86
11 23
11 14
13 32
6 97
15 31
2 35
1 34
8 10
13 24
16 18
0 60
13 38
13 71
1 77
11 80
13 44
5 16
16 53
0 54
8 31
10 43
16 98
15 95
11 59
9 35
10 62
2 78
7 5
2 64
4 23
9 67
1 90
0 71
8 49
9 46
6 89
6 10
5 4
7 68
1 41
13 86
0 1
8 11
10 79
8 80
7 67
2 7
11 61
7 67
1 28
8 6
11 81
6 0
7 40
7 13
10 24
14 0
5 10
4 2
0 57
1 86
1 90
9 96
3 46
5 63
13 16
5 26
10 70
3 66
6 64
4 88
12 93
3 87
0 39
4 16
7 76
9 60
11 32
15 70
11 3
0 56
2 15
6 29
16 96
11 89
3 70
9 71
7 50
1 38
3 0
8 90
9 27
5 56
3 50
15 80
8 17
16 6
2 28
1 72
5 47
9 98
16 61
4 65
14 78
4 92
0 63
11 92
4 13
2 46
7 60
16 38
3 0
0 84
13 89
14 64
12 48
8 62
11 15
14 33
14 92
8 87
15 74
0 92
12 61
14 54
15 48
6 6
12 87
13 18
10 58
9 31
5 66
11 72
10 88
2 24
3 33
3 77
0 64
15 60
12 95
8 57
4 87
7 90
4 94
14 77
5 0
8 6
1 57
1 74
5 62
12 4
11 23
3 14
3 72
0 86
15 72
2 56
12 5
12 2
15 81
13 31
11 8
1 45
7 58
13 65
7 60
16 47
11 84
2 32
4 10
3 54
3 11
14 37
8 96
4 76
6 84
16 96
16 0
12 83
6 2
10 10
4 34
11 98
8 51
0 82
1 93
10 19
2 36
3 94
5 46
14 57
6 13
13 29
6 21
13 0
14 65
3 5
7 14
3 36
13 75
16 9
13 4
10 71
14 53
15 35
9 22
6 55
2 18
8 43
0 10
0 4
16 25
1 58
11 67
15 55
13 71
10 91
5 29
0 12
7 23
8 61
14 23
10 69
7 1
4 37
5 97
14 21
9 8
15 4
5 49
8 78
1 4
7 27
11 21
5 82
5 0
6 22
14 44
0 16
6 59
16 17
11 87
14 20
10 95
9 2
5 18
16 28
2 65
12 81
15 98
1 20
15 1
9 49
12 76
0 64
6 58
3 88
4 25
5 84
13 76
11 73
2 40
15 26
5 3
2 91
12 74
7 70
13 88
5 59
16 13
11 29
3 83
3 12
13 19
3 65
14 29
3 27
12 63
16 51
10 50
2 46
7 18
8 59
14 91
4 56
7 39
3 33
2 86
10 89
13 74
13 10
13 19
3 10
8 14
14 31
14 88
15 22
1 80
3 50
14 5
0 6
12 6
4 83
10 18
2 6
6 22
3 60
14 5
8 21
1 23
8 12
10 74
6 42
11 79
9 21
11 39
1 7
0 30
2 62
9 45
9 26
3 94
6 52
4 23
10 41
16 82
4 15
2 58
12 18
9 45
14 22
1 67
5 48
6 53
4 27
10 48
0 78
16 86
8 56
8 94
3 66
0 45
4 41
7 34
2 88
9 45
14 87
6 53
8 26
10 58
8 43
15 20
5 2
12 74
1 17
4 50
14 50
1 70
9 71
7 60
15 39
7 0
0 10
1 56
10 77
13 65
1 39
3 53
0 71
5 17
7 15
1 37
1 57
14 81
12 73
1 80
7 50
14 39
6 52
9 80
14 70
3 79
7 93
2 36
12 92
9 37
9 71
2 34
12 88
3 50
15 81
10 70
0 15
8 18
4 94
0 20
8 58
9 84
6 98
3 94
15 56
13 28
8 67
14 15
9 87
4 11
16 76
2 92
8 33
9 12
8 15
8 93
1 71
5 50
16 56
4 89
1 81
9 66
12 11
12 81
2 58
1 52
13 56
6 82
4 17
8 79
4 88
11 0
1 63
12 39
7 63
16 87
1 0
1 24
9 76
14 67
9 21
13 45
14 26
3 96
7 87
0 73
1 84
7 98
9 33
2 4
8 63
9 0
8 73
5 90
14 50
8 4
3 52
2 1
11 98
8 3
0 88
12 2
1 1
5 42
16 55
16 4
6 42
4 45
6 83
1 89
15 20
2 90
9 79
2 49
6 39
5 72
12 11
16 45
5 23
15 84
1 95
7 53
12 4
2 95
8 41
10 20
3 12
6 40
7 89
4 8
9 36
10 23
12 61
6 10
2 48
14 21
16 8
11 69
14 71
1 49
12 94
0 19
10 14
16 70
1 1
14 30
13 57
2 62
4 98
6 18
11 61
6 78
15 11
10 35
11 79
2 69
1 34
8 38
11 76
0 45
11 55
14 47
2 15
6 20
0 62
13 39
12 40
7 98
10 35
13 76
3 31
14 12
3 76
13 84
0 90
11 42
0 19
12 66
15 46
2 52
16 50
4 7
1 8
11 55
8 46
3 73
9 92
0 49
4 13
0 95
2 27
13 56
13 37
3 74
12 53
8 19
10 75
3 52
16 22
2 88
9 38
13 75
15 50
13 87
4 76
4 23
11 59
14 73
11 38
11 51
1 34
3 16
12 76
4 23
7 85
1 25
2 0
6 24
14 49
10 28
9 28
6 13
2 60
0 40
16 8
12 31
6 4
5 44
8 64
11 50
4 73
4 34
3 55
15 38
1 18
11 73
8 53
0 58
7 29
13 1
2 68
8 39
7 48
1 98
7 47
13 21
9 79
8 5
1 35
4 59
3 29
6 62
15 62
9 89
9 97
10 69
1 90
7 45
14 26
15 40
1 18
2 32
0 77
13 90
4 46
11 4
10 54
10 91
10 92
10 9
7 2
11 78
8 83
4 92
15 87
8 39
7 42
3 31
1 26
6 30
2 83
2 52
8 86
11 3
16 0
7 29
10 49
0 81
1 93
7 22
9 61
3 88
14 25
4 79
13 49
7 38
5 9
3 22
8 25
7 3
2 28
10 48
16 3
11 69
9 56
9 8
15 20
0 25
8 82
2 12
15 20
4 12
12 56
4 64
11 34
12 46
2 25
3 79
0 51
5 26
14 92
9 17
15 80
0 19
1 48
14 76
15 68
14 34
5 35
4 38
13 12
6 35
11 79
16 79
14 60
6 20
6 56
10 8
16 93
11 66
13 20
2 87
4 81
10 48
8 33
15 56
15 36
7 57
10 27
1 94
6 5
11 36
13 39
4 26
4 83
12 61
0 16
12 71
1 84
0 69
10 57
9 51
10 3
4 59
10 16
9 80
15 44
13 63
3 72
9 17
2 15
5 10
0 61
16 46
3 91
8 50
5 34
0 55
7 35
2 16
15 56
2 53
4 35
11 79
2 4
5 88
2 82
10 4
2 56
6 17
15 66
14 1
16 14
10 63
14 16
8 7
5 48
14 74
15 41
7 94
16 81
13 81
8 91
15 75
3 31
14 42
16 52
3 40
9 97
2 2
9 85
5 92
12 67
9 45
0 20
11 54
16 56
12 28
12 32
13 97
15 87
10 31
0 76
2 36
1 89
2 46
13 12
2 47
1 55
12 82
11 19
11 20
3 64
7 19
12 75
2 43
13 45
6 52
7 6
6 4
1 33
11 82
13 44
15 2
11 39
2 22
9 0
5 60
7 33
11 91
2 8
1 13
9 2
14 17
1 96
15 71
10 8
13 52
15 20
2 25
5 48
1 64
15 89
8 65
4 7
1 17
14 60
13 1
2 49
13 60
8 79
16 84
4 46
10 30
4 94
6 55
12 48
7 27
0 87
15 74
13 57
11 4
14 41
14 23
10 49
15 39
16 27
3 61
9 68
11 29
5 68
12 43
2 1
3 22
1 65
11 4
9 53
9 20
14 95
4 35
2 67
5 2
16 33
11 26
11 60
4 58
12 10
16 46
1 56
2 63
2 59
2 44
16 27
9 26
8 61
16 10
13 60
0 57
11 85
8 18
16 38
5 96
7 93
8 82
9 15
12 98
4 42
9 78
1 70
11 2
0 20
14 93
12 95
7 9
5 12
3 30
15 35
0 33
6 85
14 55
1 72
3 20
10 94
13 67
6 84
10 89
11 28
16 13
15 75
1 39
15 41
10 64
0 71
10 19
15 46
6 48
10 37
5 87
14 68
8 40
4 96
1 33
1 26
13 49
15 64
4 91
14 2
13 66
3 40
1 67
7 50
8 18
1 31
15 56
1 75
8 63
10 76
11 59
4 37
5 59
9 70
16 25
1 23
9 93
1 98
4 71
15 0
5 63
16 79
8 74
0 44
16 81
6 30
7 52
12 94
8 56
12 34
10 77
7 63
12 67
16 65
13 89
1 59
7 88
5 0
4 97
1 52
8 97
10 77
9 78
6 44
16 12
12 36
6 46
4 37
10 68
12 41
13 11
3 98
7 57
8 98
3 24
0 6
8 16
1 33
4 89
13 19
1 25
14 75
3 16
15 90
0 25
4 8
5 95
15 81
13 11
7 93
2 22
16 0
11 15
4 72
14 88
6 61
7 10
14 32
11 89
1 86
6 72
0 16
1 95
12 13
8 42
12 45
6 87
3 81
7 61
9 74
13 41
10 73
0 68
4 73
15 46
5 43
0 2
2 77
5 13
9 11
15 26
0 56
14 92
8 11
4 64
7 98
12 73
1 67
11 61
2 47
2 91
7 1
15 94
2 68
7 42
5 79
1 94
0 91
8 54
9 88
14 39
6 46
13 57
9 47
15 31
2 18
10 92
8 44
3 57
2 51
0 26
6 78
4 25
13 95
2 26
1 9
6 65
2 20
3 27
10 73
8 63
10 40
11 62
3 79
9 88
7 27
7 27
4 9
10 64
7 19
10 78
8 56
1 20
9 61
7 78
10 96
15 3
12 14
15 58
13 42
11 12
7 30
14 46
11 7
3 18
7 95
3 42
3 1
7 56
10 62
11 10
2 3
4 33
2 51
14 41
0 22
3 2
0 79
7 53
10 50
3 91
11 26
14 18
15 83
5 40
3 13
1 65
12 27
10 5
13 81
8 12
12 33
3 58
10 82
2 0
14 58
7 83
0 74
13 30
13 7
3 24
5 45
12 7
7 0
11 40
13 64
0 33
5 36
2 85
7 85
16 44
0 43
8 87
16 16
3 79
15 71
14 11
9 16
13 93
0 40
12 0
15 20
6 61
15 81
16 97
16 32
3 8
13 68
1 71
8 19
9 89
8 0
11 3
13 35
6 17
12 73
0 20
15 85
5 74
10 96
4 47
3 69
1 68
10 33
4 71
7 62
4 34
9 12
0 58
9 73
0 17
0 58
7 84
15 77
3 91
5 29
3 67
15 20
0 32
8 14
10 55
2 46
13 45
15 51
7 91
8 4
6 30
13 36
2 63
8 72
0 23
9 53
1 77
1 94
7 38
5 95
16 0
7 67
12 85
10 84
0 4
14 54
1 48
1 78
7 33
12 15
8 3
8 50
3 53
11 82
16 82
2 50
1 66
4 92
11 52
0 94
14 43
9 72
15 72
9 85
7 22
12 31
15 20
10 23
7 80
3 68
5 1
0 7
14 8
1 89
16 17
4 22
12 57
5 19
7 2
1 34
16 73
1 15
3 94
2 2
14 1
16 61
12 5
8 16
0 38
13 32
16 59
16 46
4 20
6 37
11 28
16 64
2 93
2 90
4 95
9 6
6 97
8 72
8 37
2 28
12 6
14 15
16 64
3 12
4 1
10 26
9 69
9 16
4 97
11 42
0 83
7 4
12 0
7 59
9 37
13 42
4 96
6 32
16 21
0 69
8 32
2 42
14 55
14 41
4 90
1 54
4 5
11 12
0 47
3 26
8 23
2 41
9 90
12 83
11 27
6 35
0 40
10 71
10 35
11 62
9 70
14 33
13 94
6 71
13 68
4 81
13 0
13 8
16 17
15 28
10 85
3 49
14 84
14 86
11 12
6 1
16 82
16 61
12 52
13 5
9 74
1 13
16 35
6 66
3 2
15 25
16 15
8 67
4 42
16 76
5 48
15 0
15 0
14 2
7 51
4 91
1 72
0 61
8 66
12 2
1 57
12 77
13 12
14 70
10 82
7 4
8 48
1 85
0 35
0 42
3 32
8 51
15 57
2 31
7 20
11 47
14 79
4 75
10 77
0 75
11 13
13 23
12 64
5 80
7 35
3 38
2 17
2 74
10 17
6 22
1 74
15 6
1 19
2 40
14 17
15 31
9 84
10 33
14 9
8 73
5 62
9 18
16 33
6 86
5 55
4 91
1 97
3 45
8 26
15 8
7 51
11 83
5 58
11 27
6 6
5 78
2 91
1 45
15 92
13 95
13 56
10 9
10 93
14 32
0 64
10 11
15 14
13 92
14 1
10 38
9 6
15 81
1 85
8 88
14 92
7 18
8 70
11 5
16 60
11 96
3 49
13 60
5 57
7 77
14 28
6 19
3 96
0 45
6 78
2 26
2 31
12 27
2 96
16 80
5 6
1 91
5 85
13 60
13 29
5 96
7 24
2 33
12 50
2 12
8 47
11 43
15 66
4 7
4 96
1 83
5 20
14 63
4 66
5 62
2 20
0 64
10 17
1 30
16 7
15 29
16 21
16 47
10 25
6 55
13 45
0 59
7 88
6 41
10 60
8 50
2 90
10 93
5 27
5 26
12 74
7 44
16 97
7 64
0 68
2 49
0 93
6 7
3 67
0 17
8 22
11 43
6 0
11 89
1 9
12 78
4 51
6 47
8 44
1 31
0 24
14 43
16 12
1 65
7 39
10 63
4 19
8 91
1 17
6 15
12 42
5 97
13 19
11 18
1 12
3 37
2 28
15 66
6 69
12 60
16 49
9 9
8 1
2 58
15 82
8 32
6 80
3 19
0 72
0 98
11 66
11 3
11 31
1 36
7 84
14 4
3 65
11 59
13 60
4 31
11 1
10 55
13 91
3 52
11 60
11 93
2 94
1 65
14 96
0 69
2 60
15 47
4 56
8 64
7 66
4 58
10 96
0 58
15 3
12 41
3 80
3 30
16 49
7 67
12 76
12 27
8 22
7 7
13 85
11 91
3 60
4 97
5 79
13 33
6 13
7 1
12 5
10 42
3 13
8 84
0 44
0 80
11 94
1 67
15 30
4 2
13 28
13 25
4 3
7 45
3 63
2 18
6 80
8 40
2 30
14 43
13 76
4 34
12 2
7 47
11 96
2 69
1 23
0 0
16 79
0 34
0 95
3 32
9 36
12 66
4 27
7 89
12 56
16 56
9 84
7 86
16 45
6 55
12 75
3 97
13 25
4 43
9 65
15 68
14 8
6 29
6 78
11 32
15 64
12 25
9 23
7 69
12 66
11 82
16 59
6 30
7 94
6 16
4 15
16 47
1 38
9 65
12 13
11 93
0 9
0 5
0 35
15 64
2 95
7 97
7 20
14 69
15 54
9 37
3 55
2 25
13 90
4 35
15 61
13 29
2 78
5 74
1 84
4 76
7 81
14 74
11 52
7 54
15 44
7 72
14 10
1 65
9 80
1 60
1 49
7 4
5 8
4 27
8 79
14 56
16 76
13 76
1 26
7 39
13 9
9 95
1 45
3 58
10 59
12 0
0 42
0 89
9 51
15 26
2 97
6 65
11 46
7 68
3 2
13 59
4 33
12 55
16 93
4 18
16 32
9 11
10 98
14 30
13 88
12 24
4 40
6 3
9 65
0 89
14 97
4 60
6 57
8 17
10 41
10 56
7 85
11 51
1 72
11 14
4 17
5 36
9 95
12 66
10 17
0 74
1 6
11 24
16 98
1 85
9 3
9 85
8 69
11 50
4 63
11 7
4 81
11 36
16 63
5 83
3 33
2 30
0 26
13 1
13 90
12 74
5 58
5 46
0 76
0 81
6 60
1 87
9 49
15 72
16 40
14 54
12 86
15 31
10 1
6 97
15 92
14 92
6 20
0 40
16 25
8 35
4 29
5 82
1 61
9 69
15 25
4 73
2 47
0 15
13 43
4 94
4 39
16 19
7 41
4 85
14 32
14 22
16 41
14 81
15 48
8 79
14 41
12 97
10 43
6 17
6 87
10 27
5 68
1 71
1 57
1 22
0 83
15 29
5 66
15 80
4 71
9 7
16 14
2 3
11 44
8 87
10 28
5 83
15 29
10 88
2 23
4 56
14 47
13 52
11 42
4 39
12 8
3 20
11 53
5 74
4 24
10 16
13 11
2 53
6 20
15 54
16 0
7 61
14 0
10 11
8 80
6 95
10 89
6 4
12 84
9 62
11 43
4 57
14 70
16 26
0 72
4 31
4 8
2 96
5 77
11 80
13 58
15 95
8 62
8 16
14 39
10 4
14 40
14 27
14 58
0 27
13 67
11 17
3 57
13 56
12 76
9 53
10 67
16 35
7 26
12 11
5 65
6 70
3 27
4 66
12 95
7 34
13 83
15 18
7 23
15 55
6 60
0 24
16 33
13 62
1 79
15 83
15 16
13 2
2 15
8 45
1 13
3 60
7 82
7 12
15 35
12 40
9 18
8 15
15 90
9 96
4 67
15 47
10 90
4 92
12 29
11 98
13 49
5 75
9 16
16 67
0 5
10 68
3 45
15 64
3 40
4 24
11 83
6 69
15 84
1 38
1 31
6 4
11 74
16 6
4 44
11 64
8 49
2 41
6 76
14 14
2 20
0 81
8 96
12 49
2 42
11 44
9 67
4 88
7 58
7 72
10 40
4 25
6 51
2 85
12 89
8 78
7 11
6 37
3 10
8 25
3 83
15 58
14 44
1 42
0 39
8 1
5 93
2 26
6 54
5 45
7 7
9 61
13 86
12 82
13 91
6 48
5 13
11 84
6 18
2 0
1 77
4 63
2 18
12 14
8 42
2 61
8 59
3 41
14 65
13 95
7 54
5 12
12 46
0 34
7 27
4 1
1 46
7 60
0 93
2 74
3 88
10 7
8 96
2 93
8 3
6 93
3 43
10 24
6 52
9 41
9 74
7 7
0 91
14 5
2 62
9 93
12 9
12 41
9 23
4 8
0 89
8 25
16 11
1 80
16 74
11 91
5 97
10 32
5 37
0 46
1 95
1 77
1 83
1 47
2 49
0 83
8 62
9 42
4 58
11 89
0 77
12 47
4 42
9 14
12 63
8 43
4 91
4 2
3 84
15 64
13 88
9 74
5 19
14 56
9 54
8 32
13 33
9 16
16 40
16 26
8 66
0 40
2 95
16 34
0 52
1 10
7 75
1 82
7 31
4 35
0 18
1 42
14 76
3 35
16 5
9 86
16 12
0 81
2 91
15 97
7 22
6 71
7 51
8 62
13 93
9 97
0 92
6 76
12 42
6 14
4 36
15 27
3 37
14 62
9 28
16 55
1 92
14 96
16 9
5 87
4 29
4 31
7 33
8 17
12 70
7 35
16 85
14 13
16 42
14 33
12 61
8 48
3 9
8 68
6 58
10 24
9 87
16 57
9 39
3 47
15 69
15 21
4 14
2 95
11 79
13 50
1 14
0 74
15 92
9 64
13 56
15 65
6 71
0 62
6 43
9 34
16 71
0 54
10 40
14 76
13 13
14 43
14 75
5 82
15 96
2 16
5 67
10 95
3 9
4 56
4 79
8 40
2 66
12 51
9 90
14 3
8 53
4 30
15 61
6 12
9 81
4 26
8 85
2 17
9 5
11 35
12 70
11 48
13 44
10 48
1 65
1 57
10 82
4 70
9 91
9 66
7 62
7 50
7 20
1 34
13 10
16 11
0 39
9 28
8 23
0 17
5 79
1 40
9 45
6 76
9 36
12 24
12 49
11 33
15 85
3 73
1 90
6 4
1 60
2 37
2 50
6 39
10 14
3 78
16 12
16 77
14 62
6 75
14 7
12 58
6 23
5 75
11 49
2 95
7 53
1 52
3 51
3 30
10 87
14 44
7 81
10 6
13 62
9 33
5 13
10 10
4 13
4 18
6 44
1 59
15 21
11 87
11 64
10 44
8 68
11 83
0 52
11 17
6 27
16 59
14 0
6 43
15 49
13 16
5 42
5 16
14 83
14 11
9 13
14 48
11 8
12 19
9 10
0 97
6 83
9 86
7 4
13 67
14 60
14 40
3 12
4 37
8 77
9 21
14 98
10 33
5 40
13 67
12 57
13 61
1 40
0 53
6 28
5 76
3 8
7 82
4 45
7 63
14 14
6 93
10 65
15 8
10 38
13 60
13 81
8 53
4 88
13 40
13 1
14 46
4 49
7 90
7 64
1 49
3 64
4 27
11 53
2 97
9 14
1 68
11 41
14 13
2 72
11 25
12 70
7 45
12 58
8 79
14 52
5 19
8 59
7 57
8 81
5 30
1 31
9 56
12 27
16 80
3 40
14 15
3 1
16 89
15 14
5 62
7 32
14 32
4 37
5 4
5 22
8 54
1 53
4 1
14 19
3 76
14 12
6 28
15 52
1 44
15 57
9 13
10 34
1 51
9 75
7 2
0 55
0 82
11 79
12 42
5 85
2 19
1 51
5 83
7 34
4 26
10 90
6 3
9 83
14 61
0 45
13 42
16 16
5 83
1 90
6 44
14 50
0 92
2 47
1 79
13 84
1 75
11 54
3 76
11 11
7 68
4 33
3 41
9 62
2 19
16 3
7 22
16 38
10 28
13 14
5 55
7 16
3 97
11 65
7 18
15 44
10 90
10 48
15 46
1 43
16 67
11 6
4 88
8 38
16 6
4 51
14 35
1 81
2 42
11 29
2 32
12 52
15 22
11 84
10 72
7 23
14 37
11 92
10 8
9 76
8 54
10 85
7 55
2 60
8 75
0 68
14 92
14 2
11 82
8 16
11 26
2 97
15 15
15 83
15 80
2 54
11 8
5 80
15 40
5 91
2 39
6 50
14 95
9 44
1 69
6 72
6 31
7 55
14 41
2 59
12 41
7 6
15 70
5 75
1 58
9 9
0 73
8 81
6 25
16 67
2 4
4 19
1 4
6 56
1 11
0 36
9 6
3 24
12 31
16 29
5 33
6 89
15 46
12 61
10 41
9 13
1 13
11 17
5 75
9 23
12 89
4 70
15 11
8 81
0 23
3 66
1 70
4 94
2 78
10 95
16 81
1 21
11 80
13 12
0 12
15 24
13 28
11 65
14 36
14 73
11 67
4 85
7 88
12 88
5 94
6 68
16 29
16 49
12 38
12 2
4 3
6 16
13 2
2 7
12 7
12 69
15 20
13 96
7 69
12 46
11 8
6 77
0 78
15 69
14 11
0 45
3 73
13 59
5 13
10 86
12 66
7 75
13 87
11 18
10 98
10 73
6 65
15 89
8 43
5 80
6 76
12 24
10 1
9 92
0 57
11 86
11 96
3 78
6 1
4 8
11 98
4 25
7 50
2 45
12 80
15 88
13 25
1 6
5 77
7 48
0 29
11 96
16 65
9 79
7 82
2 66
8 10
13 17
5 36
4 27
14 4
16 21
15 45
16 5
8 92
16 52
16 83
15 4
4 78
1 1
9 61
7 36
4 88
10 7
15 13
14 78
5 90
9 38
9 21
0 50
13 58
10 80
13 91
10 71
7 40
9 13
11 75
6 0
4 9
6 97
8 36
4 19
3 42
8 98
7 32
16 16
16 87
14 52
0 83
15 70
6 62
15 10
6 28
1 5
11 35
9 70
10 42
10 22
13 0
11 46
16 12
2 10
4 31
15 51
14 41
16 81
5 73
10 25
14 20
15 48
2 46
2 64
13 46
4 51
14 73
0 49
0 58
2 68
12 75
2 3
4 83
6 42
0 10
6 48
8 92
5 45
3 25
4 84
15 12
8 65
5 35
5 53
5 12
10 7
15 35
10 96
12 1
0 46
4 12
14 76
9 65
0 38
3 93
4 26
13 49
11 93
13 85
4 73
6 49
2 72
13 94
0 43
2 87
0 10
5 83
6 75
15 34
11 90
13 78
10 9
0 95
2 58
2 58
12 6
5 62
16 63
1 42
5 5
15 39
3 87
2 1
6 21
16 27
2 76
10 70
12 7
8 77
5 31
16 54
5 27
13 18
9 28
12 23
1 62
9 42
2 50
14 34
3 52
8 11
11 38
2 40
6 33
15 6
16 29
13 78
5 21
0 25
14 89
4 92
14 53
2 37
11 68
4 69
11 1
2 65
11 38
2 73
7 24
0 29
9 40
1 9
1 20
10 14
9 14
16 83
3 93
6 9
16 98
4 30
8 79
13 88
5 53
14 73
12 72
0 63
13 44
5 24
12 71
10 59
8 21
11 48
1 52
6 42
0 70
12 69
5 82
0 59
5 40
9 13
7 67
15 1
2 5
5 0
11 22
13 29
4 95
5 39
10 21
14 34
15 33
4 48
14 19
7 90
5 26
6 2
10 72
10 93
1 28
14 76
2 88
5 93
14 63
1 2
4 33
14 56
4 81
4 66
16 27
15 16
1 68
16 33
2 74
11 68
8 37
3 96
2 16
11 45
7 54
8 74
8 10
0 11
11 75
1 68
14 8
13 12
1 6
12 5
6 74
0 46
5 80
4 19
15 34
1 82
1 61
0 47
2 44
9 73
11 4
2 35
1 58
0 75
7 6
8 62
12 56
4 0
13 24
14 41
13 91
16 66
10 19
7 60
8 57
0 3
11 25
5 87
3 57
11 11
3 54
10 25
9 23
11 81
7 82
11 58
8 63
8 41
7 16
16 25
8 37
5 59
12 1
4 6
8 97
0 46
12 43
12 15
4 60
2 72
2 27
1 49
11 14
15 22
16 86
7 77
16 91
1 92
6 91
7 11
13 82
5 80
0 84
3 17
15 51
7 77
11 15
16 87
13 75
1 64
10 1
7 88
16 69
1 60
16 78
12 6
0 22
3 0
15 95
8 76
4 44
10 27
11 44
1 40
13 87
0 88
13 70
13 14
1 76
3 5
0 4
4 19
7 18
4 34
13 15
2 50
6 98
3 56
15 1
15 5
13 31
16 10
9 33
9 87
12 29
1 38
13 51
3 20
6 21
13 83
15 92
14 34
3 6
1 21
6 86
14 45
0 75
13 2
9 51
6 68
6 34
10 65
7 69
8 21
14 86
14 79
8 32
8 94
15 30
6 55
8 91
9 78
11 14
6 55
11 19
14 12
4 62
10 36
3 26
16 76
9 94
15 8
9 32
9 48
6 91
3 15
15 22
1 61
15 21
9 15
0 56
11 48
7 3
13 37
16 73
0 12
13 52
5 28
1 83
4 79
4 68
12 28
14 80
16 3
14 6
7 85
14 28
10 51
4 62
14 2
14 48
10 94
5 31
16 27
6 13
9 8
10 58
5 35
13 28
4 7
5 83
0 85
6 41
14 40
7 50
0 43
12 92
15 13
4 71
13 78
8 94
9 72
0 66
4 7
1 93
14 43
2 50
7 75
0 10
14 55
11 31
3 22
1 79
4 62
11 54
14 29
9 7
13 47
8 35
6 96
0 97
9 16
4 73
12 27
1 80
16 8
1 17
13 66
7 81
2 84
10 56
4 91
7 33
10 39
8 13
6 87
11 3
10 76
15 52
12 24
4 16
5 51
0 31
16 31
0 51
13 12
10 64
15 55
3 4
5 55
14 90
15 98
13 28
12 34
7 83
7 8
6 37
10 81
15 12
10 65
1 75
14 40
1 93
10 22
15 31
5 31
14 52
12 60
4 92
4 14
12 55
2 8
0 54
12 31
10 94
13 88
7 74
8 59
4 75
13 4
10 77
16 48
1 9
16 59
8 1
0 72
1 1
2 79
4 88
5 72
12 84
6 46
0 38
14 32
6 85
3 97
11 83
13 90
7 32
6 1
5 81
8 12
2 98
10 64
5 62
7 40
10 60
0 52
13 93
11 85
12 50
11 34
1 89
1 77
4 3
1 96
8 33
5 17
13 87
10 24
13 59
15 47
7 42
4 12
0 28
7 95
13 21
9 72
8 92
9 26
5 24
7 85
14 83
6 22
1 96
8 52
15 97
9 52
4 65
8 97
1 94
11 46
14 76
2 77
6 69
0 7
12 91
14 82
2 6
2 10
7 6
1 82
11 26
15 40
1 71
15 85
7 4
12 68
12 76
8 62
14 45
10 86
15 97
1 29
1 43
9 50
7 53
10 10
2 13
4 64
11 1
13 29
2 16
4 59
16 61
3 8
14 46
5 48
11 86
2 43
12 82
4 83
4 48
11 49
11 10
15 27
13 33
12 2
4 62
9 10
11 15
11 47
4 77
11 85
6 35
14 96
5 38
13 41
12 71
15 14
12 21
3 16
8 56
13 87
13 9
8 3
5 26
15 16
16 33
8 63
7 79
4 67
11 49
0 61
2 67
11 56
1 38
12 56
16 34
13 25
16 24
13 42
9 16
13 59
7 41
4 29
5 52
8 20
3 2
0 4
4 33
4 39
0 5
9 38
15 46
3 0
7 57
3 22
12 43
9 90
0 76
6 26
0 2
6 36
1 91
8 86
16 35
8 90
14 31
3 15
7 54
10 25
16 54
11 11
2 90
11 56
16 6
3 61
6 29
12 58
3 58
4 89
10 64
8 67
7 80
9 52
16 43
7 43
10 45
2 73
6 57
12 57
7 43
9 10
4 14
11 64
7 9
1 97
16 73
1 2
0 34
5 11
10 96
7 57
3 31
10 86
11 64
12 74
15 4
0 39
3 20
14 89
4 95
14 43
13 57
3 57
0 72
13 69
2 68
8 6
7 11
14 35
12 29
6 78
13 94
10 20
9 47
1 83
14 89
5 77
4 96
2 32
13 66
5 42
6 46
3 84
4 29
8 57
14 7
4 32
12 90
3 49
12 49
2 4
5 14
7 65
11 6
12 59
15 50
8 24
16 15
7 43
6 62
0 25
6 0
7 74
15 46
3 18
7 58
4 19
3 7
8 58
0 5
16 5
1 21
6 58
14 78
3 80
8 64
10 61
8 24
2 0
6 52
4 4
13 61
11 51
9 10
12 15
7 67
11 39
6 47
14 41
13 88
2 45
13 10
14 80
0 84
12 29
1 60
11 46
14 6
0 92
16 46
11 88
3 63
9 83
8 84
13 69
2 21
0 69
11 21
8 96
12 71
10 68
15 73
15 24
12 68
4 20
16 14
8 19
7 59
3 87
10 73
7 65
5 5
15 8
1 39
2 88
1 0
4 89
10 60
0 77
2 57
13 6
12 40
2 78
11 64
6 48
9 19
15 33
15 76
4 24
15 61
2 87
1 23
4 79
0 42
5 91
5 37
16 45
8 48
9 50
0 35
15 2
7 1
9 94
15 47
9 47
5 54
5 30
4 23
2 69
13 15
11 42
6 71
3 96
4 4
6 13
3 40
13 68
2 17
12 97
6 80
7 23
15 15
6 80
14 60
4 57
9 93
10 0
3 38
4 85
1 28
8 45
11 81
0 37
3 91
8 1
4 88
3 93
7 11
13 94
11 32
1 87
12 62
5 75
13 87
16 13
13 50
9 50
6 64
12 34
0 94
2 69
7 30
2 75
1 62
1 67
4 51
5 68
6 44
1 5
9 27
1 75
4 27
6 90
4 24
7 70
1 51
13 56
3 4
0 51
0 90
14 39
10 33
4 70
13 0
7 56
14 69
1 72
14 22
8 41
0 45
12 34
7 14
11 71
5 39
2 20
13 3
14 34
14 95
11 95
1 11
12 61
3 2
11 65
10 82
1 86
3 77
0 55
13 92
5 90
13 97
0 50
2 98
2 82
5 53
10 38
10 50
16 32
16 68
12 24
12 80
8 53
14 9
5 44
15 16
8 64
8 85
3 76
8 22
2 65
8 31
0 49
6 15
4 79
12 17
11 63
11 30
10 82
11 0
13 17
7 31
11 60
5 71
0 15
8 78
10 42
6 91
12 1
8 58
16 70
5 92
6 52
16 73
14 49
11 82
9 84
12 35
16 93
3 23
3 34
6 64
0 75
0 59
5 25
6 45
2 18
3 50
7 5
9 15
15 83
2 32
14 51
3 15
0 93
0 31
16 28
12 97
5 52
4 51
7 43
1 78
14 64
15 20
3 10
1 86
15 80
15 25
14 68
5 73
6 1
16 21
3 19
8 14
10 61
8 28
1 18
15 58
0 19
9 6
11 79
2 57
11 11
10 36
6 72
7 73
5 50
8 96
0 71
2 11
14 76
16 70
3 38
14 4
6 36
14 35
8 12
16 46
4 45
14 14
14 88
2 10
11 88
1 65
5 28
14 16
4 17
10 63
1 76
1 91
12 10
15 60
6 97
8 78
4 23
14 46
16 18
5 89
12 10
11 6
8 79
16 83
4 91
7 72
13 82
11 70
4 97
13 94
7 93
6 9
6 92
12 13
3 44
8 76
0 75
1 95
10 39
4 6
0 76
2 32
12 81
8 96
1 54
11 47
15 5
7 13
8 67
2 67
13 12
7 74
4 9
11 53
11 16
7 26
9 68
8 43
4 0
12 32
2 57
10 12
11 32
6 24
16 52
16 40
0 44
3 68
1 22
4 10
9 5
2 50
6 10
11 83
13 56
8 29
6 96
1 83
6 3
6 28
3 85
5 41
13 77
1 19
3 20
1 61
15 5
16 98
11 21
14 11
3 62
4 8
13 50
7 97
16 32
7 55
12 1
11 60
5 68
1 91
3 27
14 92
11 58
1 43
7 51
10 88
10 64
11 10
5 6
3 35
5 58
13 24
3 44
4 2
16 10
14 66
11 51
1 13
2 98
2 25
1 51
14 60
5 29
14 4
9 70
5 85
8 66
13 60
5 54
10 37
13 94
10 49
11 83
11 92
16 79
11 70
9 4
0 64
15 23
15 7
10 97
4 46
8 71
11 26
1 62
10 31
8 48
6 86
16 54
12 29
12 45
7 72
11 4
7 5
3 31
3 63
14 93
2 32
5 68
2 95
9 80
15 10
11 36
2 52
10 18
7 56
6 42
12 67
2 35
7 31
8 23
2 71
8 66
5 25
8 52
2 87
8 7
14 15
9 91
16 40
15 14
8 81
6 59
16 46
1 37
14 31
8 83
12 9
8 43
13 86
2 97
6 32
7 75
9 95
9 98
13 59
12 12
16 2
5 63
14 14
6 33
4 74
7 88
12 38
2 58
7 44
1 97
6 13
0 32
11 47
6 63
9 33
8 26
4 63
2 15
12 22
13 2
6 83
0 97
2 81
13 92
9 4
10 11
10 84
8 61
1 89
14 38
5 67
16 9
4 36
16 98
0 54
1 24
3 8
4 9
11 51
11 68
8 59
14 44
5 46
11 24
13 7
6 59
0 7
16 5
15 82
9 60
11 2
11 5
0 64
11 37
8 98
14 96
5 41
15 22
11 45
3 81
14 8
3 90
4 8
1 31
11 25
3 92
13 79
4 42
2 25
16 35
7 57
6 65
3 26
5 35
1 49
11 3
5 36
15 61
8 93
4 3
11 50
7 67
6 45
2 45
6 28
3 91
0 34
1 12
4 11
9 69
10 88
4 75
1 40
13 10
13 10
13 52
4 22
10 88
9 56
3 75
10 30
4 78
8 30
8 85
10 1
11 3
13 61
16 79
14 38
12 78
2 95
0 36
1 64
13 93
7 52
8 53
6 24
13 49
0 98
8 44
5 79
13 27
16 3
15 19
16 64
16 42
11 69
16 41
13 43
14 2
1 22
2 93
3 20
15 72
1 31
4 24
8 72
10 34
13 73
14 65
12 68
15 4
5 85
14 28
0 17
11 3
8 49
12 17
12 48
1 63
16 31
11 79
0 34
0 10
1 37
6 39
14 94
9 7
8 87
5 4
14 54
9 72
5 14
4 80
3 84
0 84
11 4
10 71
8 19
15 11
12 65
11 25
13 93
14 98
6 73
11 51
13 71
7 9
12 40
5 13
7 74
13 78
3 36
5 62
11 93
4 37
9 1
11 24
2 81
4 2
10 62
15 33
3 72
16 84
2 13
3 77
14 42
5 72
5 85
14 40
4 82
3 6
15 76
12 54
12 64
4 18
10 52
9 70
9 63
13 80
3 14
7 44
14 74
13 25
3 29
13 35
13 52
14 1
8 45
0 10
3 13
6 52
6 5
0 87
15 95
5 13
2 34
6 88
7 82
13 96
11 38
2 66
4 71
11 75
1 14
5 5
5 85
4 15
3 45
3 45
0 54
4 31
14 16
15 11
7 72
15 82
7 17
14 72
1 82
15 8
8 0
12 45
7 66
15 36
1 53
12 24
3 77
11 56
16 54
11 68
8 19
4 21
4 67
4 60
5 30
14 95
3 5
11 94
10 33
7 27
13 1
15 37
15 49
4 40
15 20
0 22
13 41
2 1
2 51
14 11
13 75
2 79
3 35
9 36
10 45
1 80
0 22
11 81
1 3
11 43
5 17
8 74
15 8
11 29
10 10
0 52
1 63
13 7
7 6
6 83
2 53
6 17
3 87
8 35
7 77
11 14
10 91
3 11
13 36
15 53
16 11
11 95
6 71
9 46
12 1
10 50
1 6
2 83
15 55
9 81
9 18
4 34
8 43
5 13
9 43
11 91
12 72
7 24
2 52
2 90
5 17
5 52
12 5
4 76
5 72
3 35
7 43
13 48
15 2
6 12
3 69
6 5
0 87
14 14
3 50
5 80
7 71
14 47
8 36
12 34
11 73
2 23
13 51
3 25
11 35
16 82
1 65
11 76
6 6
0 41
5 38
13 64
14 45
0 56
9 94
0 9
5 45
12 48
5 81
2 94
4 66
4 23
7 64
6 12
16 9
2 6
5 28
10 26
8 38
14 91
1 22
2 18
14 54
16 7
2 74
10 15
3 49
6 54
9 95
16 45
11 77
7 35
8 77
15 30
1 75
5 9
12 19
6 86
8 41
11 58
11 32
12 74
9 65
15 62
13 61
16 27
4 34
4 45
0 95
14 71
12 23
3 48
0 67
2 41
6 94
3 51
12 53
7 15
9 60
14 7
15 45
6 63
7 76
1 79
13 14
0 52
9 0
6 41
4 31
6 12
2 19
12 81
12 42
15 10
12 97
0 49
3 95
10 37
4 48
2 86
4 57
0 82
2 53
12 5
7 36
9 8
10 0
4 56
4 73
5 69
11 7
1 42
9 52
2 97
12 5
6 9
2 20
13 95
3 20
2 5
9 76
12 81
5 66
0 38
8 58
11 54
1 89
12 24
6 72
12 26
14 24
15 55
5 64
15 30
2 8
11 75
14 88
7 80
7 3
6 71
8 29
0 44
6 67
6 7
10 17
0 95
2 5
10 6
12 35
16 8
5 10
12 57
3 59
4 49
12 68
5 63
7 75
16 47
9 81
12 26
1 30
6 76
16 19
15 84
12 70
16 70
8 15
7 61
3 54
7 87
6 21
12 6
2 44
16 93
1 68
12 55
8 35
16 0
13 21
10 69
14 71
3 39
3 60
3 35
4 11
16 8
9 90
3 65
15 13
8 5
11 97
13 26
1 95
8 65
3 61
11 24
7 65
2 76
10 1
15 34
9 56
11 77
6 20
2 98
7 97
2 8
13 10
8 75
11 12
5 64
7 24
5 72
1 97
14 68
4 69
5 11
13 7
1 18
10 90
13 10
16 32
4 91
12 94
8 50
0 30
8 27
6 81
8 46
14 80
8 67
11 88
15 34
10 2
2 39
13 61
4 19
0 22
3 7
7 24
10 50
2 44
1 31
9 69
6 36
9 37
7 58
2 43
10 85
0 26
5 3
4 45
13 92
6 52
6 73
8 12
15 10
13 2
12 17
7 80
0 35
3 88
5 7
9 7
12 76
13 53
14 83
4 78
12 56
16 56
15 6
15 98
10 14
0 45
0 32
7 7
9 75
14 53
7 83
3 29
8 4
15 10
9 89
7 59
15 98
2 73
1 87
4 56
13 67
4 67
6 28
12 78
11 61
9 84
4 4
1 72
10 91
7 98
6 80
16 13
15 74
7 82
10 96
12 92
3 14
15 12
15 39
10 14
1 31
5 68
5 91
11 37
9 68
8 50
2 15
15 40
9 8
10 6
6 79
8 45
0 69
16 32
4 75
4 24
14 61
0 21
1 13
6 65
7 56
1 81
7 76
16 88
7 43
8 71
12 49
4 63
4 79
15 25
15 17
9 84
12 0
4 68
2 90
1 2
12 74
12 5
7 74
16 68
3 31
16 32
6 33
15 33
11 64
0 32
6 34
2 9
14 35
14 42
3 73
5 10
0 29
12 9
5 79
0 76
3 80
12 36
4 66
10 33
16 93
4 65
7 31
6 75
14 52
1 63
8 15
1 78
2 13
1 80
2 77
16 31
7 3
8 27
16 80
9 32
9 45
9 57
10 9
9 67
9 72
0 66
11 1
7 33
5 56
1 81
3 25
3 82
12 23
1 24
8 32
4 56
12 58
2 32
3 62
16 30
0 23
0 87
8 50
14 81
0 10
13 54
15 33
1 75
1 25
6 18
12 74
14 73
16 18
0 80
16 94
11 87
2 55
4 37
16 10
0 2
9 35
6 77
3 32
7 90
4 30
16 94
3 45
3 33
11 36
3 28
6 96
14 43
2 11
6 19
3 60
11 73
6 28
9 97
12 85
2 7
9 56
13 43
5 87
6 94
10 62
14 96
5 33
6 88
16 36
5 17
15 59
9 1
15 86
9 97
12 53
3 55
3 30
11 39
14 20
12 43
2 7
6 7
5 87
6 79
4 19
11 83
8 57
5 93
4 62
13 74
4 35
12 34
2 52
12 50
12 65
8 60
4 29
4 83
10 95
2 70
7 76
15 73
12 58
0 69
6 13
13 96
2 30
7 52
3 81
0 36
9 98
5 0
4 11
2 10
11 45
2 69
11 84
11 2
12 53
15 77
5 91
16 38
6 8
8 74
15 64
4 68
14 62
8 56
10 52
14 84
13 45
5 70
12 47
13 65
9 85
1 67
3 89
14 57
16 39
11 48
6 28
5 30
5 63
12 66
0 92
6 21
9 79
0 71
13 81
5 42
10 24
1 22
4 90
9 4
14 82
1 35
11 3
13 72
13 11
14 16
9 86
6 4
1 95
1 98
7 4
0 26
11 63
9 96
12 90
1 53
11 60
14 64
13 48
2 87
14 16
14 52
10 8
15 46
7 63
6 22
5 72
6 23
11 45
2 9
4 6
10 4
0 13
5 69
3 91
16 78
7 55
13 81
11 27
15 22
3 96
4 61
9 42
1 67
0 90
12 14
3 44
8 43
10 0
11 9
14 40
0 8
1 22
3 21
16 3
4 49
2 73
11 33
16 51
7 18
8 70
14 83
12 68
11 51
14 46
12 65
8 11
3 63
16 12
2 70
14 26
14 2
9 17
16 2
8 45
7 2
7 73
10 96
1 15
14 35
2 17
10 38
4 71
3 10
15 32
2 60
9 20
5 30
12 20
4 44
3 88
0 28
0 95
5 2
0 12
10 38
13 70
5 63
16 78
2 29
3 73
10 78
7 2
8 35
11 54
10 52
4 54
7 23
5 67
3 65
4 75
9 51
4 33
2 23
6 68
12 37
8 7
9 97
16 89
11 45
7 97
6 9
12 67
14 64
6 11
2 50
13 88
10 51
12 68
9 44
15 10
13 51
13 50
0 7
9 34
0 3
5 89
0 16
13 18
0 29
2 74
16 41
3 77
1 47
6 0
6 98
6 73
14 19
1 4
8 50
14 10
9 91
9 67
11 31
9 33
14 50
13 57
13 49
14 1
11 8
6 2
7 30
11 6
13 68
1 11
13 70
0 34
7 87
13 61
11 66
2 75
4 33
11 21
8 18
6 87
5 86
8 69
14 46
7 5
15 19
12 28
16 28
6 91
2 34
4 59
12 19
10 19
6 36
12 47
0 0
14 93
4 80
11 50
0 64
2 23
10 11
5 98
7 16
14 53
11 10
16 94
11 68
16 89
3 93
12 97
2 58
16 55
16 21
14 56
11 53
4 47
2 67
10 83
2 10
14 10
2 48
10 98
6 79
4 85
0 4
8 34
15 74
15 63
6 38
12 58
10 63
7 63
4 65
0 8
1 65
10 87
8 14
1 58
10 0
15 14
15 54
7 6
3 59
14 70
0 98
0 3
1 61
9 93
14 58
14 81
12 2
4 53
1 97
16 92
10 76
0 38
7 34
16 0
8 5
9 68
16 85
4 5
14 41
16 77
7 43
3 60
0 88
8 54
4 66
14 34
2 23
9 24
0 61
3 15
1 0
12 69
2 55
10 53
10 79
12 43
7 73
2 3
10 13
13 91
16 86
6 56
16 14
2 87
2 88
7 80
8 97
5 80
7 85
1 47
12 28
14 97
6 49
8 21
9 7
6 84
9 51
2 94
3 46
6 91
3 91
4 86
6 33
3 79
12 61
9 51
14 57
11 27
10 62
6 70
8 57
12 23
4 62
12 33
3 90
11 87
5 64
9 54
9 92
1 62
8 62
7 36
2 40
4 41
13 45
6 51
3 44
11 7
8 35
15 4
5 98
0 28
1 69
6 8
0 73
4 11
9 75
5 61
11 38
3 21
8 38
11 76
16 61
5 11
9 61
2 87
4 57
5 66
2 4
5 88
6 92
10 68
11 80
7 19
13 44
11 67
1 84
12 14
6 40
14 97
8 46
15 71
16 69
4 97
6 94
8 40
2 64
16 9
4 50
10 94
3 11
