93 103 6407
73 20
2105 1479 4720 4452 6880 6460 130 2460 3533 721 2287 3489 1654 2415 5446 7085 8284 6171 8376 5750 5504 9014 105 2854 1525 1125 6370 5334 3667 7238 8012 2852 156 4567 7276 5475 3008 3 8722 3553 1964 3130 4940 5371 9513 4545 5467 8830 4255 7986 2250 4749 1486 734 1242 740 1427 6947 8091 641 6443 4559 5247 8692 5654 7074 1030 6873 3768 2804 17 8242 1668 1259 3275 1321 1135 1154 4704 8582 2473 506 1103 3238 2024 6751 5246 8679 5175 9493 6484 3007 5843 
2897 1732 6973 4533 4322 8038 6223 9181 8495 3725 1037 9017 9525 1914 5004 785 7876 8480 1646 8966 9242 8041 5939 9164 7331 8910 6611 2714 9280 3977 9333 9071 5144 263 3449 544 4193 4958 1768 1879 7365 7150 1638 8364 196 6831 7587 4891 4446 5980 8430 7573 1605 8251 6861 5405 6039 116 3810 8843 6259 351 7391 4715 4754 9001 5515 3414 8328 5237 1800 9144 7626 2002 6525 3387 8360 4291 7075 205 1572 2051 3056 4244 5365 9296 7857 4702 373 6886 4303 3384 4070 
1314 8565 9055 8694 7561 3960 841 5370 3221 3043 9089 6502 6720 8827 3885 977 8586 5667 7842 784 8191 6422 1454 438 9453 7068 4241 6267 9212 7229 9085 7582 5993 1736 7332 3266 7669 9196 6296 2387 7959 6127 5861 7027 2973 8354 3040 2098 8744 1160 8517 5890 5769 8974 1063 6409 5269 2656 8795 654 8751 3177 8413 8670 1702 5226 6657 2013 8864 7073 2933 2626 4254 1631 5912 1686 7541 8112 5696 5608 4349 9146 3788 1911 9428 7750 853 2920 744 5662 8358 5601 9365 
3329 6780 3507 9391 5591 1040 400 2609 6516 194 1250 7443 3363 2734 2806 2728 5850 9347 2235 432 8329 6765 1462 4263 1832 3952 4641 4020 383 6233 6040 0 756 8826 6463 8458 2434 4410 2042 5974 2679 8285 4099 780 5251 4093 3343 788 4280 8775 4146 3413 5780 7316 7783 4849 674 5359 8332 8412 5913 3944 3153 299 2959 837 6616 7747 6554 229 6919 6708 437 5653 9139 2059 621 3248 222 6851 4043 7105 5291 8051 9148 5369 375 9124 5643 4697 7518 3297 4082 
2564 8789 6573 910 276 7455 6423 5206 2273 5868 1872 9183 7265 3880 6671 7234 7509 6218 5636 9395 3873 6699 6497 4028 5157 8095 2773 8179 3245 2972 7359 4686 4455 4782 2589 3110 5053 8273 8687 7953 4492 2849 5347 4674 4137 2328 6560 1622 6832 5676 1183 4804 678 2980 7812 7952 7765 5851 3425 4262 7366 8402 4440 7335 6558 8635 4407 5204 7420 4506 6918 7169 8643 3491 8136 3456 6482 5579 5691 285 2365 9078 8456 887 5620 2031 7106 1649 2800 7850 558 3286 4642 
1693 1634 3482 4682 2674 855 7528 2429 5614 9291 1076 502 3083 2263 5196 4904 5000 146 1534 5612 1268 5063 1248 5919 4648 1236 1967 1773 4825 7251 1831 5549 2044 2335 3537 1633 3228 8560 927 4651 895 1559 8999 7902 164 1389 4380 5127 8323 3907 6077 8389 6984 7139 2116 1270 7635 9534 9028 2419 7151 3500 1351 3843 7278 3547 4348 1309 9346 7777 9101 5402 1851 2863 9438 2649 3586 5100 1124 5068 5777 8899 7250 8969 7334 7339 2540 2266 1757 7288 8219 8814 500 
8419 873 9019 3764 8569 5015 9066 1391 8256 3435 7260 6234 7231 8351 4968 3179 8610 6228 6782 5580 2146 7233 1334 2001 9244 8289 606 7348 7734 113 5422 3522 2490 9324 3299 5592 971 8288 542 154 8595 3478 8362 2885 681 2950 9439 9488 7658 3211 3963 5894 2362 8578 8724 8603 4161 646 6580 3938 7315 3025 7776 7416 3754 6588 3617 2199 770 2019 9404 267 3655 3856 6986 9343 3735 7727 4444 783 821 9058 1707 9231 9087 2099 5556 8221 6583 7297 5859 4361 231 
8257 6665 38 3558 688 4736 3261 384 5034 9357 1337 2399 78 6910 2694 4725 3302 4589 1519 6542 1147 2145 3736 2704 9571 9041 5499 6369 6135 3140 9025 7878 5002 58 3950 1565 6441 4561 715 1355 2081 6930 8372 4018 3152 1073 9095 9075 5254 5478 3430 6958 9415 4578 7792 4132 7396 2614 2103 3463 6816 9465 5837 6023 5920 6629 1709 9574 7259 5188 6994 2545 4609 2726 2729 2878 1752 7998 7051 1503 9187 6069 6941 1866 7417 6175 3601 7655 9034 6685 2995 683 9252 
4946 1775 7499 1552 5873 5025 7918 1000 3502 4178 4373 3222 3033 6317 3863 3930 7567 1386 6285 9295 1313 5755 4824 7534 7083 2916 1323 8162 7614 4838 3888 5060 1316 2692 3920 7002 1825 8769 6392 5316 8689 9419 6371 6713 8665 1538 8680 2211 3814 342 4127 5983 6046 3175 7360 3440 7906 4509 9126 6032 4986 5987 5171 7650 2478 6213 1282 532 8098 8699 2154 7065 7550 588 3702 2969 2896 2569 7861 8204 8907 2599 7289 5463 6990 3792 8401 7654 2388 925 8176 4382 2571 
569 335 3134 6944 407 5602 1350 3146 7185 1214 7071 2941 414 7388 8014 7764 5651 7799 2356 5640 4919 5606 103 6619 6038 2839 6529 3572 5297 3194 7677 4775 2788 1689 2932 921 4499 7067 7154 6412 4292 7955 2857 9106 8990 45 3103 5230 1469 3760 5652 6822 4770 9174 4753 350 385 1451 8901 522 6078 4990 8036 9104 2716 1976 3487 1134 6988 4612 6419 8512 2585 7441 5709 2536 3928 4874 8302 4941 8857 624 5774 4366 8874 3357 9121 3875 3674 5625 3362 1992 6174 
9312 6675 1833 2563 5545 5760 1798 8074 4080 2385 9292 1452 3739 1266 6188 4947 956 885 1958 271 5852 9259 465 4276 6778 6812 5117 5885 6116 8317 1807 8150 3717 429 4982 8425 9186 1700 9275 5274 4342 508 3054 1774 1494 7115 5864 6862 2104 2945 6564 8912 5996 8998 933 2496 7230 5356 3493 1687 3014 9159 2014 4914 1777 5708 5869 4063 6954 3244 423 9474 7486 7407 8817 227 7252 7675 3877 9267 8743 2983 2763 820 3271 148 4119 4951 8976 3034 8472 8625 5710 
4076 9304 7756 1576 7838 7829 4668 7621 6184 6355 1450 1184 1711 9576 10 979 6874 7882 4887 3811 7612 8654 1188 1676 9454 6724 5808 9211 9047 7380 1920 183 6073 1578 1896 1332 4166 447 5151 6519 9543 8193 8137 3997 2746 471 1438 7411 3294 159 6244 2870 8973 4365 991 3812 8612 6442 7155 1144 5339 3462 1128 2003 6653 434 1011 9151 5429 1118 2741 6185 5398 5826 7992 4004 1295 7432 6199 5795 206 4604 3336 6660 5634 9397 1083 7965 5162 2123 4734 3850 2364 
9535 9345 6961 5296 7270 5842 2668 1754 2580 3139 5438 3570 565 2805 7437 3728 7351 1094 1408 6291 2531 6008 8996 189 6074 6638 3167 1925 685 4741 5921 2756 4669 6803 3340 5447 2359 3231 9155 2455 764 2666 8869 8470 1202 3901 3022 1106 6091 3776 114 3042 6926 2072 2570 7299 6000 8527 7128 1412 2814 2646 5469 671 8128 633 932 3758 65 1433 4913 4709 3072 7094 6721 5201 4458 693 8111 2412 3940 3955 1714 2212 545 8324 184 4926 2229 4024 8571 16 4970 
1312 5637 8727 440 1169 8255 3225 3987 4089 9322 1756 7908 8585 6148 1796 823 8168 2605 6523 8992 1596 8286 1185 5695 2501 9338 8459 1998 5149 2819 579 6081 3882 2275 1258 8644 8568 4591 3077 8964 3904 7217 1338 7533 7176 692 4683 1670 3906 430 1121 772 7963 7097 8394 365 2371 420 8406 4445 8686 1397 7860 7516 4731 1112 4196 5503 243 3993 8085 8076 1837 7460 8164 9423 300 2530 8688 8690 7585 2465 9523 6978 3353 2418 924 2924 3229 937 7996 6187 6415 
8575 1036 6533 1924 7888 7232 6754 6991 4837 2377 1745 6855 4644 9363 6168 2010 6597 8217 488 4203 2523 9505 708 8961 8300 9253 2148 2449 8526 237 7183 5742 5767 5193 4652 6402 4179 4406 4275 3629 8303 3293 5672 5699 3109 8549 2858 9424 3094 5386 8169 7255 1152 743 5932 5067 57 9147 6012 9350 2566 2915 1149 7363 7563 6452 5344 4930 5262 5824 7795 8962 209 5038 6885 112 5512 5686 5530 4823 3341 7095 3240 3769 8850 5451 7760 4388 8950 5430 5825 8138 1244 
9157 7389 7846 2845 6996 8851 6097 1727 2831 235 478 6312 320 2100 4471 9380 888 5410 5212 2058 3331 1237 6940 5174 794 2974 9316 4205 8515 1845 6183 3546 7491 8642 9102 1020 2853 3473 354 5486 8605 1139 859 7171 3781 6900 4759 1428 9217 2443 106 6270 5416 3317 8723 4563 3947 5566 9368 2937 1024 5941 4142 5529 5700 7501 1182 4482 15 2187 540 8105 7778 7476 5232 3479 6266 3206 6757 6448 4659 3819 5391 7768 9361 2169 6515 3720 1708 7643 2097 1893 7459 
5217 2593 8930 238 6041 4468 4654 4428 4271 752 3830 4320 3190 4634 6009 8339 9229 4017 7280 1730 394 8156 1567 1067 4497 8235 4580 6052 8564 5293 8385 7867 2628 3525 6338 5216 5730 8532 3659 7042 1095 4630 1444 8535 1464 6334 8088 2576 7207 858 4708 3000 1996 3627 2379 174 2938 3779 3173 244 4051 8941 1951 3126 6635 940 4420 8638 9390 9239 8071 6538 3600 2705 8147 3926 8158 1747 4037 4882 3405 1146 7862 4917 3091 2222 2550 4987 2345 8511 7510 6684 4381 
123 8066 1942 9287 2881 3631 2866 3626 9068 8318 3542 8352 9100 82 5532 4663 6082 3834 4931 4398 8347 3742 417 9003 5819 1340 5153 8883 5528 7816 8752 8848 8246 5856 108 4172 6776 4294 8888 7786 9377 8192 2711 63 7984 7014 9401 5940 3654 2906 2676 6374 9461 2036 9477 1145 245 6089 2702 1300 5256 1034 8220 5587 7436 699 8299 1198 7745 1515 1956 4503 695 6349 627 6898 3035 767 3506 5715 8013 376 9490 625 317 1100 8785 7153 7951 5935 1226 6756 8293 
3364 7026 3898 6158 1498 2929 9056 8816 4351 5028 1779 5231 3380 6817 7945 2369 4927 4323 4293 7081 5039 1570 5220 5309 6301 2513 3767 7091 1054 5211 3180 8407 8365 3399 1019 1513 3854 7852 8119 6490 2619 3196 523 4779 7762 568 6337 5542 922 1787 1375 7841 8396 4636 7758 4133 7483 1890 6066 5444 1647 6857 6028 4047 5203 1504 279 3499 266 4469 7170 6206 2240 958 8452 7568 6431 9054 9235 8600 6246 6150 1830 8431 1193 4478 2667 1806 7249 1349 91 9099 1612 
5899 7805 518 8516 1113 4184 4345 1590 1940 6664 3080 4977 6965 1212 4470 599 6814 9464 115 1238 7924 7872 6863 8545 4964 5603 801 9520 5195 8768 4389 7300 5754 4575 6057 2862 93 6294 2596 5130 6268 4424 1875 3227 4625 9511 1439 97 1712 8277 7773 3919 7408 2228 9331 8893 5314 8607 1155 1015 5645 1260 9180 7530 7629 4965 92 4231 8707 8878 8316 789 5082 4622 5971 1381 9403 4774 3158 5903 7488 6659 3401 4425 4854 7379 280 3301 3966 8467 8144 6107 1400 
515 7532 3004 8173 3662 766 7371 7671 580 8253 3712 9562 5679 672 5622 8757 5736 9207 615 8838 4723 7752 5377 2213 6537 1430 6841 96 4784 5508 7109 8411 7177 195 7387 1140 7461 4307 2825 182 7025 3203 6303 4324 3436 874 8314 6909 1677 7294 5052 4794 7868 9233 2355 1239 1917 1012 894 8989 4973 4909 6801 8846 7221 6509 2693 6755 6298 7929 7896 2164 62 5219 4903 7723 838 3142 7589 2166 3610 6535 3967 6293 1601 7751 9090 1175 3439 2374 1039 3910 8786 
7667 6916 4065 3455 2413 5409 8658 850 6496 4367 3917 5809 6251 3759 7057 563 5072 738 5687 309 4786 7357 7691 3377 8403 6793 1527 2622 4419 8304 6648 5600 4493 9466 2326 5788 4519 2441 5021 923 3694 4040 7481 7343 1066 5546 9564 2873 4865 4130 3448 4094 357 6758 8551 5455 6654 1276 4191 2848 4848 4141 6357 5017 7474 7837 6295 578 986 2755 1811 8124 4526 7197 4339 7477 2662 5882 8487 1224 7372 5098 464 2868 1392 5803 7939 7548 4633 4938 7899 6703 7943 
7163 8290 5284 7235 7684 2720 1539 4762 4409 3706 2438 972 4603 7092 1398 7240 3684 4629 6449 5282 5136 7584 3264 3510 3458 3913 6922 7515 2691 6403 6526 3503 1457 5524 7886 3324 4730 4650 7942 4788 7931 8043 1495 1674 3070 1720 4010 193 9256 5798 6587 8590 2524 8861 8781 6601 5642 5156 5916 3453 5200 5407 7064 2992 5756 3416 3921 3215 4752 3562 2794 9029 5159 4818 9010 143 8601 4739 6473 2225 1962 6139 1484 8745 7820 1680 1339 6203 3088 7211 5064 1297 2659 
2424 3844 7785 2421 6931 4190 8330 8649 833 8763 5811 2124 6459 5122 8652 8793 6063 8780 9219 4283 319 3772 2067 2892 4975 6771 8572 1999 2393 881 6875 6151 6932 3592 332 4073 2032 2143 7333 1142 4211 564 890 4828 6924 7143 7542 8957 7789 1921 1937 9013 5793 3246 4215 9529 2815 5492 8943 1822 6100 8348 7579 2475 3241 8995 1516 9456 4174 5329 5287 1419 8340 5194 2772 7511 288 3366 7874 2313 8232 3817 7738 3653 5010 2254 1681 168 5190 902 2847 1273 9007 
7856 3501 512 1004 4627 8195 1456 9568 2865 2304 4621 8475 26 5141 5646 7336 7378 1561 6987 6351 3162 1371 5628 4277 2477 1838 6957 1207 7598 935 2156 748 4510 6912 6790 4850 5342 5906 6743 4766 1619 4939 9023 5126 1617 8343 6353 5866 2828 6811 6631 6189 4159 5261 4334 8297 7978 3013 6310 1327 1232 675 8760 6741 3630 1591 8982 5911 293 491 1163 3477 4198 1506 6593 2050 1568 930 962 3209 6220 5228 1541 9517 5749 3838 3443 4477 2283 2911 6092 3428 7464 
989 9264 125 9536 3545 5604 3258 1728 7119 5659 5435 1289 3774 7244 903 1609 7845 8533 5779 8927 4375 8087 7103 1471 6652 3270 8040 1593 4624 6899 9527 5267 1110 7958 5090 2053 1477 718 7145 5468 6935 719 56 7040 6142 6798 2439 5023 1683 5235 712 3615 2230 353 6710 5240 7975 8025 4314 2499 7205 4317 1288 8386 381 4743 7287 2588 4983 5298 7302 411 8731 741 7135 8705 8104 1475 7402 771 7508 3691 9359 89 776 2464 3517 5748 3757 8172 2022 214 6447 
8185 3970 900 5501 5328 4763 6673 7934 5761 428 8956 449 5482 456 3475 4467 6696 4466 2799 1639 4664 7086 6928 2654 2186 8693 4337 6658 2859 6394 224 6960 951 8429 8522 7340 1407 7044 6469 59 7010 8009 831 24 5665 2623 6689 6436 6481 5280 3896 5674 6694 3069 1648 4665 4358 2975 7746 5737 7193 3526 7338 984 5234 6186 4077 1109 6681 2981 5534 2901 2923 3695 8513 899 1994 3825 4383 8060 1703 3457 6015 2138 9512 8093 4248 7228 3031 4464 9569 7685 6701 
3724 2822 3951 2625 3450 7555 7006 6048 5639 1262 4943 2548 3269 46 8026 5178 3790 3402 1763 8994 1383 968 6921 3344 546 9163 3796 1227 1505 6390 6788 6304 1009 3582 2568 636 259 4416 8460 1791 2777 3232 2159 6627 5120 4944 6541 4360 7157 4504 8894 345 7435 4459 1343 3419 6488 6067 6626 9268 1318 2966 6893 1240 4548 3837 635 3032 2613 3628 1320 1926 7262 5831 6825 6589 1396 5581 842 4476 4655 4436 6364 3287 1882 70 9084 620 860 1072 3188 5091 6325 
8238 3841 6358 7577 5483 4000 7864 2677 7698 4934 8835 7479 2517 2160 4895 9434 7199 4092 2047 742 1705 5518 2420 9043 4511 5026 6598 1731 5031 7772 352 8187 4352 7545 6342 4274 757 6305 178 1903 8122 6621 273 1077 7503 5137 965 1675 6796 2836 1474 8655 7254 2572 7008 48 4150 5294 6102 6405 4508 6548 5649 6002 4318 4155 7788 577 2382 9558 9566 8065 8 7875 4829 6698 6281 5724 4879 9150 5567 1047 2855 4857 8978 1722 8374 7771 2934 6327 7674 8508 8488 
3029 4169 883 8107 2327 6384 6110 6056 8382 8539 1734 7204 9384 1131 4856 1068 6434 769 3780 4157 2535 7840 418 4649 586 2731 3359 9473 8987 7715 7769 9510 3515 8106 4355 5450 2193 6124 4551 3129 2458 5382 8959 7016 1554 8222 8926 6464 1048 6624 3375 356 3681 5535 4549 5705 3371 4393 5496 4268 6967 1446 1947 6547 7054 3303 4767 6053 905 8307 6806 826 2082 5933 6498 5832 1870 9573 4534 6977 8636 4357 6799 822 6584 8248 3765 7434 9485 4836 1863 4757 3894 
4588 7063 696 5453 9205 650 2096 9230 6050 7972 5520 5522 5321 2495 8190 468 4613 2153 5493 1087 6964 346 8858 6034 4978 1211 8811 3937 2751 4936 3589 7718 6085 9483 5848 2713 5249 583 8206 4411 4258 3047 9332 1812 1178 8892 5264 7919 1530 697 7452 1908 9122 1487 3714 7576 9260 1362 912 2905 4598 5744 5426 6207 1079 25 8146 5721 1518 2997 6733 431 3867 5349 6911 4384 41 9154 2640 1660 3556 3762 6292 366 7784 4261 4491 638 8872 6163 1699 1610 4036 
2279 1980 4096 3687 1081 2557 3948 6155 8479 9061 3979 28 4707 4677 4935 5613 5093 3532 2315 4480 8562 9429 9479 6946 9557 3335 7920 1909 3578 6263 441 2220 5886 187 1523 993 5955 294 2520 6229 1679 5452 8464 4110 3682 7997 1292 55 409 3426 4701 1215 8824 8260 4412 4180 8626 7640 3121 7377 2201 7390 3107 6784 9022 6112 737 2737 6024 4423 2310 9533 5327 4957 6256 3889 7350 9481 2427 1502 5411 9189 7329 5734 9442 879 6738 1348 4072 8468 5041 2090 74 
6731 2544 2942 4839 686 8715 3354 6261 839 7562 8955 2258 3472 2715 8269 8139 2174 4897 4979 3171 6159 1828 7895 2492 9094 2641 509 3755 8017 8543 724 529 8258 5525 2009 5697 8627 1794 1738 9349 8651 2322 7311 9135 7019 9051 4326 7973 3548 2150 5823 614 8278 1765 4281 7711 6505 3972 2807 7187 6746 6193 5358 1607 7849 6904 3981 1758 8552 4525 6769 2025 6352 6471 9277 5460 8844 1637 6787 9374 7791 9202 5858 6236 1305 4108 8006 1874 4049 3555 1761 3422 2325 
5432 8405 3038 5115 6131 2978 326 1540 3710 7800 4722 3446 566 275 2337 6321 4610 9105 8839 5521 1091 2709 5330 1315 3614 499 7638 3431 8939 397 3554 5565 7620 2402 8925 2586 6737 6783 8342 6906 1883 7257 694 3733 4529 5241 6819 9318 3576 426 3539 999 4696 4726 5376 7944 2308 171 5191 2748 3718 7425 2109 3308 7603 5360 4881 77 2876 2026 5818 3941 5020 2121 4201 1101 3334 4888 7796 9408 5630 677 107 3214 8521 4209 3540 9341 5967 1230 3081 8046 4200 
8866 1839 6299 2968 8712 8859 7039 5079 9197 3466 6221 215 3398 4441 2769 2017 6329 3874 147 2144 6846 1869 6522 9443 126 9427 8765 2670 3327 3722 1166 4597 5849 1847 8841 5018 7497 4800 1780 2268 8492 6545 5796 1402 7412 3583 9431 892 6623 2860 3915 9059 5947 4346 7368 7910 2363 6820 9344 1200 8368 1308 9110 8092 2309 4750 908 5169 2784 4136 7122 3914 8676 5448 2332 1401 9108 501 1394 8750 7495 5147 4447 6850 42 8149 3037 897 7131 6 2547 9241 5791 
6202 3279 3568 1867 5367 6181 1466 2597 2320 533 9213 9086 3388 1918 4995 175 5075 3409 4658 9480 5221 3321 1941 2060 2631 2444 2045 8972 7195 5111 617 4673 2300 1766 1698 8148 5199 7225 1616 3011 8442 3747 297 6420 1650 6775 5189 8408 6845 3124 9422 2559 5526 6136 4240 5022 53 3737 3420 9451 5937 8554 1510 2333 6763 3905 6596 6114 3374 7549 8563 527 9274 20 9425 792 5300 5276 6132 2534 7571 161 4819 7839 5418 7309 665 5536 8345 4690 5872 2445 3831 
7949 2653 2347 3847 7946 6805 7536 7560 514 408 2135 3012 7394 5131 4074 2077 1256 861 8547 6461 3962 6307 762 5957 7531 2451 6953 856 4069 9421 1810 4390 9208 1835 192 4805 3020 2979 7557 7881 5727 6282 8542 8476 1585 4120 4781 5685 7982 3062 3995 4227 5210 8942 3092 5880 4896 1283 6610 9370 1987 5214 5037 3132 6144 7242 4553 6283 2637 2651 3663 1251 5343 3783 5746 5185 4844 4530 1729 310 3412 2504 5332 729 7967 7779 2341 7493 2650 6133 87 8496 5845 
7055 8478 8806 240 9450 6344 1409 4149 8434 1529 5854 3178 3400 1493 4145 4333 6742 1025 9561 85 3964 3551 3786 5506 2760 4298 8718 5770 6834 511 8777 9118 290 5728 3071 2459 7770 6925 645 6690 8753 2062 7964 318 5378 2789 7337 8466 2603 2754 5312 964 7439 7327 1086 3260 9069 2476 1280 3133 1006 6426 3763 8871 4685 1624 2958 6318 1983 3097 6661 3182 5354 9178 4699 1963 5114 4564 7767 8175 3624 754 4121 8611 2939 8909 6636 8749 5764 9193 7721 9044 7907 
4971 142 3853 8593 7710 88 1418 6768 5773 2697 3969 3621 8934 4996 2061 5393 2349 7133 5663 4246 5990 5673 5286 2633 3382 7663 8960 6826 6517 306 6322 2008 8387 7148 1642 4053 6043 7174 8035 6019 9570 3046 562 5878 144 3170 487 4126 380 2621 536 9550 176 4249 3009 6647 2762 8852 3935 7440 5105 7247 5753 3528 7322 5048 8369 4252 2515 1044 6049 1472 3669 312 5436 7136 166 526 1360 8970 2780 4998 9137 8882 6138 2357 6025 8537 2122 2440 6723 7308 2816 
3117 7775 651 2391 1974 3664 8556 2274 4984 5069 1621 639 9297 6676 4100 6493 8771 4594 8310 1500 5197 709 1887 6772 7694 2262 2264 1626 6466 3668 7962 5668 6949 8029 4233 6258 8426 5271 4993 4054 9282 7940 576 9005 8108 1885 4524 2408 313 2678 7616 8504 7158 7742 4808 8103 6553 7438 8792 8778 1429 1164 321 6278 1105 3660 6375 1690 7349 5112 4238 9116 9336 658 9254 7529 3696 634 287 1782 7759 9285 9554 8451 2141 7733 1907 8528 3990 843 4821 7303 1935 
1889 2406 4681 5242 5517 2888 5954 4894 7088 4870 4417 2872 6504 3536 8710 3027 1623 8306 7869 3310 5569 6613 8422 733 1364 2207 4112 5268 7976 3840 2591 2583 2395 4672 303 4587 2560 4799 5443 4242 2481 5088 3637 7662 3262 2970 8938 6382 828 8493 9215 4058 4845 6264 2699 7639 9299 262 6062 1854 6061 8140 6847 1002 7884 5952 5040 2350 8807 985 5103 4661 8218 2432 5892 2818 7798 3634 2952 5317 7428 5706 4152 3521 4175 9293 7140 1884 9351 2724 6740 5680 7223 
4911 61 8264 1852 1322 8905 489 7804 687 6982 9389 4907 5945 8101 9426 8371 5209 8020 4667 4081 4472 1249 4236 6288 919 1790 3974 4810 5215 1618 4791 1652 3154 4019 4061 7581 6543 5575 5044 5164 8236 7507 8265 946 270 340 9460 3068 4003 8272 1159 4140 3782 4474 7124 9158 4016 7162 3415 1358 7330 4475 713 2912 3635 6705 551 4225 1719 1878 9266 212 3685 399 9226 7296 4363 8520 5827 7520 5273 9227 8378 6752 9549 1587 9358 9497 9194 9447 8011 4738 8461 
3120 5984 2217 8044 4171 4266 3108 9354 5661 8890 8308 4803 889 598 1614 8609 8825 6254 3346 5624 2573 1062 3176 443 4125 2448 3852 3313 8437 3608 7821 8870 8019 4733 1537 4328 2091 6381 9170 9565 6933 4027 9334 918 2718 3982 7604 7574 3053 4473 4890 4435 3337 1577 6706 6311 2367 2826 8350 8491 6350 8561 938 5310 3235 1421 5610 7021 957 2698 848 5383 4330 1961 669 3922 2742 7535 3417 6406 2401 6072 9026 5302 1781 9033 9251 4285 6951 21 5958 4855 6475 
521 6577 4408 6417 8822 4300 9143 4397 7609 3957 239 5089 3618 7553 3862 4579 9340 8116 2172 4270 3813 4218 845 6736 4843 2435 355 2238 8791 3705 6501 2179 4224 3452 6813 3484 1592 8721 725 277 4956 7593 7034 3365 7889 510 8847 7794 5538 1606 8776 1395 5250 6145 9195 2561 7983 947 8770 7072 4765 3280 2216 9130 2686 7707 2134 2242 2779 6363 6104 5177 8030 4942 3116 8637 5313 9200 5895 8184 7190 8577 4905 8538 4906 4401 7256 5488 7705 2879 3791 8993 6836 
3111 6456 3106 7096 8226 4932 4372 1127 3869 1174 3195 1583 765 9057 2389 5847 180 4433 9076 593 6200 1939 361 847 2257 6927 7808 9045 6578 8262 3041 2348 6632 7029 8648 5623 5926 8949 7863 3002 668 5867 7313 7538 3686 2232 8779 36 2069 4566 2907 6214 5821 2946 1746 3798 2224 1347 543 7478 2575 3701 8057 2004 2358 8359 4790 6749 5925 8102 1564 8344 1042 4714 5836 2771 2392 190 8845 1167 3497 4343 8131 2782 9567 6425 3750 649 5248 3392 4638 901 707 
8639 1661 6829 516 307 4350 4413 3858 3625 4628 5578 9538 8703 1627 6837 5307 8887 2370 5368 5270 8662 6149 2192 629 4812 6170 1744 9445 2940 2931 2007 5439 5711 6702 8971 5389 8309 7312 722 9283 8197 1818 8453 5946 2354 2562 9452 6867 3048 1218 8922 7281 7062 2085 4044 7467 642 7835 2987 5401 3766 3474 9062 5950 2642 5008 1931 2758 1620 3887 6633 141 6222 945 137 9042 3257 8546 7696 9405 8902 4924 1171 7790 8183 1403 7469 1932 8254 6320 5738 1692 3330 
7859 3891 6869 5555 8171 8154 2340 6103 7911 4880 5875 4873 7009 6169 1511 2747 2509 8022 5123 8199 8353 7084 7544 8077 7645 6037 8940 8118 5785 2284 6286 5374 4495 2581 3370 5263 8740 8390 6113 3423 2506 8821 5794 2126 4920 7708 3700 3447 1706 6230 8415 3468 9272 8587 4635 6540 7570 5739 4691 4877 8312 4921 5155 1482 7806 5442 4502 5471 3164 444 247 7744 311 3958 2065 871 2180 4827 7681 4967 640 5014 6956 207 2372 815 6848 4706 596 1718 2139 4113 5163 
2899 2111 2930 4059 9308 8916 3496 3397 5502 9555 2015 777 8010 2384 1071 436 1795 4199 7580 419 5227 1557 4195 2165 4595 2908 9387 5681 1589 6725 3218 2744 5032 948 7113 4544 3224 728 5934 6003 4764 825 8837 5124 3172 5584 6454 5181 7210 4833 134 6418 1898 4777 1978 8746 7222 6612 8052 1919 197 5403 7933 7292 2947 8860 2795 9050 6302 2954 2921 2407 4772 8089 3839 4015 9541 8592 8832 122 5081 6686 5353 3640 5635 5412 9486 1804 4319 5965 6111 2183 2925 
7763 9307 2200 3005 7801 7689 5927 8819 702 8673 331 8208 3239 7406 8133 7167 6614 1021 7274 4679 7129 9471 3799 2447 9072 656 9173 8132 745 8416 6018 2296 7414 3254 43 1099 1952 2243 1792 7956 4893 7202 660 9337 8808 3096 6398 4402 1691 2303 7405 6792 1755 191 8129 8886 5719 6599 2202 2307 8885 1245 1070 2318 5953 3842 7514 7168 8252 7927 7737 5326 12 1032 7409 657 1970 3509 1041 5519 462 9161 1426 6486 5901 3753 1043 3268 2469 980 7749 6119 246 
6156 1545 9491 2710 3594 914 5647 5387 1948 7206 896 8783 5305 8630 4908 4052 1528 6524 7058 8849 5572 8759 242 3339 6728 6764 4717 3421 1089 929 3039 3734 7830 9182 5399 4143 2197 4204 1666 6465 323 8929 1228 7304 2721 283 5392 6810 1762 5046 4257 8889 1697 5677 1404 308 4116 1075 1726 7699 6027 604 7079 1303 6306 6315 3249 3113 8423 9278 9011 7246 4989 2076 5406 8774 1760 2808 4861 7836 4297 6314 8875 3204 179 8049 8048 8055 9478 4671 5657 3223 8474 
8615 3743 8267 8719 6071 5586 6130 2462 6732 5951 6399 8271 3220 6670 2161 5975 2093 7188 75 7393 2305 876 132 8815 9060 101 9437 6503 5252 8977 3927 3785 8965 2102 898 7525 4111 4647 149 2285 3778 5714 1465 9537 4327 5648 7665 2871 6026 7137 6467 4106 6693 4405 8298 4032 5904 852 9077 5949 80 8181 7282 2361 4910 5152 7361 5213 7473 6809 5942 6887 6323 2321 5960 6971 4798 4301 9225 2302 4539 7239 7400 5097 505 8438 7319 4067 4620 3073 8126 751 6894 
6785 4713 4253 4038 9052 786 9436 7891 1817 8664 6396 497 6678 5638 4164 6297 8856 2820 973 5 7415 6569 1881 2829 7644 2643 1615 8454 9378 4404 6239 3978 4048 8675 6143 6250 3943 9371 4820 3633 341 3358 2170 27 2821 6718 7999 6791 4340 7069 7653 7652 8357 2556 8799 9500 2185 773 5129 7725 1129 2260 7601 7033 2994 4035 2527 704 7298 6414 7937 8531 138 2218 7712 8123 1684 8803 7513 1824 7883 653 3508 680 3352 4046 6786 5352 8633 6161 4623 3141 5655 
5445 7948 6914 1353 8355 219 827 5778 5184 6730 4310 9031 60 9385 186 7310 44 1636 5036 6528 5003 717 7214 760 8244 5051 3003 5846 1946 3216 3644 2909 9065 3688 1267 3060 5617 5481 2117 560 4535 3883 2206 3998 4064 4403 4232 6495 3818 8234 4484 398 7384 4537 3647 2006 5860 1829 7879 4448 9012 5473 1842 4866 7989 6646 6843 812 1759 5989 6198 2963 2960 9247 966 3099 2891 7258 1045 1815 6010 3721 3738 8805 5345 8100 4886 5961 3314 1532 8836 5570 3127 
555 4693 9046 8788 7398 1460 4033 9210 7781 5871 7701 4662 8541 8280 6245 5245 3112 371 32 9138 2292 3573 6942 455 282 9006 9507 2398 2110 3192 22 8728 8189 1442 8424 4488 2543 2508 8163 749 4817 8624 6373 8884 3642 4945 3787 343 8143 1387 2410 3829 5731 188 2786 600 392 4585 5498 1770 8322 2890 6476 1278 269 4332 7045 5192 6821 1816 7227 9107 4091 9328 1982 662 2730 494 2078 7627 9398 4341 1597 7500 9459 5257 3256 7651 4830 1573 7926 3740 4954 
8135 9286 1604 1548 4792 9145 4616 8034 3976 9313 7936 2707 476 8881 9487 9142 8346 4864 6628 1302 6797 7102 9314 5924 6401 9223 3263 9128 955 5881 181 2514 264 5419 4134 9501 4374 8399 7117 8794 1098 2835 3454 8497 2114 5364 2791 4496 7637 1778 150 6683 3208 8898 3980 7913 981 401 467 1658 1279 610 1977 2411 1453 9064 4454 2898 4336 5281 6389 8073 7588 7022 632 6160 4189 51 2542 8155 3925 6141 6347 8782 5086 7855 8681 99 1543 6332 3567 1892 7757 
3646 5712 226 5474 7702 3821 2740 6152 8798 5400 9036 3595 6226 8764 3085 1563 9020 4287 6527 9382 7873 4029 2245 2774 210 663 1356 1973 5057 3381 6241 4264 6576 8661 1969 6844 9402 3305 5333 4876 4156 2842 7622 458 3505 6655 3236 7676 1985 8080 9472 2796 1823 3084 8668 5551 2627 6378 1868 3067 3598 5166 2712 2227 2502 1595 8801 8016 4014 6985 2127 9206 404 2611 5024 3202 7472 110 3418 5168 1950 5375 3828 1317 4123 3881 7664 7496 4494 8952 1659 8007 9352 
806 5857 1696 2070 3784 492 3017 5675 9305 8583 6766 8178 3155 4371 2484 8319 7268 3210 3656 1531 9553 8335 2887 4513 3879 1840 4815 3023 8772 5883 4862 2549 1986 613 4128 6546 3730 8198 7451 4306 1023 2584 2095 857 2989 6639 6474 1669 4814 7126 1657 8037 8725 7271 4600 3100 3933 6571 6084 2967 1378 7382 7595 1293 6677 9348 9572 121 790 7028 1491 2664 1304 4560 7892 2171 3676 5337 5148 6759 3708 3201 6242 5208 9009 2706 3857 9508 1177 1311 8584 7112 5813 
4746 6827 2184 6565 8059 71 8840 372 7052 4842 3066 37 1508 5723 2830 7690 7925 1827 9238 818 9531 1507 1771 6513 1415 9475 800 127 787 3193 7213 819 4313 5629 959 1927 5874 84 8338 3429 8908 4617 2652 7661 5713 7386 9074 8388 3311 4660 5936 5102 1629 9560 8958 2592 199 2639 8489 3513 9125 7950 7061 4593 4646 7285 3143 7173 8667 8450 8203 7191 6319 7286 7615 1856 8991 3347 6959 4915 6215 1116 8709 5666 3749 4521 2936 2803 3973 9123 8395 7147 8932 
2151 3189 5829 4437 2016 1141 3518 6828 2943 7198 4011 6815 7547 988 5786 878 5644 6098 5050 9081 2521 5573 3893 6511 7703 9176 1205 2251 3954 4429 3649 7716 5605 3652 6106 9120 6993 2595 325 8720 5807 6044 3090 2976 7011 5233 7186 3476 6989 4163 5076 997 807 2750 1588 3495 3309 8519 7686 1038 8891 4653 7325 1473 917 1018 2231 7203 8446 8056 3304 8754 5853 1143 2874 118 3690 6807 970 358 5135 9030 5658 1483 7709 1133 4286 1150 5143 6328 7489 6277 4066 
6972 3274 8404 7123 6300 5464 1751 778 7719 2519 3355 14 8646 8784 8514 2378 608 8831 2690 6882 1346 8023 1367 3372 5972 8570 1929 2787 9002 5397 4012 3538 4148 9216 2834 2867 6005 117 388 8165 4742 8873 1549 3036 8004 4443 7125 5735 5998 1632 5507 8755 2598 3851 1855 1197 3390 8410 6176 5225 851 9516 6197 1895 6007 4536 7625 7192 1296 8341 1753 7175 3672 6962 5073 5870 7463 2971 6858 4212 5582 2488 3580 5173 1988 3488 9309 160 8617 5379 6592 7215 5459 
9521 1550 1138 2723 2551 1436 6955 4574 1635 7843 2489 2253 3794 4176 1120 2661 7448 8880 8375 3564 4532 2832 120 5660 2175 7813 8911 2955 5427 2083 6717 201 7093 7628 4592 7680 7730 4101 7243 4581 3590 5523 7894 1880 1261 7209 8477 8906 1088 3028 5275 9035 5834 31 2467 7932 6178 3645 8445 8530 7142 5357 6637 445 2578 8484 1424 5013 4705 7782 8534 6939 1414 585 1399 4021 9468 1405 406 7666 7003 5470 2128 1682 2810 3524 4640 7517 6586 1080 6341 4296 7043 
7961 1056 7748 1544 9269 2884 6604 4347 3756 2149 5968 4959 6999 4928 6429 9416 1052 8656 8854 5560 7647 9082 9222 5533 5988 4187 4516 2809 8842 8900 2776 6279 2400 7320 4601 1558 1384 5029 4368 4515 9140 2883 3613 39 2719 8895 3368 6440 7356 6557 6581 6391 5915 2567 2497 4631 799 8620 5801 2157 1097 2317 926 7089 7413 1231 7714 7431 795 8436 7354 7905 6852 3599 8696 605 4102 2115 976 2106 4605 6795 7422 7036 7909 248 572 6739 7810 975 8062 35 7636 
4356 9240 3670 6582 4868 4432 1275 5205 2733 5224 7877 8142 102 2205 8951 9136 2196 7754 8756 7606 454 5351 272 4523 3255 584 2735 3808 7824 4430 6365 5956 9506 2590 6883 6445 872 581 8469 5161 3498 5553 6520 2645 395 5670 5830 1373 6380 466 6045 3616 6976 1434 374 7819 3597 4514 1365 3233 9288 6272 157 5784 260 8524 7108 7826 2844 782 104 3183 1173 3848 1871 5775 6748 814 3689 289 3348 7015 7893 3307 4379 2512 6688 7901 7917 4042 4344 1740 2011 
7903 3723 3984 1443 4490 4761 9214 8645 2948 2894 2472 4325 5366 6123 2397 2988 9112 9172 4192 9117 6408 6109 3665 1064 6134 5564 3806 1704 2801 5318 8398 3727 3278 4809 5782 1710 9410 2861 9310 8868 4846 7713 9234 4045 1333 3584 4807 6854 1995 7670 4953 6550 1423 8079 2265 5500 9369 1850 220 8548 9191 3511 5074 2990 1222 7456 1161 8948 7898 2602 573 6343 3057 8291 5771 4847 5594 9177 4698 1853 3683 7672 9530 3638 4980 2900 8295 6975 2023 2353 1584 6774 4039 
9167 2474 8555 8544 6617 8259 7318 9133 8591 3051 594 1344 6607 6137 4311 7618 4160 8381 241 5772 2436 2759 4974 7648 6915 1132 155 3605 9502 5891 7774 2241 7120 7519 8141 1104 1594 5095 457 6153 1448 3349 4602 9540 906 8594 7980 2252 7870 6289 6983 1126 6177 2147 3485 753 5062 4228 2092 6217 5632 4158 8498 9255 9413 4026 7700 2080 802 8698 9243 7807 2996 567 5140 1440 370 571 8618 4735 8704 1784 2739 9320 9027 8944 9356 4354 7355 549 2843 6006 7385 
2 1033 6430 7367 3486 2632 359 5165 4797 8741 7974 758 6868 139 8250 483 8188 7080 8700 211 7291 8486 1274 6485 8695 2493 3396 8433 3356 7853 151 4976 6065 4057 4421 4085 3748 5631 9184 3323 5683 5476 9441 5229 3845 9092 9547 3612 9364 8145 7442 4972 7660 9407 9552 8650 3934 7317 3156 8279 3833 8039 2130 6204 2191 1431 554 1007 3961 304 52 9551 5900 1848 6892 3481 4213 3226 6368 4859 6090 9435 8787 2221 8863 5085 4552 4103 410 4197 5047 5898 4025 
4813 3622 8063 5751 7490 9294 1975 9040 9152 8078 7399 6407 703 3079 2035 8294 3541 2529 4041 682 6108 1051 5729 2766 473 1458 9515 1923 4883 570 2998 3138 2790 7101 1257 4084 8660 3104 9169 862 1713 1721 3411 6219 9258 6936 3709 4216 9484 9498 2453 7941 5790 1014 1053 4687 2446 1858 1844 4948 537 4573 5154 1010 1376 7245 607 7224 5597 1190 8174 4456 5016 158 3045 6453 5290 4386 8070 6446 6952 5563 1235 2319 2953 2394 8005 5373 7828 7914 2416 2775 9430 
4727 8525 5336 7362 1137 5598 4396 4086 2306 6603 7293 6240 1441 612 4013 7376 347 6122 8363 6902 1028 9463 7753 5180 647 5396 1984 5973 3074 7880 170 5084 6602 2086 8684 7449 9495 5516 1990 934 6640 8229 1724 8117 7630 4250 3826 7969 4426 8161 339 8500 5461 7832 9115 759 1331 4500 6076 1013 2985 9376 4925 1246 8383 7559 6457 1915 4088 6842 7364 4898 8810 5650 1420 6687 8997 582 412 7403 9325 8114 3325 4223 7353 1225 1873 6154 3161 2620 7031 5833 2405 
4399 3911 7590 3992 5121 8706 865 3866 3290 4991 7077 4985 4676 2658 684 1701 5981 2120 8855 6585 490 9559 3523 7369 5011 1247 652 8331 8729 2084 6572 3342 816 6192 7342 6735 1168 3531 4520 6494 5292 834 7116 1739 2133 3277 9129 1119 5160 4243 3985 5372 5106 1148 8748 6591 4796 2539 6367 7668 6385 3197 8920 5930 5007 3697 2182 5550 9342 7817 670 7070 3657 6521 7540 2510 705 474 9301 2675 6356 1671 4023 5288 950 2638 2087 3588 1310 2125 8919 5589 7605 
3860 6366 7987 3326 9271 4852 4095 2423 6712 5758 6060 4147 8391 6667 4007 66 3322 8933 5183 64 5172 7035 9063 5145 4485 6070 7152 1005 495 6196 2368 2000 2546 315 6094 6707 5479 9432 1512 173 5415 2269 7004 5548 2812 3200 8738 469 5491 7900 5449 5902 4245 3530 4418 2792 7404 5113 5182 8936 1390 5611 8287 8113 1476 3773 5707 4377 4517 8027 6779 774 1803 3651 5514 5887 2298 5434 1741 592 3939 6800 6361 3095 2785 6120 6383 3272 5116 1991 5627 557 4481 
6271 2491 1930 6760 1695 1445 446 8032 8631 5428 2046 5876 1789 4267 5283 29 1509 3490 9298 5541 1912 3895 8377 5303 6605 4611 7954 2048 524 6243 1435 2680 547 1291 8677 460 3679 9190 7104 5186 2383 9131 2456 2483 6656 8915 3593 6421 3557 5362 3351 4550 5722 3063 8596 1725 1643 5408 5054 251 9444 6556 2168 7912 616 3378 5682 2457 8734 7130 480 3897 5812 8263 9236 389 9578 4724 2352 3076 3253 291 2817 3148 731 2600 1234 520 6856 7687 4505 3805 9083 
3650 8457 1640 9367 8201 5841 9048 4461 493 2727 9545 3199 6609 7578 8980 7107 7485 9489 7111 3318 1253 954 3101 2291 6750 6872 9379 4858 2672 9544 5559 5914 8202 7236 3550 2373 7971 9132 5765 5104 8876 8928 461 5979 3391 8015 5547 7200 2533 1411 5838 296 6672 2695 1997 9457 7831 3492 5982 4465 5576 8904 2518 8566 329 3332 4170 8506 1579 5134 7642 72 8641 433 8829 4415 2541 5701 11 6167 779 4783 9532 305 216 3044 8099 2071 6969 6615 8301 691 2856 
7345 6099 7966 1517 1662 453 4308 3746 2426 7543 3936 8227 8983 6238 1123 349 805 8473 7418 2753 7720 4565 4304 4721 5324 2417 6249 363 3191 327 6833 8747 1176 8231 7121 5510 249 5285 1488 3026 503 944 7047 7471 387 9073 7619 4899 3602 7825 7352 4167 6877 3912 7803 8276 700 4744 2840 4583 1413 9201 2813 6387 5568 1480 6269 835 360 2403 1329 8672 3698 3444 5202 6715 8502 7007 7729 730 1876 4315 6992 9038 1560 5817 7566 1886 6794 8031 2176 5485 3999 
3395 1357 1989 4489 7447 4555 6079 2837 6477 3459 5311 4756 2163 3666 1060 8659 8326 2276 6273 750 4002 336 2049 7470 1156 6663 8834 6518 6115 6913 7993 4572 5966 1027 8196 2055 9237 8384 4787 4923 2381 3571 8215 4570 8937 1082 3876 7732 7683 8616 5717 2033 1354 4542 4778 2331 6101 840 6413 7610 5260 7423 2288 236 943 7633 5207 6126 8711 6458 1382 1902 5991 7695 5027 4501 6860 1586 4001 7149 7623 689 4512 3243 869 8240 5948 8761 8985 8033 2343 4256 8736 
587 7321 7815 2052 81 6377 6096 9079 7583 6645 4902 8685 9446 9032 2409 7921 9165 967 7641 1254 6255 8207 4387 5477 2554 8529 4758 747 1342 1535 9049 8214 6770 3516 6864 6260 2634 793 5167 3923 1737 1901 3804 811 7273 4840 3729 3460 1196 5689 7569 5080 4776 9522 9016 7697 230 2293 4586 7960 1665 421 5414 3809 3406 3082 2437 7968 2295 5693 442 4090 1490 4438 9396 7306 6182 2064 5413 6682 4181 3770 1092 9519 7526 2965 4955 6876 5893 4154 9406 2864 5484 
8702 6753 4901 2056 8021 9455 1664 590 1556 19 8923 4124 603 8447 9409 3093 8050 3219 7421 920 7410 952 7564 6020 5340 3296 4680 7743 4729 3803 1899 90 679 3483 3312 8321 2132 829 7688 95 5390 4079 378 8913 4718 7736 4486 6014 3480 9306 4222 6781 3918 8523 7457 6745 2178 1093 2616 6549 8151 5879 8730 6035 9203 2181 2278 3732 3259 1122 2073 1432 5255 1461 6849 5099 1965 6618 7446 8282 9383 2479 9353 364 6666 3603 3123 3994 4614 6022 4547 4608 9109 
8767 3680 2079 6180 6644 6146 4183 3726 513 5616 2204 1742 8223 643 2030 8947 8157 7977 3247 3207 1111 5490 8292 6492 706 4117 9198 1938 5222 5544 6157 846 3350 7465 8623 4568 8072 8213 7957 172 3379 8418 1936 2259 5289 6468 274 40 5844 2299 5319 7341 6330 4789 177 4871 4540 1326 6970 5494 9096 4087 915 3282 7811 5380 9209 6075 7787 3611 3467 7180 7724 726 6823 3512 8507 5320 863 3975 5497 1243 3024 2066 3795 2528 504 1644 6890 574 8366 698 4981 
4933 2020 6335 3632 7546 8230 5740 5423 4703 5703 8008 427 4637 5511 7397 4961 2210 50 3306 5019 1820 6001 5718 4206 8640 2618 6438 6853 7596 5656 129 7704 6722 3902 8903 8439 7146 3591 5480 367 152 3328 4571 4237 3693 6889 7740 5562 4657 3198 6567 7475 8086 254 3058 4105 8379 1115 4841 2249 1449 76 23 9224 4892 6021 891 8622 8599 992 1749 8409 3671 7735 2286 2918 6963 6435 6042 8536 1470 8713 5889 6118 4450 6744 6086 6030 3403 2555 6888 203 475 
6897 8054 8714 2696 1501 2461 611 3924 8567 4834 8228 1345 4541 8818 3641 7279 7134 9067 8109 4097 496 7722 3751 5923 6248 4656 8083 5725 6047 8678 824 1776 8608 9362 1335 5963 3292 200 7426 6917 2582 47 1628 8428 128 2247 7608 8628 6552 1553 6650 4884 768 2101 382 4479 9270 6668 3283 4557 7632 9119 5198 5621 5776 5540 3385 9327 3534 2234 8212 369 3166 5537 7739 2500 5030 732 9250 5059 3816 234 2480 3205 4214 1008 4780 6903 3125 3021 1562 8414 5465 
7915 6345 1361 3639 4885 1802 4207 5417 6934 6830 8082 4695 286 844 8482 3916 928 2463 3445 6561 4582 2889 6058 119 2624 8380 9220 204 4078 2223 7000 7847 3909 3298 8471 1074 9381 3535 9257 8580 8177 6920 8579 1959 4576 3098 5308 2119 1809 5716 7592 1533 5236 3953 5574 7060 482 2256 3252 5986 6231 218 281 5908 7164 424 3715 4290 1272 4118 3846 54 4331 2886 550 6840 6424 9303 5279 422 4060 8397 9093 2190 3996 4748 435 1189 4632 6080 963 7793 870 
2770 8045 5049 5056 9300 2390 9355 5108 1204 3432 5539 1153 4173 3648 4929 6762 519 6662 7059 5804 2040 8067 3711 9575 3434 7307 3823 9518 2118 3237 904 655 1861 8968 1410 2846 6711 8701 1192 8441 1058 3438 5588 1003 7871 4006 2027 7323 2237 322 3168 4219 2277 4129 4030 3465 8981 541 5404 5513 5664 7201 5457 5862 5096 5253 7631 484 2833 4806 2683 1492 4353 2396 3187 2635 5139 7611 2068 1090 6235 6059 5420 6346 6395 1022 6393 5839 3217 4439 6088 4912 6839 
7935 5938 7766 2736 5381 1943 1904 9386 9526 5425 8237 5995 9015 6871 3946 5487 1085 6093 7572 6998 1107 3504 5789 7930 8647 5006 6232 4460 7017 6777 8735 344 4272 3793 3859 8356 7970 2038 7682 2904 7427 2708 413 1786 5905 6544 6901 2538 6563 4716 1546 3519 69 9542 298 3149 5421 2028 9417 9509 5315 2851 3658 2034 1281 4785 4832 7165 3527 8490 6980 1301 4385 2177 2537 3569 9412 5992 2290 9504 2577 2329 1891 1255 4463 4811 8867 1860 2612 2669 3800 9399 2558 
1366 3777 7466 637 3865 628 3016 6480 1841 4543 2094 2505 2732 6747 8115 8209 2208 9037 6865 4863 6211 3514 4321 761 3184 7624 1797 7326 2688 7144 459 3988 7078 6013 5388 6064 5944 7261 8367 8732 8988 257 710 2743 9499 5087 5733 3560 1286 4822 9548 5977 6253 1252 8865 6643 8421 626 9053 3181 5615 5641 1602 1805 67 1653 1216 4639 9411 9414 631 5440 1764 6083 8003 7269 481 5266 8483 5119 4098 6437 2074 3145 1352 7594 1520 7761 1580 3451 6566 6487 83 
4034 5835 284 8812 9160 4556 9232 6818 7347 7181 1165 5299 6470 5720 1385 324 6478 9577 2043 5609 1521 4678 7328 8481 941 1788 7591 6859 2962 3577 7041 3836 8621 849 4451 4969 8159 8877 362 5176 6195 1849 9400 9279 2725 8588 8125 4851 8963 6068 2386 2587 3061 9199 4104 2687 3661 7114 2752 6907 2765 9004 390 5244 6179 2167 4299 5806 4952 3775 2450 1330 9113 3544 3716 198 6695 6767 8361 983 8186 1767 4740 6600 5158 7182 4 1645 1497 7156 2977 7024 9098 
6594 1897 1945 9188 4835 5335 9492 2684 5704 5012 4260 9249 7220 676 7458 2366 1055 7208 2054 6595 6333 233 1678 911 3410 5599 8629 5531 8619 185 3678 7161 4700 4414 5001 223 4202 8510 1217 3815 140 5258 8823 4392 8931 913 2470 2823 6574 3393 3886 6726 7990 13 7375 7127 7780 4055 2745 798 6532 5125 8921 4279 4688 2297 8349 6937 8336 8333 609 1136 6570 1717 648 5239 5272 6166 1102 6508 9556 8663 6031 3230 8505 6208 8266 2984 7866 3801 6274 5394 2685 
2189 9261 1393 1319 217 3802 7037 6674 552 2271 6340 6386 1219 2021 3122 1130 2944 7454 1864 916 6622 2607 3136 6451 3461 5301 6379 1485 9103 2226 3989 1750 8225 338 2811 854 7358 2824 1031 8370 5505 7370 3281 7741 4737 8691 4538 1046 8708 5994 1069 5259 5702 907 4109 7277 169 5970 4997 6530 386 7275 1306 8499 6275 3144 6634 5910 6376 763 8130 8110 7692 4369 2155 998 8657 2841 2511 6276 5331 3131 6331 659 1114 9514 4853 7602 8804 3052 3276 3049 2267 
1406 5350 7030 4194 1287 7597 2136 1555 2636 7600 1672 5865 2075 2768 8800 1581 8400 4305 7539 8002 960 1522 3212 1201 2935 6649 2797 7938 6017 2158 7012 6714 4453 295 618 7194 2215 893 4031 7001 5187 7038 3870 7053 5928 302 1059 3971 2422 4442 7947 6709 2430 7827 3471 252 2270 403 9111 1613 1865 1294 1569 8671 4229 9185 7295 5783 8373 8320 8393 2999 7020 5110 6287 9192 2339 5065 5055 8120 8270 8069 961 4378 3932 7802 9221 3552 1514 6428 1029 7678 6499 
4675 9335 9156 1953 6945 4562 4507 6326 6479 6117 7599 6804 8283 7189 5458 1526 1894 994 79 7586 4329 3587 1916 6895 7076 261 1630 1065 4962 7524 4449 1180 7617 2579 1960 7099 2272 8275 6697 982 8239 7110 5797 6191 9265 4875 7023 7132 6727 3575 5626 5743 8634 8075 2926 5732 5070 337 6308 3741 3105 531 4071 6539 6140 6029 7344 6165 4728 6252 939 4666 5077 1723 4217 8194 3055 1772 2203 5043 4422 4210 8967 2089 9097 6036 5741 7504 416 535 1857 4878 4335 
530 402 1993 3675 7552 9302 7885 5146 597 3604 8224 1172 133 7985 5109 2663 1499 167 8576 1625 5045 6534 9524 3824 7087 7159 6190 163 9360 2525 3373 4900 1298 6579 5322 2827 3160 9496 3607 7818 2516 2902 6491 7018 8160 7848 8813 221 1862 736 8975 9321 6339 2219 2131 3404 3469 7673 9311 6194 7373 4694 2346 9088 4769 2802 3361 8444 314 8604 4165 2494 3119 5678 8773 6575 2330 8809 7046 9392 3643 1388 1417 1285 8924 2914 5170 1715 3494 8449 1582 868 1213 
7468 255 9528 9153 2798 2532 2137 5558 1379 797 2018 3437 4362 9018 4994 8697 7851 8180 1191 8682 2895 486 4960 8485 7887 8862 7395 2880 8420 1542 6506 2289 7484 2239 1324 4114 2838 2601 6416 1575 3563 6125 2425 781 9218 3389 720 2281 2522 8557 2338 4584 1846 1547 4606 5101 5799 8979 5595 6878 5766 739 882 9494 7551 1263 1599 7237 4288 7865 3822 5969 2005 2503 8935 3959 9339 5909 8047 6789 1769 5929 8802 8068 2608 1688 4528 7264 9440 3991 5633 2629 3719 
8243 5218 9470 479 7098 7565 1972 7480 7487 3731 202 232 8553 1799 8558 7324 3030 8152 6225 8986 3561 6879 5840 6630 5009 5304 9319 8683 4235 5066 2850 8581 7833 5985 2660 1748 7505 1084 5787 8058 3827 5820 2129 538 3360 7809 2380 9248 5781 8632 2248 6514 5978 3566 8726 145 6121 278 3949 1026 4966 405 3186 3251 4751 6966 5278 4151 1117 3316 3890 2233 2875 4522 5424 4860 9021 3114 7248 4188 6824 7657 8716 1447 2214 1467 7537 8796 5554 666 2606 8233 1049 
8669 4075 3609 5694 4144 2301 5918 8879 4247 7814 2482 5607 1016 8589 4950 5132 2486 3386 5815 1481 2108 4122 3900 330 4569 6559 4265 9546 7726 3163 974 5690 2404 1600 8503 3284 575 7717 8432 6087 2342 8334 5466 485 711 3835 1900 7995 775 7923 7904 6562 2468 5943 5816 2244 3692 3087 7558 1265 755 8833 6400 8018 3320 228 2140 6891 2414 1208 7649 6372 2703 3115 3059 1819 7050 3376 4684 987 3265 7462 1821 8311 6354 5976 8167 6362 7082 7512 5078 2507 4208 
2922 6162 7196 8061 7890 3703 368 6316 5083 2722 809 6704 7178 7184 1186 2113 498 2869 2037 3574 5692 7575 4711 258 6455 4937 5035 6568 6700 7212 5596 3623 8097 4008 6016 3673 6669 978 73 735 9476 2452 7858 1955 9091 886 8953 7634 589 2209 6590 3285 7172 8758 4359 7433 2655 5092 208 1981 4992 5005 1814 3744 2442 4376 5577 6808 1158 556 6411 6472 3174 6336 9024 5431 3433 7797 8828 30 5348 8241 1971 995 7048 2657 6205 3135 6997 4462 3931 6719 7267 
2574 4816 1307 6691 8597 1656 2991 393 4050 5962 6128 9394 6450 9228 9330 3050 5959 1 6802 5223 1363 8210 8820 2063 3849 8733 452 1933 6908 1223 3871 1290 5385 5763 1478 1210 5684 213 1264 9469 561 4186 8121 8614 4793 7494 4284 391 3864 9246 7922 2761 8602 4168 4107 622 4607 2142 9179 2717 1905 5800 4338 4745 1374 3585 7988 3470 8211 4872 7607 1277 6905 6348 4773 1598 7032 3929 5454 6555 7991 3771 9114 8268 909 5094 507 1463 8613 9323 4831 4153 1468 
1694 2764 8606 6642 5922 5472 5999 1425 9326 2957 1968 1328 6257 7656 1162 3157 2681 2882 3078 4498 8666 5802 6679 5543 716 4889 6773 470 5590 6360 1922 6761 5593 3549 1001 1372 1341 2431 3185 4527 3151 864 3942 6290 7506 5243 6262 8153 2738 5071 2671 7706 111 8313 3619 534 6011 9127 4922 5726 2630 1801 7444 3250 553 2594 7013 5897 8392 6608 7731 2152 2903 7049 5061 2610 333 7392 9039 8166 1611 9289 6606 3761 3872 5917 4487 124 6212 4269 4599 7284 6210 
4531 6500 4138 4220 8435 1096 8001 1603 6680 4596 7498 5306 4302 5884 2526 3065 6397 472 1078 701 7834 5128 8440 4916 6216 1181 3319 6055 7916 875 8042 3234 4619 5561 6512 3242 8443 1284 2615 808 2604 591 623 5752 1380 4434 4289 8737 9070 8249 6929 6838 1843 6974 2323 517 6388 3968 8559 5058 5323 1826 3018 6004 3878 5355 6489 9134 5747 8182 5822 836 5688 8281 1151 7492 8954 7226 8917 2485 2767 3565 644 3273 884 5437 1655 1199 4645 4712 3159 7419 33 
4370 9276 2928 1369 1489 3333 415 6462 6551 931 162 5810 3424 1459 1934 34 8261 7854 5495 8094 4826 2682 7263 86 4558 1928 6224 1783 7056 3064 7755 2783 1808 6938 832 6884 8327 3529 6173 8337 7823 7453 250 6866 7 8081 6620 8897 4394 5762 2324 1836 450 619 4949 6835 6979 6095 1524 1785 3165 9262 463 2246 4801 8417 1229 7100 6510 5792 5179 1017 1536 6943 6692 4062 4795 969 6483 3899 2927 8945 9080 2552 9168 2913 8896 3596 7728 6896 3956 7424 5441 
1733 2877 7523 714 4554 2334 5133 7445 5509 8653 1551 8096 6433 1233 8574 4083 8024 1944 3169 5341 2375 5150 8247 5142 539 4316 548 690 1157 328 2949 1050 2498 8465 4518 7005 9467 6404 2919 9141 2471 8296 4918 4115 7527 2644 8053 6280 7272 7981 7613 9149 1913 7218 3986 5583 4056 6051 7502 49 3118 334 4259 2466 4364 8315 1496 3147 439 8518 7679 477 1194 4689 817 2282 7066 18 7521 4546 4719 4615 8742 7646 4139 3713 6147 1651 6968 8501 942 9175 2236 
4670 1108 425 9329 1061 8762 9284 5618 253 3861 2689 2314 5997 3464 9373 6651 6507 4221 2487 2986 5277 3579 6313 3807 8274 9539 7482 9375 3427 7266 4577 5138 3868 796 2964 8134 4312 2195 9273 7450 5433 7305 1571 5265 2088 4009 9458 3407 2982 7844 4999 5489 8797 4395 8946 2198 9503 4988 7219 8550 2311 7090 2993 1813 6734 8463 4162 8170 2749 98 4185 5361 3137 8766 2951 2162 4131 6536 5346 1170 7522 1370 867 3965 1203 1574 3102 7556 4251 292 5118 6948 9388 
2956 379 936 8127 6641 2778 2673 7241 1979 4177 136 3745 9263 5757 9317 7166 8000 5384 6359 3559 3797 813 1877 4590 8494 949 630 8325 3606 6164 3338 109 1957 3213 5669 1368 1206 6881 1793 6105 1834 3884 866 6324 2173 6870 7381 9448 4391 2112 5325 4068 3789 6410 6950 348 1271 3010 667 1566 1673 3677 4182 3892 5557 664 1954 990 9420 5855 3291 880 135 1906 8914 7138 5698 1716 6432 673 8674 5671 6033 8090 9162 5338 953 3300 8573 4278 1608 2917 9418 
9462 1735 1241 3015 7659 3707 601 1667 1663 1743 8984 6531 3394 2376 3408 256 7283 595 4309 5805 5745 4457 9290 3345 3983 3315 7897 2336 9315 4230 3267 9372 3086 448 5931 4755 7374 877 3441 723 3288 727 525 8853 8509 2793 7928 7179 3295 3442 7216 5896 5462 9008 2057 7253 5585 2294 2039 396 2781 4618 5877 7994 4005 8448 4282 559 3908 6237 1221 9393 153 9000 5619 6247 4431 2617 3383 9166 1195 1377 5238 1888 3006 1209 7346 2312 1685 830 4768 2012 3369 
804 7301 3001 4802 2647 4760 8462 1187 9563 6227 5571 100 6209 2433 2893 265 268 7822 7160 4400 3855 3699 2700 165 6054 3128 2665 1057 1422 2261 1359 661 8790 7401 2351 3752 602 2194 7314 4963 2648 1910 3581 68 3075 94 7383 5768 8200 7430 2316 3636 4239 3620 9245 6444 225 3520 4771 2041 8598 7693 5964 131 9171 3903 4427 4747 1035 3089 810 1269 1949 746 1455 4626 4483 2757 5828 2360 8717 7118 2565 3543 4135 5888 4710 9281 451 8205 1859 5552 528 
6716 6625 5363 6284 9366 6172 7429 1336 2107 8455 2428 803 3289 5814 4295 2961 3945 4234 7141 1220 2454 2344 9 2910 8918 4692 5042 7554 3832 1325 5295 7290 1966 5863 5456 2553 4732 791 8245 6923 3150 6729 2280 8216 2029 3367 6201 6995 8427 5759 3704 7979 4022 4643 3820 3019 5907 301 6309 9204 1299 8084 2701 377 4226 9433 4869 5033 996 8028 8540 6265 2188 8305 5527 8739 6129 5395 5107 6427 1416 9482 2255 4867 8064 4273 1641 6439 1179 6981 1437 9449 316 
82 39
23 31
22 63
41 15
1 15
27 17
81 22
23 39
28 69
17 85
8 87
92 43
79 57
43 11
70 15
88 69
11 12
3 18
38 81
90 68
10 101
48 48
74 46
42 63
86 77
1 38
43 85
62 66
4 80
31 38
89 58
22 7
69 3
59 5
78 38
59 60
1 10
84 64
90 42
16 18
64 9
58 22
69 12
30 75
92 6
48 11
87 70
10 38
40 43
42 40
87 4
42 48
86 0
55 81
78 86
56 89
17 82
37 10
48 4
17 1
88 64
88 24
4 23
43 1
4 87
77 73
20 102
82 3
66 32
64 59
27 54
89 38
66 39
42 101
29 31
47 83
74 10
7 78
57 69
59 40
54 84
43 0
5 58
43 58
19 42
7 86
57 39
48 99
26 82
87 7
80 44
41 71
91 54
53 71
64 2
57 67
63 33
63 94
17 89
17 10
72 9
89 22
26 12
82 72
51 74
8 91
16 76
14 14
16 50
8 61
39 30
91 84
70 95
70 102
90 97
29 48
26 3
0 78
20 96
40 27
67 42
51 15
78 33
44 13
25 63
54 56
83 75
62 85
18 99
79 102
22 80
69 59
73 53
26 92
77 102
17 72
66 100
15 45
32 11
86 50
36 46
33 90
91 94
3 75
45 37
30 81
70 68
10 52
5 65
23 85
7 17
49 33
16 21
85 96
26 63
2 81
19 26
84 29
5 22
87 40
40 53
4 32
40 24
46 83
25 8
91 82
11 62
77 43
63 16
92 90
1 18
58 18
85 8
91 38
80 67
37 28
18 75
49 94
17 78
7 55
1 54
21 54
88 49
60 62
73 91
28 52
41 52
29 66
53 60
91 101
91 7
42 18
49 79
75 74
75 90
49 91
73 44
3 67
30 50
68 33
32 88
83 70
6 54
25 71
32 80
28 34
55 58
55 85
82 55
77 63
83 6
50 92
10 40
10 7
73 46
38 99
30 63
34 74
15 30
19 41
61 44
45 10
24 61
84 27
70 102
28 9
23 20
72 48
43 47
81 76
55 7
5 61
37 38
72 73
66 100
28 10
87 73
77 65
26 18
11 45
38 53
1 12
92 88
12 79
7 88
10 100
39 102
74 52
57 67
85 54
7 101
73 43
17 12
76 33
67 70
56 95
54 8
72 95
11 21
27 75
22 60
20 57
72 1
24 11
51 44
47 54
40 56
32 97
33 66
7 23
16 63
22 47
13 88
73 80
38 50
40 58
9 17
76 46
52 72
5 48
38 70
57 35
42 24
91 12
75 69
85 54
24 2
59 4
81 14
54 65
60 95
57 77
39 57
23 39
86 88
89 57
55 27
23 28
35 48
0 61
78 57
53 53
44 58
89 102
40 18
66 80
79 72
0 60
43 48
79 48
11 54
54 81
9 6
14 3
42 54
72 28
31 10
84 84
13 100
30 74
59 4
85 22
32 80
89 98
12 45
64 86
61 53
91 85
68 98
68 41
3 51
25 33
91 46
32 79
43 65
3 1
61 33
24 37
63 61
54 30
47 92
23 88
13 11
57 20
57 12
78 35
3 16
90 63
15 32
15 88
4 89
9 24
59 54
69 64
32 90
86 3
27 15
41 21
18 97
11 66
70 102
8 42
43 28
63 9
73 20
78 41
30 44
16 1
30 6
35 44
14 13
60 93
80 48
45 15
3 84
25 57
62 8
46 27
7 50
47 67
68 27
78 69
20 11
81 99
84 88
64 58
4 55
67 99
4 96
88 67
63 5
46 1
44 36
62 21
46 81
43 82
92 26
89 19
76 73
2 95
35 48
16 91
57 89
0 54
91 22
36 3
74 47
53 70
66 43
63 53
87 13
15 15
11 29
17 20
47 46
50 57
52 62
36 64
2 44
64 38
87 58
16 52
35 7
84 60
18 102
75 8
7 62
54 57
14 7
78 52
8 51
21 94
24 40
2 9
37 14
19 7
31 41
73 20
42 20
16 11
78 81
85 60
23 4
32 90
75 7
19 99
26 2
61 78
90 92
85 55
5 51
44 97
18 15
72 57
32 85
85 32
86 76
60 7
13 77
70 7
40 56
77 93
35 91
72 78
89 40
1 44
64 14
59 18
68 51
67 39
43 83
25 50
28 9
63 26
64 62
73 64
31 30
15 33
91 31
15 79
21 10
46 4
11 92
44 9
16 4
52 80
77 92
59 66
27 60
1 97
74 1
40 26
26 16
74 54
68 31
79 22
64 14
43 45
43 88
89 10
45 43
76 29
69 91
87 84
67 19
30 102
6 18
75 50
76 25
89 85
2 61
5 48
27 97
68 44
21 76
37 84
2 12
45 79
52 31
45 87
36 20
29 10
76 94
27 18
22 102
32 97
48 78
10 16
40 16
58 96
34 22
68 96
75 48
28 77
75 29
4 41
53 44
21 85
8 48
73 98
77 25
16 7
90 94
85 66
17 59
6 47
73 38
19 66
13 78
54 31
39 88
78 68
48 6
27 94
15 34
44 87
63 99
48 17
90 69
69 25
5 25
10 97
49 45
59 57
92 69
17 59
7 76
31 98
15 2
37 37
63 24
10 79
6 66
8 4
90 47
22 46
30 23
49 68
58 76
8 98
79 40
40 28
67 22
67 62
25 3
9 86
39 68
87 85
42 93
5 56
49 16
53 40
61 96
17 93
77 102
8 89
92 7
65 59
25 63
43 20
47 30
24 12
7 95
76 75
71 19
14 84
65 10
18 47
72 3
64 94
18 2
57 25
81 4
31 52
70 100
49 88
24 77
35 81
11 53
39 31
58 66
21 36
37 18
4 102
51 7
3 46
65 6
28 52
2 23
56 78
24 54
53 5
63 76
59 10
72 65
48 67
79 80
43 52
46 89
71 95
79 51
15 39
70 49
69 66
46 68
44 74
46 79
14 92
53 72
84 36
23 41
43 17
29 11
22 90
51 37
80 57
1 15
51 57
9 38
7 34
87 45
57 57
9 95
86 60
4 96
72 41
75 22
39 28
49 89
2 24
67 63
43 17
63 5
58 9
36 39
6 2
70 17
56 79
67 71
80 54
39 63
12 32
68 18
78 31
44 67
3 77
4 16
89 21
25 91
41 28
21 31
85 33
65 55
76 18
65 30
80 68
7 102
8 72
76 85
45 34
7 16
42 69
37 5
67 2
89 69
40 85
56 16
19 23
77 47
76 46
68 27
47 84
52 60
15 64
88 30
23 4
17 5
59 69
43 5
44 57
21 70
65 95
71 67
81 2
24 13
43 85
13 57
42 22
14 2
1 15
6 32
90 7
80 17
41 47
52 32
66 22
8 41
10 69
31 30
78 32
20 16
4 68
59 1
13 49
63 46
17 98
56 79
40 61
58 98
21 31
89 15
19 61
3 95
20 80
33 84
45 71
34 102
67 89
36 40
42 46
60 17
14 70
75 56
36 9
92 38
76 83
44 98
20 79
73 20
64 48
6 77
51 8
69 91
34 70
59 65
53 71
19 23
66 90
77 4
70 4
6 96
82 57
77 3
56 77
27 66
26 75
44 66
38 74
62 17
51 12
34 1
1 17
4 42
33 73
25 23
9 29
64 91
36 96
65 75
62 82
81 37
14 96
46 47
65 14
77 28
67 41
40 24
31 22
71 2
87 73
11 14
36 77
58 75
67 49
47 86
43 14
5 45
22 64
0 101
30 6
52 63
59 46
63 24
54 20
88 44
50 82
10 11
36 22
45 13
18 74
29 71
62 81
58 56
1 72
43 92
66 1
27 101
46 96
68 2
84 12
20 6
14 92
42 80
28 102
58 52
15 72
16 18
8 26
62 56
4 83
2 24
5 33
65 53
45 66
51 94
7 63
13 24
87 68
58 69
79 37
20 96
88 18
43 24
13 21
27 12
53 96
78 101
5 9
88 80
28 32
52 67
84 53
22 72
71 45
16 99
38 40
75 5
76 102
52 73
48 97
38 70
47 39
69 63
57 38
55 41
45 34
17 93
72 54
56 102
21 73
50 6
36 74
75 16
65 47
43 38
9 49
69 29
6 12
16 29
28 98
85 65
6 80
27 41
21 34
79 44
19 67
66 26
85 13
6 19
82 100
18 3
71 25
80 49
88 37
56 41
68 37
32 91
70 56
90 45
22 31
56 68
30 59
81 4
49 44
78 28
58 58
89 36
87 52
7 91
20 45
36 15
78 78
76 38
6 57
3 75
61 50
92 34
82 74
91 82
70 11
13 11
25 57
73 11
51 1
87 62
0 101
67 56
55 3
83 25
40 58
48 17
91 71
11 45
77 73
50 58
81 20
76 47
31 19
23 86
52 46
87 71
86 48
2 92
92 47
76 6
63 93
35 75
68 102
22 83
29 83
21 49
2 102
49 19
81 69
92 53
66 75
36 57
70 55
85 61
25 8
62 38
38 71
4 56
4 97
90 6
13 62
68 96
69 5
20 35
19 88
17 21
9 58
90 74
68 83
54 60
50 1
48 68
89 1
39 100
45 45
43 66
46 28
77 14
86 61
0 56
4 79
65 52
48 12
22 39
19 78
92 75
51 63
8 39
81 69
81 84
23 50
18 13
19 32
31 16
13 52
57 45
26 45
65 90
57 17
61 27
19 58
25 62
40 14
47 10
56 3
52 71
16 45
43 70
5 24
43 63
15 74
40 43
53 46
73 59
17 46
5 58
28 39
42 56
75 6
84 26
61 60
10 78
11 10
0 40
74 51
14 77
83 64
65 88
61 60
54 102
90 49
83 31
64 30
60 64
8 3
5 37
84 32
90 4
61 11
34 12
92 55
11 2
90 98
49 46
3 54
91 92
28 72
39 66
27 30
40 102
72 38
68 101
15 34
50 38
42 15
17 40
48 56
33 63
12 56
24 16
44 17
51 9
73 78
3 26
36 94
62 64
58 51
1 33
26 19
48 28
27 73
21 53
34 15
19 50
78 85
65 23
72 19
41 89
16 50
59 65
16 51
64 62
69 7
71 16
92 51
20 99
50 98
8 67
8 87
59 40
77 36
91 30
76 64
84 102
68 37
4 22
65 69
76 35
49 7
33 46
70 71
91 94
46 70
88 41
36 63
33 87
11 19
62 52
35 85
16 41
48 98
5 49
84 75
10 15
81 30
83 50
33 1
50 87
28 70
15 66
0 77
45 1
44 82
48 77
17 39
64 98
78 51
32 85
29 13
54 75
83 77
2 73
43 30
58 18
71 87
41 11
84 95
6 44
41 59
61 62
3 76
39 84
18 43
17 54
65 29
51 75
89 6
75 82
30 76
0 54
42 98
62 50
18 92
31 79
16 68
14 45
51 0
86 41
1 42
89 8
71 83
60 87
35 66
58 93
23 44
8 32
60 85
76 102
17 70
26 89
36 96
6 60
42 39
13 78
91 69
52 91
48 2
23 98
48 100
0 88
0 1
71 69
10 55
1 30
64 39
80 24
60 50
88 0
63 96
12 15
13 95
74 56
62 42
67 25
81 59
35 90
76 48
4 68
57 77
54 45
24 12
51 39
15 32
10 92
19 49
20 80
82 46
63 7
72 61
68 63
1 70
24 18
89 4
69 60
67 13
85 73
57 75
42 86
5 1
61 7
5 65
58 28
0 13
2 69
73 63
58 32
10 21
53 100
86 6
14 95
87 60
79 29
72 102
56 8
74 82
24 30
79 41
88 30
68 5
77 81
14 94
46 78
72 53
18 33
53 64
62 69
56 81
38 46
90 67
15 68
70 10
34 12
31 18
16 83
76 52
2 32
16 27
61 28
42 47
46 82
77 75
52 68
42 22
67 29
3 66
8 15
4 39
34 17
45 87
35 73
86 54
4 67
35 94
52 91
86 13
33 94
40 94
10 35
44 41
77 14
43 12
23 34
54 17
89 101
35 9
46 57
45 13
66 83
71 91
44 98
14 38
59 98
13 62
90 45
60 51
75 25
48 46
59 54
42 9
32 99
9 20
29 92
36 78
69 21
9 14
59 77
3 78
36 54
6 92
26 39
64 95
11 7
88 45
9 84
54 22
63 49
0 101
66 98
1 35
28 91
6 62
68 84
39 12
79 46
49 47
13 100
51 91
92 95
31 68
18 71
6 93
57 86
48 75
34 79
14 83
76 48
72 26
74 30
9 46
24 17
22 99
14 20
1 79
9 52
60 24
15 42
87 5
89 0
34 95
5 37
60 61
15 37
62 13
74 41
62 98
2 96
17 98
28 62
4 11
37 55
41 9
52 4
52 43
79 67
30 70
13 5
91 87
87 92
28 69
79 40
56 11
72 70
22 78
67 21
89 42
25 8
76 9
71 93
49 45
81 57
7 3
70 46
26 55
57 87
50 34
25 35
55 50
59 71
58 93
58 11
59 58
79 31
64 2
37 101
71 35
50 41
53 89
59 63
13 64
81 45
0 31
9 2
77 86
48 43
3 49
15 58
87 3
54 53
59 82
48 22
47 63
30 30
65 3
31 50
34 86
33 90
56 32
77 74
39 73
87 23
37 77
54 36
71 8
67 81
21 34
88 61
26 21
67 82
12 100
19 78
46 79
39 31
0 25
51 50
37 38
68 98
44 1
76 71
83 59
58 73
36 87
54 68
72 93
12 17
44 34
15 77
66 50
91 81
75 86
88 59
67 20
17 81
49 37
91 72
40 43
70 13
65 51
62 50
19 54
42 62
13 67
70 61
90 95
33 12
82 33
91 88
55 93
10 60
35 83
59 61
38 98
16 63
29 40
67 52
76 97
7 61
73 87
3 39
48 60
40 74
6 44
54 73
53 32
59 61
77 17
75 50
60 94
24 95
57 42
6 65
63 38
16 2
82 2
23 27
39 71
38 80
84 51
86 24
45 45
49 36
52 93
56 33
64 67
72 99
30 59
71 62
38 24
24 0
78 45
3 28
63 42
9 87
75 35
0 2
8 53
17 14
65 15
28 25
20 1
36 5
61 56
85 86
6 80
52 60
30 39
1 90
28 22
38 99
84 72
21 97
67 6
91 93
66 76
21 3
29 7
72 89
50 56
57 16
75 40
45 68
75 1
91 19
46 43
17 93
35 83
11 15
13 28
4 6
18 23
86 21
34 28
8 36
46 46
9 96
4 84
74 36
57 90
17 34
12 61
70 37
55 12
36 95
77 71
46 78
38 101
36 94
42 96
8 94
74 24
55 97
61 22
10 94
68 49
68 30
53 9
63 2
45 22
53 65
47 29
63 62
16 96
42 74
45 4
68 14
12 76
59 73
15 64
4 92
16 67
21 72
9 6
71 39
89 68
11 12
12 38
47 53
51 35
62 11
13 40
30 47
62 55
73 96
85 82
51 20
73 14
13 77
76 59
88 72
61 22
80 85
9 45
49 89
84 85
79 82
28 98
70 67
79 70
3 87
51 4
46 88
12 33
64 93
74 27
15 11
86 28
70 28
89 71
40 84
34 3
36 67
46 12
86 58
22 53
43 77
10 102
66 93
55 0
1 42
6 27
29 83
24 53
54 6
6 101
47 90
70 25
8 10
15 59
27 72
44 70
27 41
82 21
25 42
58 73
1 85
34 59
86 22
46 6
73 13
1 80
51 65
19 57
26 31
56 101
54 96
75 97
58 84
69 8
45 72
17 37
3 7
58 50
43 11
90 22
54 74
45 45
90 43
33 32
49 91
33 1
19 18
86 21
75 2
16 93
61 43
34 80
53 70
79 50
56 72
67 23
41 94
5 20
48 64
60 51
39 28
69 101
81 48
52 99
85 81
25 62
19 97
70 25
23 87
69 12
88 93
0 32
34 12
3 84
2 15
11 68
81 7
36 95
30 30
67 87
50 89
0 4
66 77
20 61
87 96
84 40
52 76
33 67
77 10
30 82
41 59
46 49
54 37
46 101
24 60
42 67
25 15
40 102
49 41
56 74
80 30
44 33
60 25
67 81
12 88
84 9
60 91
40 40
75 65
27 15
25 62
32 59
2 37
8 39
45 99
15 75
73 43
87 92
59 76
53 66
66 49
27 16
31 6
68 72
34 68
43 41
46 90
19 87
37 38
68 95
70 92
33 67
24 34
56 90
31 96
5 46
68 55
77 53
36 19
31 91
78 98
73 22
24 10
54 15
32 23
55 99
6 6
44 58
64 19
32 14
37 71
6 91
11 90
23 73
76 84
6 40
20 18
26 41
5 13
71 32
8 7
17 59
78 5
81 21
48 39
82 44
13 87
19 53
24 102
3 8
2 80
34 11
6 20
67 33
63 59
16 56
73 102
34 81
87 0
54 66
84 92
17 93
77 50
2 79
61 20
57 80
85 24
42 80
87 31
60 34
37 21
63 85
56 78
23 86
65 47
81 72
28 26
64 45
40 76
56 14
0 91
31 55
1 64
31 44
20 27
37 69
9 91
78 22
84 63
76 62
15 13
33 87
61 42
75 38
0 60
5 66
89 63
37 23
74 60
41 51
61 101
2 99
67 67
88 50
48 64
37 86
20 22
6 1
80 66
58 16
66 47
78 71
76 30
39 6
63 58
69 65
70 32
26 47
6 73
49 7
83 83
17 40
92 5
72 68
6 20
35 15
18 80
75 43
64 4
59 51
90 45
89 34
17 93
92 77
74 52
30 5
47 77
82 67
84 65
87 34
40 53
37 27
42 78
46 15
81 12
29 88
85 76
52 19
14 61
56 88
33 89
17 34
14 82
77 1
2 50
79 0
67 87
20 40
30 95
14 3
79 99
83 33
23 19
18 32
6 57
56 84
26 9
48 76
56 50
1 17
65 101
27 50
26 84
64 77
0 53
43 88
49 16
29 80
13 12
0 81
76 9
92 84
46 83
39 95
84 2
11 77
47 71
8 65
85 83
76 13
72 22
3 91
1 17
81 63
53 16
39 50
71 74
77 88
66 101
1 86
39 33
70 28
1 36
22 32
18 83
53 27
37 7
75 29
3 6
25 22
25 84
9 4
27 59
66 93
75 35
47 65
35 67
4 19
87 7
50 81
57 75
24 99
5 38
66 54
18 88
30 61
30 19
9 96
17 33
69 65
19 58
86 76
39 29
13 52
76 98
53 97
74 85
71 36
53 1
77 9
9 90
1 49
11 35
70 95
12 61
27 38
83 86
3 3
29 55
28 6
31 67
19 77
6 21
21 9
54 63
91 76
68 9
31 38
71 64
7 33
17 90
68 3
89 37
60 59
86 85
64 67
60 78
89 84
44 94
43 30
75 45
41 99
24 35
56 88
64 64
18 35
13 20
84 4
17 72
34 8
19 86
87 79
21 32
29 93
15 55
69 35
73 74
80 14
39 98
34 50
28 90
17 23
70 66
75 62
45 83
26 53
44 3
28 44
20 40
13 5
58 85
51 50
37 101
8 75
88 23
54 62
31 79
30 54
67 10
71 85
3 27
10 65
90 86
79 8
33 19
47 79
61 54
31 24
19 63
70 95
64 7
88 62
9 36
82 101
58 18
23 90
18 70
83 1
70 42
10 78
65 78
33 70
65 93
80 48
4 22
54 45
88 80
44 44
24 57
24 55
16 48
22 70
50 10
42 26
65 89
4 61
51 51
11 36
62 76
17 70
50 87
18 3
79 69
38 77
51 25
73 55
92 54
46 44
39 87
8 22
90 33
63 73
65 63
80 36
27 6
71 90
25 18
2 86
32 14
90 86
80 55
59 53
66 50
41 27
17 66
55 94
30 65
27 42
21 92
56 59
90 56
57 32
5 27
18 83
31 102
52 41
72 27
64 8
61 102
48 16
9 35
80 92
67 1
67 95
61 58
55 81
32 51
28 67
20 44
59 29
36 94
60 47
79 32
39 43
40 22
20 72
52 10
19 63
34 39
65 58
72 54
33 77
37 73
57 92
3 25
75 71
18 44
90 70
21 17
20 14
85 100
2 76
36 32
84 80
16 61
68 81
56 61
18 23
13 24
79 43
25 32
43 29
47 8
43 2
69 77
37 6
90 93
7 21
39 74
86 57
29 41
34 15
22 41
64 90
31 54
3 89
44 91
75 7
81 92
83 57
83 91
1 20
33 46
25 13
19 100
53 92
42 65
7 26
12 64
43 72
49 10
19 68
10 58
15 47
0 80
80 83
30 70
6 9
42 72
43 51
18 0
16 43
46 79
79 44
38 29
64 101
46 9
45 74
28 87
34 45
92 102
83 27
18 98
7 0
58 58
2 5
53 89
13 14
20 76
30 30
46 58
32 3
19 59
61 57
68 64
62 84
27 32
39 67
66 99
66 32
65 100
18 84
4 95
35 84
40 28
79 59
3 85
72 21
7 67
20 29
5 61
87 5
54 47
77 99
65 99
71 10
53 13
37 44
58 4
83 44
29 51
36 75
83 9
46 93
36 6
37 58
57 73
77 31
46 9
76 84
55 11
38 35
70 41
85 32
88 8
24 12
45 14
79 66
2 4
48 90
89 12
50 6
64 7
77 13
20 12
36 98
57 42
61 16
31 56
8 18
77 56
9 34
54 38
57 68
80 62
65 18
75 79
14 18
35 53
66 1
79 81
90 4
80 80
60 98
1 67
13 86
57 71
40 42
31 79
10 80
84 26
10 61
44 98
85 79
15 34
59 40
49 17
3 97
9 30
59 94
90 28
65 87
7 89
74 71
26 91
55 1
67 87
26 57
32 57
14 1
73 42
45 78
15 72
34 2
47 38
20 33
77 77
71 20
65 7
13 86
11 98
3 12
19 1
39 19
87 85
8 49
90 81
74 10
14 47
85 38
54 80
69 26
10 31
68 55
48 14
76 60
19 41
91 23
14 68
14 40
42 101
29 10
17 96
16 38
76 34
8 32
86 14
47 60
8 39
29 4
89 98
85 49
68 87
82 2
73 62
14 6
45 21
70 99
89 55
66 34
15 67
16 51
75 82
60 96
20 53
61 20
60 90
50 12
25 96
92 10
90 54
19 54
64 87
3 72
72 82
10 4
57 90
43 65
24 57
55 85
54 2
24 65
90 36
55 32
20 89
89 45
24 79
2 30
25 91
75 73
66 93
44 9
28 57
17 102
39 81
88 72
65 25
76 78
83 29
60 10
18 13
88 11
52 32
57 64
11 33
60 12
89 95
14 89
52 13
65 14
15 49
85 23
55 5
57 64
89 19
17 3
10 46
45 28
35 2
80 43
79 38
48 91
57 15
39 26
51 5
31 70
78 94
92 46
29 80
26 1
58 72
6 66
13 48
78 95
9 61
39 67
35 88
85 0
55 47
39 83
61 10
15 42
9 66
84 72
19 22
11 72
59 22
59 35
29 15
36 55
34 62
91 46
12 34
67 97
67 89
67 94
26 33
49 38
30 91
79 28
20 26
7 22
29 41
22 58
20 14
20 45
56 12
55 57
83 16
8 37
14 101
79 11
24 82
57 102
21 63
89 97
47 56
69 28
28 56
35 84
43 87
58 71
83 82
81 81
64 58
63 72
52 40
20 21
80 0
36 11
13 53
13 31
47 43
36 64
69 84
29 12
55 32
76 28
60 43
73 54
3 72
66 69
49 50
23 38
79 24
40 98
81 20
39 44
80 70
65 24
7 61
8 29
10 97
64 90
24 67
80 68
16 77
8 17
66 96
53 22
45 79
56 23
83 2
30 8
55 11
7 22
39 63
20 73
22 1
56 102
10 78
64 97
53 5
48 69
67 83
40 0
62 37
14 8
86 55
7 64
31 3
26 13
52 87
20 79
70 86
48 95
35 92
40 83
86 13
61 44
88 56
25 19
9 4
32 10
47 84
89 1
2 75
85 65
80 86
68 62
45 20
32 75
44 5
12 39
89 23
14 51
12 66
42 96
19 102
5 98
58 57
60 96
78 38
83 58
36 84
42 0
3 73
4 23
74 13
19 39
52 83
47 49
45 96
69 49
18 17
47 92
84 68
7 7
61 94
26 66
33 69
47 82
36 84
85 91
69 71
52 92
42 67
80 86
25 50
42 91
51 58
3 13
68 76
16 60
73 35
6 35
92 70
62 41
81 4
16 12
77 67
12 100
10 28
88 7
16 102
76 17
64 79
34 45
60 84
86 72
84 1
38 4
41 10
72 7
90 88
66 57
46 4
73 45
3 57
10 32
33 50
90 21
86 58
73 48
16 65
53 97
50 42
26 6
26 100
82 10
20 92
11 34
8 54
22 81
92 15
76 101
70 84
13 3
77 92
29 65
33 97
0 20
53 100
70 80
86 47
25 18
6 87
37 72
48 93
26 72
10 33
77 26
80 12
85 45
65 61
10 16
17 35
63 98
70 49
68 43
47 20
92 21
3 64
28 38
25 97
60 80
49 75
66 13
68 60
1 16
64 87
22 55
69 75
88 53
51 68
48 28
9 29
63 54
80 28
12 83
91 69
79 72
87 85
41 0
88 62
89 45
44 39
74 76
85 67
84 22
32 99
58 61
66 14
43 15
11 102
42 72
78 87
1 75
87 86
42 7
82 82
37 30
33 48
69 49
18 33
10 35
19 27
45 4
56 34
73 61
58 20
30 37
15 65
40 76
76 40
15 29
87 2
87 82
69 97
80 29
92 26
20 53
3 90
20 47
42 23
51 100
87 19
12 52
12 53
30 92
8 11
3 37
45 26
64 78
82 15
52 41
12 7
48 39
27 33
48 5
25 8
78 55
64 48
62 34
25 40
0 61
1 76
50 15
77 83
24 102
34 80
53 93
38 81
78 93
82 67
71 29
40 58
22 19
85 49
68 65
34 59
15 62
80 63
23 17
54 79
89 61
81 59
78 14
38 50
12 42
14 9
84 9
19 12
61 35
30 34
39 45
37 18
72 51
82 94
60 29
8 83
63 1
48 5
48 90
58 16
89 99
30 64
45 68
47 49
48 100
16 56
25 51
74 68
82 75
88 59
56 75
31 62
50 1
4 79
86 1
13 36
72 48
6 41
43 8
20 56
21 15
7 92
83 87
72 91
24 56
92 95
29 79
70 52
34 90
68 25
1 42
2 29
3 83
85 56
62 63
59 47
15 82
7 83
5 12
10 46
65 24
0 5
22 75
0 42
82 40
33 36
51 36
68 0
22 55
87 9
42 50
29 67
49 32
86 6
52 83
45 45
52 102
69 100
52 47
7 1
83 62
83 95
70 0
55 88
22 31
50 4
56 75
51 42
12 42
16 7
10 14
0 98
55 50
10 16
51 98
74 31
45 25
90 102
34 61
38 8
3 27
31 25
68 26
12 35
1 61
84 8
32 56
5 80
45 28
15 76
3 36
1 16
78 85
26 70
17 62
62 26
57 52
5 40
79 52
51 60
37 16
89 53
33 23
71 97
41 5
22 26
25 53
78 60
3 102
57 7
5 7
69 94
34 6
51 97
23 25
51 75
78 15
92 75
83 3
14 7
56 30
81 85
22 76
6 68
23 98
85 50
49 94
12 68
15 77
67 87
34 35
59 48
78 35
53 34
8 100
61 102
80 24
73 92
14 20
53 23
77 0
78 21
88 97
4 99
72 56
41 56
46 26
53 92
3 102
59 19
10 81
68 24
73 70
61 90
68 87
84 24
47 102
58 45
87 35
26 97
31 35
42 48
44 52
80 40
12 34
21 47
64 56
9 96
28 73
45 32
11 42
75 89
52 101
92 31
33 28
74 66
22 17
85 77
92 60
41 92
49 59
29 17
54 84
67 77
74 69
13 42
15 74
1 90
34 2
67 52
90 101
55 74
55 66
65 76
64 94
86 79
41 95
25 53
20 11
86 1
42 4
70 46
22 94
57 73
67 73
48 60
45 61
47 46
39 71
73 59
6 32
20 43
13 32
39 53
33 84
22 64
67 89
79 32
92 19
57 88
37 9
92 71
13 78
65 60
80 73
60 80
77 37
7 26
30 91
29 82
18 55
27 6
87 15
82 25
82 38
44 18
47 57
51 50
42 86
8 67
91 86
89 37
62 22
62 17
3 58
65 81
29 87
43 68
64 55
83 89
18 30
23 19
51 58
12 72
18 6
89 9
9 61
78 102
33 6
73 23
26 43
84 97
47 33
19 12
79 62
20 81
74 19
76 38
13 29
1 75
43 8
16 35
54 88
59 72
81 76
53 55
82 14
88 5
17 4
18 16
76 100
28 70
57 22
39 100
4 46
48 75
26 96
85 92
69 92
62 25
80 64
64 78
59 39
48 72
79 10
6 3
84 95
47 46
92 36
44 87
65 67
34 36
45 49
81 39
4 44
69 80
66 3
77 49
21 2
46 73
49 61
35 0
38 67
32 70
66 99
64 22
1 28
8 38
20 57
50 70
69 13
6 85
92 23
7 21
83 97
51 51
60 82
17 10
59 77
41 71
27 25
62 60
52 5
72 87
18 18
59 70
42 62
51 60
63 45
85 18
31 16
0 26
9 2
8 0
91 51
52 64
57 17
32 2
61 53
11 38
53 20
6 59
90 71
60 22
44 68
18 85
64 74
58 49
8 75
30 20
68 94
80 99
68 3
25 55
86 93
26 15
24 78
55 5
23 45
66 4
44 70
46 79
40 88
55 81
85 44
73 68
84 49
58 39
70 97
49 11
41 23
73 89
92 21
45 98
26 74
48 71
15 61
80 58
79 29
20 66
39 77
32 67
84 25
64 83
60 26
64 34
90 39
72 51
15 32
3 77
14 19
59 36
30 67
81 68
39 73
4 98
83 14
4 32
47 62
6 100
84 1
71 32
21 37
27 65
63 50
50 98
59 62
71 90
2 50
68 80
21 79
29 21
66 59
33 72
88 15
70 62
42 61
15 46
22 73
25 4
21 26
58 87
13 78
63 63
11 50
41 97
85 11
61 66
70 9
38 91
28 33
63 51
5 67
69 61
26 88
82 57
1 50
49 5
45 41
43 72
7 79
34 15
44 52
26 99
62 28
43 85
86 22
78 1
74 58
2 3
21 1
40 66
41 29
90 45
63 56
50 82
39 55
44 2
60 0
87 96
35 13
79 49
43 9
45 18
8 49
39 56
19 34
1 6
83 87
61 32
44 62
59 66
47 73
89 58
21 12
41 53
1 17
37 31
9 94
10 14
68 81
19 98
53 22
77 48
40 94
48 54
81 60
66 13
34 41
34 44
58 46
70 85
28 55
88 32
11 53
47 45
67 26
19 2
14 7
30 44
57 69
67 22
75 33
34 46
90 76
83 23
56 48
7 74
60 70
68 36
8 52
55 66
28 69
77 59
27 6
17 23
25 30
26 71
85 54
5 29
21 73
8 2
56 82
58 24
56 68
35 101
16 60
18 91
36 54
75 65
65 15
73 7
15 61
11 7
49 71
90 102
5 91
25 57
65 45
60 22
63 3
23 31
74 22
42 50
21 1
45 81
79 30
43 85
17 9
41 12
78 52
20 46
28 49
1 68
35 28
15 24
65 96
77 59
72 89
82 64
11 56
55 97
77 5
61 90
58 20
32 62
43 98
80 18
15 92
54 38
25 44
82 94
26 94
73 44
77 54
20 7
44 100
23 72
20 81
63 88
41 85
90 25
19 95
10 72
56 69
27 84
36 13
61 49
36 9
59 16
10 94
5 43
91 85
79 42
6 39
24 15
9 10
76 11
61 24
44 84
45 56
13 84
19 12
72 15
18 0
17 23
55 51
62 16
8 61
7 40
5 36
5 94
74 59
32 56
63 46
21 59
68 49
87 35
74 0
16 46
19 99
92 74
65 24
59 37
42 51
47 8
28 12
65 27
51 60
65 49
58 47
64 60
35 53
15 19
53 43
43 94
84 90
78 52
66 96
55 37
36 17
80 51
11 80
72 42
91 57
66 66
64 68
60 87
82 8
23 4
52 2
16 23
39 97
19 55
17 1
40 16
73 14
19 77
5 93
12 90
66 16
78 58
43 46
65 68
38 51
22 3
72 14
43 2
12 56
1 83
66 44
32 0
86 58
3 4
92 97
25 84
16 9
78 23
24 4
36 3
58 93
35 44
91 21
18 57
21 91
53 13
5 42
58 18
0 68
81 13
46 74
28 70
37 52
43 95
51 43
2 86
26 47
57 10
8 7
59 72
42 100
35 50
88 44
92 0
53 56
8 33
86 79
21 92
83 15
63 102
45 87
37 7
2 23
40 53
89 7
27 69
92 92
52 56
25 77
56 11
2 83
54 26
71 36
34 5
67 64
33 21
16 18
81 30
53 44
91 15
4 88
51 28
29 89
34 101
91 6
79 8
56 81
80 20
53 16
33 90
40 49
17 5
70 49
13 65
27 37
58 79
5 65
30 17
1 94
77 68
55 6
33 0
25 82
69 27
73 34
84 44
24 73
90 20
63 102
21 32
17 100
27 11
59 6
41 60
33 44
31 81
50 64
45 73
71 7
41 92
77 40
71 3
90 17
36 49
82 70
91 16
86 51
52 81
42 100
65 43
16 60
47 62
60 72
43 17
71 55
82 89
22 91
68 62
76 26
71 43
8 20
32 68
63 71
20 82
75 48
46 74
91 33
63 49
82 28
43 36
78 25
6 34
78 30
89 82
45 2
14 0
23 68
28 65
19 23
37 9
11 6
81 26
34 67
0 87
72 4
5 15
34 56
49 70
52 91
89 10
85 34
78 56
78 68
90 86
19 73
28 88
68 12
11 43
68 30
57 6
26 5
19 40
17 10
85 37
47 32
28 88
91 75
44 18
9 13
69 13
87 58
84 48
2 6
91 28
43 0
22 71
37 72
3 72
69 77
44 59
14 94
9 28
84 79
44 97
36 62
42 94
88 65
46 12
65 71
21 52
19 91
8 52
5 51
46 88
84 1
11 28
28 24
22 84
51 40
14 47
48 80
51 66
68 97
52 83
88 22
13 10
22 62
90 33
89 63
33 6
45 66
41 26
82 7
54 85
55 47
48 73
53 99
68 96
76 60
73 102
39 25
15 81
34 39
58 56
48 61
30 13
19 69
53 96
48 63
58 17
67 87
17 40
45 64
19 93
78 56
54 101
17 14
65 102
41 66
30 70
72 49
48 21
73 76
77 5
68 38
2 4
15 30
34 43
17 71
10 66
86 40
74 43
83 76
59 98
34 96
27 52
82 66
79 87
2 14
63 76
85 99
42 68
82 81
66 80
9 18
44 2
38 73
2 98
38 66
22 53
22 86
5 71
34 93
23 43
1 3
15 77
15 1
7 30
27 78
25 84
43 85
27 70
46 75
67 60
71 23
6 16
8 87
22 8
46 82
91 60
32 52
77 78
5 26
62 65
6 96
82 18
53 69
17 96
85 55
53 64
84 24
32 77
63 58
27 62
90 69
65 21
64 79
22 4
64 53
66 76
55 96
92 38
24 15
55 52
32 100
44 2
65 84
40 96
84 34
30 70
26 85
86 74
48 41
40 97
27 61
86 2
26 55
38 29
19 99
24 90
70 46
19 80
41 37
52 72
49 97
31 44
59 84
62 58
56 19
72 76
21 87
15 45
20 73
24 19
58 74
53 61
84 60
7 69
23 96
85 35
27 69
92 59
89 53
18 12
83 71
4 28
48 35
51 11
8 5
4 61
13 10
29 46
34 54
2 97
55 22
40 41
12 36
25 30
59 63
84 3
62 17
6 71
74 47
90 72
2 13
59 64
68 96
47 66
83 25
39 93
47 18
90 23
49 95
80 31
7 52
11 60
39 83
55 33
36 86
18 102
65 37
60 68
39 37
25 64
33 39
84 72
92 76
41 74
18 28
65 28
86 39
69 91
69 18
8 43
89 72
61 24
85 30
31 20
19 15
55 94
0 5
55 54
14 0
87 73
40 33
59 54
91 25
83 30
84 23
71 31
60 98
13 47
73 97
43 5
11 91
57 89
15 28
29 45
42 75
43 40
15 88
80 70
12 27
41 72
73 83
37 28
71 67
39 32
85 89
67 96
23 39
3 12
27 18
83 59
8 97
35 32
44 10
47 68
47 92
78 82
34 79
2 54
11 90
13 90
31 75
76 72
67 60
14 14
61 39
10 67
36 83
87 19
70 60
38 95
77 93
10 48
67 4
51 55
51 95
28 70
77 92
14 28
89 57
51 4
14 38
21 86
52 1
64 46
32 80
82 40
13 67
43 54
38 75
74 5
42 73
14 89
60 21
73 83
80 55
52 14
1 57
23 40
60 10
11 42
46 6
24 75
11 61
23 71
80 60
69 82
79 22
58 24
3 87
40 50
23 4
76 22
3 81
79 1
43 78
81 101
44 89
60 69
29 12
18 89
90 34
56 81
31 31
4 73
86 14
47 26
31 84
37 17
7 85
0 3
71 70
59 52
5 53
13 77
13 77
76 54
29 16
45 33
17 73
76 89
32 3
9 70
10 94
54 30
59 100
17 42
63 4
13 30
40 56
49 2
7 97
77 6
13 59
89 37
32 79
5 72
91 60
50 53
18 99
91 10
8 3
0 35
51 66
41 32
11 67
2 70
86 28
62 18
44 85
53 23
88 25
29 14
10 27
1 88
56 29
79 44
10 46
59 18
7 81
34 78
12 88
39 13
72 85
10 21
49 82
85 37
1 49
64 73
27 17
40 57
8 30
36 80
33 0
64 76
47 9
25 55
67 10
69 34
45 84
54 22
20 30
35 100
82 44
17 18
7 93
74 76
23 10
51 68
9 87
32 65
0 7
44 21
19 79
19 77
49 16
90 22
15 17
55 19
63 55
57 90
5 26
14 50
87 101
92 17
82 44
76 28
17 70
33 75
10 28
23 41
75 51
73 43
31 74
7 70
23 11
12 59
64 52
45 95
16 65
56 101
69 35
70 97
87 48
32 85
33 100
22 52
64 55
20 47
73 36
49 73
1 86
42 66
7 76
50 18
52 9
3 66
32 10
71 88
71 35
10 69
67 79
74 16
55 33
53 32
64 50
25 62
49 43
92 9
74 23
40 53
55 72
8 31
41 22
58 14
11 73
68 61
57 9
20 69
70 31
22 31
86 81
26 10
39 27
64 51
83 73
36 43
26 100
63 35
19 80
18 45
26 81
77 59
51 10
10 81
86 31
56 40
5 64
86 72
30 0
27 27
66 72
19 8
55 42
13 41
85 11
8 40
56 35
39 45
9 42
55 20
46 7
41 79
2 89
13 15
65 24
67 48
41 58
65 88
26 84
53 6
18 65
48 36
7 95
3 48
43 44
22 93
83 69
91 56
61 17
69 52
35 94
55 25
62 22
14 8
39 88
30 64
10 81
69 0
36 13
18 67
32 57
67 48
65 9
5 13
56 44
47 98
81 65
3 20
45 77
54 22
42 74
18 78
28 54
34 49
62 88
7 16
47 81
62 37
56 98
2 101
64 79
6 11
75 30
5 17
73 95
57 5
33 92
78 23
53 81
20 29
87 45
81 36
34 50
22 13
46 8
77 98
61 37
34 57
46 33
42 56
19 97
7 54
6 51
81 17
21 69
21 97
2 69
70 4
15 44
64 67
49 19
70 59
74 85
68 80
21 23
69 29
13 22
72 27
68 6
29 57
72 37
30 33
78 75
5 12
58 102
17 17
51 19
85 14
19 17
24 50
29 2
85 49
38 10
0 93
46 35
61 1
75 76
17 60
57 81
63 25
88 66
69 68
60 5
44 84
59 82
73 51
10 102
57 11
46 38
61 94
7 102
70 58
34 51
43 2
40 23
2 75
12 56
9 44
37 60
22 31
25 102
7 74
31 36
57 29
14 36
24 1
83 28
57 85
4 80
52 51
40 64
7 70
10 46
19 56
74 13
47 5
89 33
83 40
36 15
6 51
58 61
3 93
71 100
23 22
37 17
64 68
43 14
42 34
5 102
80 30
51 99
36 60
16 94
20 23
11 6
38 0
16 84
15 58
0 86
41 11
43 29
30 83
77 102
82 55
65 21
71 41
68 71
28 47
16 76
52 85
68 79
85 22
86 71
89 84
43 61
67 2
25 64
36 94
85 66
54 42
82 29
23 38
54 57
81 18
3 97
73 29
26 62
23 20
46 66
12 39
15 81
88 95
80 61
58 92
81 32
21 94
10 57
41 9
55 32
77 49
18 94
78 63
66 69
14 80
1 86
16 27
23 42
21 18
30 6
11 44
9 55
81 15
71 95
50 40
92 20
18 3
18 2
41 73
82 90
67 79
22 10
79 2
36 39
81 16
26 93
75 99
65 53
41 95
45 74
64 92
32 43
50 41
59 43
20 37
84 32
92 45
56 83
7 22
23 63
28 85
78 57
20 45
18 11
39 14
54 37
58 32
91 51
12 43
74 88
90 34
4 81
77 85
48 33
82 38
31 53
64 65
43 45
28 37
27 10
49 49
15 65
46 56
70 13
54 28
35 39
87 40
81 82
14 10
56 82
82 21
25 6
92 53
56 91
92 45
80 68
1 46
36 32
21 66
81 70
25 96
5 14
90 49
74 31
45 71
20 60
61 47
3 68
74 37
65 54
87 95
24 16
35 41
12 84
16 65
2 8
18 40
14 2
1 60
78 15
24 55
84 65
3 10
88 22
50 27
49 29
10 47
21 80
39 40
77 53
67 55
68 50
63 52
65 23
33 80
8 41
30 26
18 39
77 10
56 10
68 20
3 7
87 63
24 77
72 72
3 64
8 30
29 14
31 32
30 96
79 75
61 56
41 31
91 21
54 52
62 69
12 52
66 10
54 82
80 93
86 95
22 77
87 49
17 96
23 22
50 102
68 28
47 78
8 50
1 87
17 19
4 88
75 62
69 24
33 64
34 46
74 11
29 92
55 79
13 32
3 5
56 30
85 69
62 28
74 30
10 15
66 23
4 21
62 77
91 28
54 40
20 90
20 97
73 44
22 81
24 4
86 25
50 37
59 26
49 0
34 18
11 26
35 19
9 4
68 56
9 61
34 26
0 9
26 18
28 36
78 84
58 63
32 78
29 18
19 99
16 93
86 26
23 66
16 48
14 17
81 18
27 9
61 19
4 41
87 68
33 71
29 3
18 56
20 77
42 19
64 14
27 46
1 5
91 30
56 97
74 56
16 80
50 75
29 52
38 46
50 41
22 45
54 37
7 99
47 57
71 13
83 19
39 36
70 42
67 18
80 72
89 89
27 13
81 86
54 17
20 92
61 18
82 52
88 8
41 34
68 83
50 68
37 94
6 70
71 66
85 50
49 93
61 65
3 26
71 21
21 8
75 37
13 45
79 8
66 71
54 64
92 83
33 44
28 14
12 32
89 23
26 18
38 4
88 42
65 87
87 45
88 86
45 39
44 14
30 53
87 39
82 96
40 67
88 19
57 4
18 50
40 29
23 40
44 71
49 12
5 13
14 69
40 35
41 19
71 46
88 35
51 42
68 55
5 59
44 61
46 61
90 48
6 77
83 79
40 70
6 6
5 22
10 73
12 68
86 3
9 88
13 73
40 51
83 77
40 21
71 16
56 35
57 8
54 50
21 58
92 41
61 67
56 3
41 4
74 84
8 29
56 42
61 91
12 66
90 101
13 55
60 9
14 12
32 28
53 70
37 18
1 58
65 91
79 83
41 88
39 22
19 98
46 10
79 51
87 81
19 90
19 7
84 49
64 3
39 82
2 63
86 27
33 78
39 8
87 25
9 17
7 102
13 8
40 51
89 99
19 41
50 34
63 10
76 31
42 61
88 42
3 59
8 60
39 30
4 41
45 70
45 28
11 59
81 67
51 87
72 22
86 19
5 56
59 67
63 15
41 49
26 50
15 72
40 65
68 14
49 41
22 91
6 56
18 98
63 37
63 43
69 32
8 90
84 98
16 34
67 37
60 101
88 92
15 98
87 64
86 75
7 58
30 40
1 47
59 58
37 40
68 8
58 77
65 54
33 87
86 53
46 90
30 10
32 48
62 82
55 4
31 24
1 94
67 80
26 30
85 69
16 32
22 22
92 75
43 74
85 20
36 42
24 8
73 12
81 40
54 3
58 19
52 70
16 12
84 15
92 14
23 59
88 4
31 95
92 53
4 4
1 43
43 24
6 66
29 68
59 6
40 31
36 25
45 42
3 76
29 65
59 91
0 50
14 27
60 67
27 98
58 53
30 70
79 72
56 42
33 17
62 3
10 74
12 97
53 57
62 73
85 33
89 30
25 29
26 21
58 53
71 68
65 75
25 69
9 9
48 18
66 18
91 91
32 84
4 83
4 14
59 53
12 8
13 49
84 19
25 16
63 65
38 81
29 102
46 52
37 96
10 58
81 89
65 61
29 56
74 58
8 25
67 26
8 76
51 57
34 85
21 46
91 13
90 95
42 66
25 37
59 63
36 50
49 76
80 4
43 5
76 74
75 68
57 95
72 46
91 91
80 18
29 20
40 36
40 59
30 4
35 56
77 52
12 1
54 14
49 82
91 101
40 23
27 43
28 25
60 101
61 52
12 32
57 19
33 59
88 47
57 14
55 79
52 69
18 34
33 96
63 96
51 92
83 43
58 68
81 18
24 94
68 64
67 43
89 98
62 48
44 41
58 56
9 47
31 4
34 73
31 30
43 13
4 95
20 35
11 82
8 75
89 41
33 26
54 5
15 100
43 59
37 62
47 11
92 19
15 23
82 61
56 56
72 10
61 17
34 3
12 33
12 99
45 46
24 11
78 69
51 54
61 26
46 22
78 13
85 28
60 78
15 39
71 97
88 9
6 57
3 50
59 56
68 85
8 86
61 79
16 2
56 68
79 92
64 102
79 84
38 15
28 70
17 42
23 94
24 67
55 49
61 37
88 80
89 99
57 63
90 43
86 72
61 0
89 95
8 2
47 20
43 33
50 10
76 93
1 46
67 47
54 51
28 78
80 32
8 0
74 49
52 28
37 7
50 100
0 37
56 76
74 64
4 100
69 8
82 4
53 17
61 101
6 16
4 63
56 76
52 57
3 37
81 26
74 35
16 24
91 68
21 71
72 18
77 70
22 9
45 59
17 55
44 39
87 48
70 27
54 85
7 86
62 69
91 57
51 16
8 79
12 18
58 32
6 68
9 99
21 4
63 10
15 28
81 63
24 1
22 18
53 97
52 69
12 67
86 85
21 70
70 29
86 67
13 48
57 8
92 24
5 93
26 63
40 20
37 97
53 35
24 30
48 18
11 35
54 99
37 17
4 11
36 7
20 97
46 37
91 20
79 30
26 2
78 91
10 91
65 7
35 59
9 47
83 49
10 26
24 84
29 33
60 101
3 33
10 9
87 30
55 88
13 26
8 34
74 99
64 42
79 36
4 40
31 8
22 57
90 61
84 20
64 94
79 26
12 82
4 77
52 48
50 13
32 51
55 14
59 1
80 64
37 51
81 38
10 30
9 46
15 63
26 10
58 97
1 46
68 9
14 2
62 30
54 11
10 97
50 97
64 1
16 25
62 13
59 94
25 101
48 40
2 24
56 44
84 19
92 20
9 26
19 78
23 69
63 47
78 6
29 69
91 83
8 55
40 69
22 41
54 99
24 94
63 80
9 37
24 31
37 41
24 16
31 70
89 4
72 70
50 84
8 71
67 33
72 43
54 11
64 102
16 81
17 37
83 31
45 5
64 61
79 73
62 7
87 75
75 33
28 8
86 16
34 69
75 67
66 87
26 38
38 17
52 46
66 79
47 45
58 77
75 66
11 19
39 22
17 84
63 54
38 80
24 29
27 64
33 98
21 72
86 17
61 92
79 61
44 78
33 84
8 35
30 87
38 1
35 92
75 14
65 10
71 70
84 21
52 67
77 58
90 40
61 56
84 1
65 78
64 16
2 9
68 90
85 15
11 97
26 31
80 48
9 96
52 76
32 20
28 28
33 2
84 4
89 29
33 69
88 93
90 40
17 36
56 59
31 77
40 75
50 40
69 39
40 63
49 12
72 53
15 81
11 9
0 51
10 25
44 97
73 71
21 37
83 88
45 10
69 75
76 99
17 55
4 14
67 95
33 14
68 29
39 39
36 22
12 34
54 86
27 46
63 75
28 41
48 71
29 65
71 101
92 36
24 24
5 24
76 18
60 0
16 18
49 46
26 71
70 72
82 72
32 35
34 91
2 22
91 94
18 36
84 70
69 50
65 71
18 72
40 28
57 44
58 87
58 38
54 72
70 20
2 94
56 82
54 32
55 14
49 42
67 68
16 91
26 54
28 47
35 48
39 17
12 48
49 87
46 51
32 65
32 102
40 98
83 81
8 12
48 68
56 71
54 9
56 45
53 38
46 77
26 3
79 8
78 90
70 89
43 78
2 35
83 13
17 22
44 34
68 48
59 33
56 87
90 96
53 48
56 84
53 16
9 1
71 33
81 95
69 102
43 72
79 93
22 54
91 42
36 30
39 30
70 50
51 52
48 64
71 9
67 46
33 75
20 29
30 73
52 85
88 81
86 56
57 59
18 4
14 20
1 93
59 35
11 90
17 93
29 61
75 62
35 101
13 41
3 17
53 6
70 98
7 88
32 23
40 20
78 70
22 82
50 51
28 43
82 48
61 16
53 47
70 62
91 62
48 45
14 65
49 52
12 22
59 10
30 101
48 27
44 54
85 59
2 93
23 42
52 30
92 48
24 100
42 2
1 56
54 83
85 37
40 60
6 99
43 51
89 85
50 26
59 21
22 69
26 50
26 7
44 64
6 33
76 5
33 101
76 70
23 22
79 20
22 91
88 45
65 18
83 2
42 28
42 63
29 38
7 84
31 18
10 28
68 0
73 98
75 4
46 48
42 95
40 48
58 86
10 33
63 15
81 0
21 22
7 26
4 93
45 16
63 17
32 10
38 24
35 31
9 100
55 68
73 35
53 81
23 54
41 92
15 51
87 43
69 10
1 55
57 71
92 55
53 38
10 102
18 21
51 82
15 76
51 28
13 7
87 55
78 17
53 60
51 83
39 15
32 47
30 65
44 10
75 19
68 22
76 34
17 81
29 67
11 9
89 19
69 49
16 7
52 63
48 54
6 87
2 61
40 89
80 51
31 87
22 75
61 91
52 67
29 99
36 31
36 57
73 31
29 94
47 70
13 29
58 30
12 3
42 62
19 71
90 52
13 63
67 90
2 25
67 11
41 17
45 0
57 17
1 11
71 59
92 87
3 10
49 51
91 10
45 81
39 81
67 0
59 65
17 24
65 84
33 80
15 86
31 78
39 25
63 16
41 82
35 80
12 84
8 12
82 51
28 45
79 57
92 25
72 83
17 93
1 84
45 88
52 98
61 84
34 28
86 90
29 24
10 79
85 80
64 1
44 100
52 44
53 13
0 94
91 90
14 0
18 2
71 24
81 1
77 24
55 41
29 93
61 65
43 98
81 67
69 2
55 34
88 60
1 12
88 33
26 19
52 75
77 66
30 90
69 66
1 92
30 74
33 52
31 97
27 12
20 16
12 29
29 35
82 53
22 85
62 41
78 85
75 21
73 38
30 59
17 47
63 48
60 73
24 13
22 13
7 7
7 80
14 76
87 4
24 79
75 26
14 5
70 8
4 56
54 98
15 29
82 62
72 25
86 77
68 26
28 15
88 37
28 72
46 90
80 48
86 69
62 32
30 43
77 98
63 27
0 101
13 91
89 8
71 78
91 42
45 56
27 82
41 83
2 91
78 63
35 33
77 63
34 24
11 57
8 50
22 88
23 73
88 20
74 68
53 28
54 44
3 101
19 87
20 65
91 93
53 80
26 5
40 44
0 55
58 95
66 21
88 68
16 30
77 59
32 21
53 8
18 74
43 66
57 35
29 24
42 14
51 82
35 42
28 88
69 16
41 49
27 97
24 9
22 8
53 62
53 46
78 98
3 94
90 48
82 91
20 95
52 41
21 13
69 13
21 2
82 7
70 51
41 3
54 19
56 82
18 30
12 66
20 91
75 85
69 48
14 72
24 54
79 70
91 43
40 90
35 100
19 42
36 51
71 38
72 11
47 77
4 65
23 79
44 31
19 97
27 50
13 49
48 0
91 29
84 97
65 100
30 62
83 96
16 44
64 87
38 32
54 16
91 78
40 31
9 16
42 30
4 62
32 92
64 71
87 24
33 17
92 60
23 95
73 25
87 50
61 8
65 67
61 63
36 89
22 61
30 57
13 45
10 2
55 73
36 40
63 50
47 97
10 32
1 4
38 11
72 50
20 87
68 6
66 94
29 0
68 37
30 94
26 17
29 58
41 99
77 71
75 56
74 81
72 44
49 73
25 92
13 5
0 25
8 45
38 66
11 22
28 28
89 45
13 4
79 78
4 51
58 61
74 20
79 23
36 101
22 19
46 72
69 96
5 52
85 95
86 14
6 25
51 73
29 101
47 101
83 71
35 101
10 100
66 40
78 84
41 96
54 25
78 41
15 52
79 11
69 58
39 4
37 46
42 78
55 54
22 1
40 60
40 93
22 53
35 38
51 91
52 37
61 62
65 21
83 47
63 80
91 54
68 54
8 9
77 62
79 26
3 84
89 77
22 19
71 99
39 32
0 48
16 30
37 83
78 49
57 91
2 69
54 5
1 58
20 70
41 23
22 26
10 13
10 26
22 69
6 35
43 61
68 27
12 100
67 15
5 78
24 93
42 20
80 75
50 73
54 38
90 75
28 41
34 1
50 54
41 54
84 71
46 98
2 96
41 77
55 69
66 68
14 71
62 47
27 36
57 1
72 37
47 73
19 74
61 3
45 21
31 47
70 8
9 102
91 82
75 17
89 47
5 12
17 12
77 14
29 36
84 97
57 83
59 57
89 72
24 95
47 48
52 13
32 32
90 31
70 12
25 8
14 86
77 7
3 52
76 51
36 48
73 6
80 98
72 33
92 42
2 19
10 31
90 73
8 98
84 30
72 69
12 4
27 99
39 19
20 64
58 47
62 80
26 6
43 102
55 0
28 27
73 98
27 79
34 31
58 3
28 30
64 74
71 60
81 54
75 24
15 45
39 22
68 71
31 83
59 35
75 78
18 68
52 91
68 65
19 30
19 77
56 59
77 12
31 61
71 10
37 89
52 102
44 12
19 64
67 37
36 12
1 58
86 62
86 15
19 65
87 34
39 60
72 47
0 63
82 44
65 66
17 54
3 84
32 10
40 0
13 89
68 59
56 22
92 6
18 65
72 32
55 53
51 1
47 72
54 49
10 37
22 83
9 59
22 48
55 35
38 59
84 92
39 89
92 2
8 3
57 28
16 26
34 67
40 11
30 87
29 24
69 95
6 84
20 90
1 62
33 90
4 53
54 24
32 22
73 28
9 82
16 75
78 76
52 73
56 38
18 49
12 41
21 4
18 62
79 68
89 40
39 7
78 75
70 85
65 101
50 49
82 92
58 18
82 16
50 68
71 67
10 89
64 54
63 88
24 63
37 63
60 44
13 45
38 74
59 46
48 46
79 70
38 85
59 44
56 76
48 5
85 44
74 63
0 70
34 54
52 99
7 74
27 102
81 81
27 58
45 3
16 13
4 36
74 13
49 11
24 17
26 81
11 47
38 65
89 51
60 89
25 87
74 83
74 44
24 27
70 86
35 83
39 12
80 99
49 9
29 51
89 91
35 16
65 31
57 75
53 37
18 93
71 29
31 77
56 90
1 77
24 76
7 61
78 21
26 85
38 26
68 47
85 4
15 32
29 22
18 93
48 40
10 28
82 82
29 9
41 89
13 74
35 59
85 66
85 46
74 99
58 96
46 97
71 3
78 1
3 97
67 88
67 0
48 25
37 99
68 48
88 35
60 84
82 14
91 3
9 1
92 45
53 4
31 92
8 39
69 43
76 85
64 0
24 33
46 9
49 36
26 64
8 55
28 11
27 93
22 46
28 62
75 93
4 37
52 53
24 57
50 94
48 11
46 101
61 28
54 13
39 20
69 62
14 32
4 74
49 35
3 2
26 7
38 85
74 83
58 47
23 75
26 47
45 99
83 92
65 13
17 99
56 58
33 59
41 66
41 28
30 60
5 76
27 84
47 26
54 47
59 96
20 37
60 49
32 100
71 55
29 28
57 60
28 48
69 73
76 21
1 92
31 14
84 64
24 15
8 4
75 90
29 21
7 11
5 3
70 75
50 65
10 100
17 27
82 16
58 71
64 80
8 89
12 39
4 43
29 57
36 31
79 6
46 70
80 9
35 102
30 10
88 48
31 49
62 19
92 53
75 35
47 1
89 4
55 85
27 62
4 50
1 73
21 40
45 63
41 68
27 101
63 36
18 27
82 71
46 102
19 20
60 101
14 67
10 52
89 40
87 2
18 47
85 23
2 35
56 30
17 102
29 92
74 34
78 0
47 8
66 55
34 82
82 72
40 75
40 59
39 75
0 13
5 18
89 74
8 8
6 56
24 45
45 40
2 6
38 54
73 43
70 26
35 34
80 14
75 26
51 35
35 76
22 64
86 24
3 2
1 30
34 69
33 11
51 8
33 1
32 25
86 62
72 34
41 41
61 20
48 55
35 82
54 27
35 62
7 61
7 4
92 73
35 93
35 53
34 76
38 50
59 86
35 63
27 53
70 97
1 64
72 8
70 29
43 22
39 61
36 23
74 53
51 47
21 97
7 42
68 28
32 65
62 83
76 67
17 30
79 38
18 51
11 5
32 23
49 56
74 41
0 95
57 55
11 7
27 65
59 54
31 39
28 20
13 33
36 78
18 71
17 91
31 12
3 39
64 39
3 42
0 51
23 13
62 25
11 40
68 3
40 29
26 9
66 15
50 90
61 14
12 4
92 74
23 60
20 49
3 69
3 60
75 85
40 21
21 79
3 85
48 16
62 65
4 42
42 48
49 84
56 38
61 9
28 94
52 71
17 34
92 5
23 21
40 58
30 101
26 101
71 4
73 98
32 20
24 78
49 26
9 93
87 76
82 61
28 35
59 34
21 82
8 62
42 27
20 5
54 13
40 31
31 6
