10 95 6709
9 61
290 913 102 257 742 348 50 94 879 236 
481 189 804 761 232 552 244 43 758 899 
449 27 192 39 299 152 632 374 185 291 
923 341 671 565 122 390 750 769 62 527 
591 496 880 743 768 233 88 173 889 89 
146 405 830 455 0 167 135 514 194 719 
878 392 922 524 187 480 770 731 90 464 
316 153 84 908 215 703 280 420 530 19 
748 725 221 905 774 499 399 558 657 848 
286 520 307 625 37 110 103 557 186 834 
711 225 512 846 729 936 823 72 872 191 
320 261 806 618 15 607 691 518 240 549 
408 54 718 860 172 576 462 707 417 132 
925 721 595 163 36 70 41 149 749 556 
508 79 367 602 477 572 792 87 255 873 
867 773 612 95 58 270 487 375 817 61 
933 646 699 779 100 885 850 875 574 425 
45 896 66 704 789 920 790 16 292 214 
168 624 48 816 796 29 337 647 690 610 
262 578 616 351 363 139 196 278 634 67 
355 140 712 302 3 119 476 673 916 200 
13 664 452 584 949 12 563 397 581 720 
260 658 891 334 630 665 835 728 941 418 
676 609 478 376 805 492 738 606 833 613 
106 101 839 726 309 599 670 813 83 605 
869 550 426 734 784 440 269 164 882 368 
23 470 851 326 844 443 847 669 679 144 
776 112 42 765 241 218 945 369 183 401 
34 151 930 282 854 32 175 391 580 683 
267 551 863 288 251 384 466 431 249 263 
516 622 345 166 435 818 296 594 653 9 
674 333 77 312 696 617 808 64 639 821 
802 370 86 11 197 305 445 474 579 293 
78 259 387 385 589 311 273 772 471 297 
693 458 349 629 171 25 469 730 504 855 
360 468 714 430 98 157 619 566 121 503 
901 724 831 442 338 284 216 631 859 648 
727 275 373 680 921 654 705 179 99 766 
340 827 147 548 642 943 656 22 573 422 
415 366 861 181 529 207 308 410 357 24 
812 907 379 5 332 145 1 662 494 199 
423 881 746 226 798 645 685 601 448 63 
686 125 744 910 688 383 755 643 143 381 
432 803 228 485 523 483 92 522 539 870 
697 8 446 350 437 118 740 339 745 562 
715 204 682 256 75 489 268 161 352 356 
127 177 713 80 73 947 91 411 858 735 
927 82 217 672 650 778 211 243 525 393 
396 317 395 498 828 242 427 323 603 137 
414 461 253 258 472 737 914 583 564 883 
681 540 829 702 283 403 239 180 107 795 
434 346 902 635 170 626 97 553 946 220 
871 295 174 247 209 546 400 575 614 113 
306 238 939 577 294 799 567 271 235 541 
887 56 892 412 894 117 138 406 450 598 
154 723 759 775 623 365 134 912 486 57 
764 820 751 509 627 944 736 436 361 342 
692 223 421 568 942 358 81 528 807 319 
531 780 822 513 937 786 389 666 797 353 
667 229 322 811 507 60 165 327 281 600 
49 536 203 801 69 716 210 318 857 915 
131 709 439 845 227 841 832 76 55 409 
198 753 7 451 739 886 694 38 644 245 
781 176 364 377 17 47 824 158 661 265 
287 652 511 561 142 620 560 325 571 272 
10 928 521 931 497 213 585 467 708 68 
310 344 454 862 115 935 532 615 156 900 
475 701 274 754 500 897 611 843 695 59 
840 148 559 328 596 488 874 276 254 825 
2 105 460 663 343 388 331 201 28 890 
479 826 378 837 495 919 160 501 298 31 
904 300 771 782 178 534 917 554 40 456 
169 934 386 402 314 429 814 473 819 490 
794 394 741 354 903 849 20 651 205 30 
413 865 582 491 279 689 230 842 767 459 
592 815 266 800 190 188 222 26 126 911 
636 6 484 756 65 453 535 895 597 793 
162 864 678 224 547 133 929 791 14 700 
533 909 35 120 587 710 441 502 407 234 
330 810 538 659 555 788 155 733 706 787 
74 329 649 130 655 762 876 588 419 570 
760 313 633 44 109 85 505 544 202 206 
763 569 46 586 324 182 852 424 515 542 
93 53 398 698 519 212 747 590 71 231 
304 660 371 4 677 347 932 195 785 124 
621 315 517 141 628 96 543 948 465 868 
301 123 856 526 893 668 752 33 321 510 
159 129 18 104 219 463 924 641 150 537 
303 722 114 264 604 128 382 21 416 757 
380 482 675 809 926 252 289 493 545 208 
237 687 277 898 248 108 637 359 684 506 
732 940 918 438 372 888 193 866 285 457 
638 444 717 336 404 906 838 111 184 51 
640 335 783 836 853 362 116 136 938 246 
877 884 428 52 250 447 608 593 777 433 
1 1
9 43
3 81
9 8
6 92
5 32
3 72
1 87
0 38
4 41
5 28
4 54
3 83
5 73
7 94
7 26
4 32
0 82
0 82
8 57
2 1
7 10
6 29
0 43
2 83
0 21
9 77
4 53
4 52
9 12
2 39
5 84
2 87
3 55
8 19
3 94
4 85
8 10
8 19
1 66
4 50
3 29
3 23
2 43
7 86
0 38
7 52
2 6
5 31
6 9
8 56
0 63
6 67
2 46
8 26
2 88
5 13
7 58
7 90
7 24
5 15
7 31
3 12
5 45
2 74
3 4
1 43
7 89
2 34
9 80
8 52
3 66
3 20
2 46
4 73
0 39
6 92
3 77
5 81
1 30
3 82
4 54
1 42
4 79
0 52
6 65
2 93
1 9
3 26
3 67
5 30
1 6
4 88
7 82
3 87
2 20
0 14
1 64
6 61
6 63
9 36
6 93
7 56
3 91
2 25
1 50
8 66
0 24
5 28
1 13
9 40
7 76
4 14
8 59
2 26
0 94
2 46
4 23
9 92
5 57
6 42
5 81
9 22
6 86
3 79
7 60
8 65
4 90
4 3
8 25
2 63
5 11
8 88
8 33
8 43
4 52
5 48
6 78
2 35
9 44
6 19
5 90
1 64
6 28
3 90
2 84
1 63
0 94
4 6
1 1
7 33
4 61
5 85
3 67
9 16
9 3
3 19
9 22
8 50
0 32
0 77
2 37
6 18
3 54
2 38
1 77
8 67
2 79
5 40
0 91
5 53
7 80
6 68
9 45
5 92
4 6
7 74
3 16
1 36
3 41
9 93
8 36
2 84
1 26
3 47
7 28
1 4
0 3
5 0
7 5
0 25
8 9
8 47
4 62
0 6
4 55
3 15
7 11
8 90
6 19
7 9
3 24
2 78
6 4
3 59
6 58
7 5
3 93
5 22
1 28
5 10
5 79
2 1
0 28
6 6
5 84
4 6
3 78
4 85
9 62
3 38
6 24
7 5
6 91
6 10
0 39
9 73
4 34
3 20
4 77
2 52
0 85
2 22
5 51
3 80
6 52
9 61
2 1
7 61
6 84
8 92
3 49
3 54
3 13
0 67
3 50
9 92
7 39
0 71
2 34
3 32
0 55
2 14
9 87
4 73
2 15
4 88
9 31
9 79
1 19
1 60
7 91
4 21
5 11
8 45
7 63
4 33
2 70
3 72
5 63
6 7
1 47
1 88
9 10
5 51
4 1
9 91
8 33
3 38
2 92
7 24
6 34
3 57
3 39
7 55
0 85
1 21
3 23
1 80
4 20
3 30
5 68
9 47
4 67
9 71
0 88
1 1
8 6
6 9
5 49
0 13
9 94
4 13
6 37
7 62
1 33
6 32
1 59
8 79
4 43
2 92
8 62
4 64
6 72
1 39
9 61
6 8
1 72
1 14
8 34
5 84
4 4
0 4
2 7
8 34
7 29
2 30
5 84
0 92
1 27
7 33
3 18
6 39
2 72
5 79
3 28
5 80
6 19
2 56
4 62
5 18
2 72
7 52
6 69
2 24
1 94
5 18
0 76
0 67
4 51
4 3
9 74
3 43
4 8
0 7
6 53
3 39
0 10
0 88
2 35
8 48
1 83
3 57
9 23
9 0
5 86
5 42
9 4
1 40
8 64
1 22
8 56
2 7
5 14
9 0
7 21
8 2
4 55
4 78
6 90
2 89
2 59
2 7
6 71
5 62
4 44
8 23
4 71
7 83
2 44
0 69
4 6
1 36
8 86
9 17
3 58
5 54
6 76
1 9
2 12
2 77
4 35
0 53
8 52
8 81
0 92
1 66
2 94
3 37
9 56
8 74
8 62
8 67
8 1
0 48
1 34
6 86
2 39
0 83
8 85
3 8
3 46
9 17
0 11
4 76
9 79
5 14
7 21
0 14
2 18
0 42
3 70
3 21
2 77
8 22
0 6
1 80
1 88
5 49
2 25
1 92
9 15
9 25
4 58
5 42
4 64
9 28
8 18
6 89
8 48
3 10
4 3
5 31
9 93
9 9
5 16
4 92
4 51
1 79
0 2
3 18
3 23
9 23
1 46
3 77
3 91
1 90
3 51
4 55
5 46
3 86
0 9
5 50
0 1
6 42
2 40
6 86
5 81
7 66
1 64
2 36
0 61
7 49
7 47
3 19
8 29
6 4
5 64
5 86
0 12
0 32
0 92
8 37
1 15
7 31
1 63
8 28
2 86
3 13
8 23
8 43
5 87
4 76
2 81
9 79
2 57
8 8
8 78
4 7
4 16
7 34
7 76
9 22
2 7
5 85
4 37
2 30
7 48
3 40
3 61
7 2
4 13
6 84
3 66
2 83
4 1
2 90
4 21
8 66
5 5
4 75
7 79
2 27
1 70
5 79
0 49
4 52
9 76
9 3
0 70
7 59
3 52
9 5
9 19
1 74
7 39
1 65
1 22
5 93
4 66
2 28
7 48
7 57
0 36
9 47
0 27
8 88
1 64
0 8
2 86
4 36
9 8
8 33
0 64
0 24
5 25
6 81
1 75
2 88
8 89
5 89
5 14
5 18
4 14
7 62
8 40
3 85
4 69
0 48
4 55
0 92
9 55
4 43
4 47
1 43
1 25
0 52
9 34
6 35
4 64
0 5
7 62
4 24
5 66
2 20
4 57
0 12
8 28
0 27
8 5
4 30
7 69
7 3
0 49
7 18
5 82
1 28
1 14
2 17
9 27
7 48
6 42
1 68
5 39
8 44
1 39
8 37
1 46
0 36
9 74
7 64
4 94
3 13
2 52
5 92
9 13
0 28
7 11
7 1
6 50
2 93
6 86
9 90
4 59
3 79
3 47
3 87
1 42
3 33
7 33
0 43
5 92
4 0
6 3
9 56
2 63
5 57
6 4
7 52
4 51
9 6
4 67
4 34
1 87
8 4
1 57
5 10
3 89
9 13
3 14
9 85
2 9
1 23
9 1
2 32
1 35
8 6
0 80
5 42
0 68
4 5
0 82
0 46
7 3
7 59
3 55
9 90
6 39
8 32
2 4
8 51
4 55
7 25
4 67
1 10
0 50
1 16
7 69
3 12
8 82
2 59
1 26
3 4
8 15
4 66
4 77
6 1
5 56
5 85
5 36
1 47
8 26
0 7
5 65
2 48
9 49
6 79
3 79
8 15
0 6
5 26
8 51
9 17
6 11
5 2
4 49
8 1
5 32
8 60
2 20
1 2
6 62
4 33
9 10
9 55
5 14
8 94
9 91
3 0
1 94
4 60
1 44
8 50
5 13
1 19
7 88
7 45
4 27
2 76
9 1
3 25
2 17
5 74
8 30
3 18
5 25
3 9
2 66
2 37
6 56
2 17
3 70
7 31
3 18
7 91
1 80
3 93
7 18
3 72
4 14
5 38
5 47
8 22
4 78
1 76
2 20
3 39
1 18
6 67
6 49
3 45
5 13
9 90
7 65
2 39
2 33
7 10
3 79
6 35
8 47
3 23
2 45
4 15
2 27
0 81
0 81
2 8
3 93
6 35
3 63
1 35
5 83
3 24
1 64
7 64
8 12
6 33
4 78
4 77
9 64
9 14
5 89
3 27
0 19
8 38
1 73
7 60
6 72
6 89
1 20
6 9
4 76
0 77
1 50
6 68
5 24
3 89
3 15
5 23
7 60
1 62
2 40
6 85
1 38
7 67
0 85
1 37
0 6
6 22
5 32
8 0
2 48
2 76
3 59
2 79
9 85
9 91
4 74
6 64
9 56
1 79
9 78
6 65
8 87
6 46
2 47
7 57
1 3
4 83
1 14
9 11
8 64
9 40
5 65
8 74
1 81
7 46
1 51
6 46
4 23
4 52
8 42
9 68
8 42
1 27
7 50
5 42
6 11
5 11
1 85
2 31
2 90
5 51
5 63
6 30
2 30
9 40
0 5
1 9
7 45
2 35
5 5
1 89
9 34
1 78
8 54
4 26
2 70
1 2
8 61
3 8
7 65
3 83
4 60
4 19
1 10
3 83
4 6
4 78
9 26
6 8
7 5
8 51
4 32
4 3
4 81
5 93
6 27
3 12
3 92
4 58
9 74
4 86
8 75
6 59
3 16
7 11
6 89
5 88
1 1
8 29
5 55
8 58
0 13
0 57
5 46
0 7
1 18
9 46
7 69
4 74
4 65
7 73
6 9
6 25
4 38
8 49
1 15
1 2
2 8
9 9
0 78
6 77
6 47
3 48
2 0
6 52
2 18
7 84
0 7
5 92
6 44
5 61
6 9
2 68
3 85
5 80
5 18
8 6
8 87
2 62
3 75
6 56
8 31
2 75
3 39
8 26
8 25
3 14
7 19
7 53
8 51
5 53
2 3
7 56
9 60
6 93
8 13
5 72
1 39
1 66
6 35
1 18
8 76
8 25
6 79
5 17
1 41
6 2
2 1
1 93
0 76
9 81
4 69
0 6
0 57
8 37
8 19
2 50
5 18
4 35
7 3
2 81
6 91
0 82
1 39
7 12
7 63
9 76
3 0
3 24
9 75
0 9
4 89
0 0
5 78
5 51
0 53
8 59
7 21
7 3
6 13
0 79
7 1
3 38
6 25
0 37
0 92
7 14
4 59
4 41
6 40
0 80
0 80
7 24
9 3
9 92
6 57
2 22
2 30
9 22
4 70
3 31
7 32
2 30
3 50
1 18
0 81
6 18
5 30
3 24
2 43
8 76
3 4
4 75
2 5
9 62
5 68
6 0
0 60
6 83
3 87
1 16
4 40
9 19
0 53
4 38
8 24
4 40
2 27
9 17
9 41
1 60
6 74
4 78
8 54
6 21
6 27
6 10
0 80
5 20
9 38
6 5
8 55
3 60
6 25
3 28
9 53
1 19
2 48
0 40
4 87
7 69
8 44
3 19
3 93
1 58
3 13
2 80
7 20
2 84
9 7
2 45
9 1
4 94
9 25
8 10
5 47
1 34
2 82
1 69
4 13
9 17
3 55
3 20
0 18
3 11
1 37
3 66
7 41
7 15
4 76
9 24
3 11
6 76
3 62
9 92
3 35
8 56
2 19
5 87
2 60
3 32
3 35
7 47
3 57
2 94
9 33
2 60
7 41
7 0
8 71
3 3
1 30
8 46
7 28
1 42
0 67
7 5
3 70
9 56
9 62
8 15
6 84
1 16
0 83
9 46
2 47
9 81
4 23
7 85
5 37
1 29
4 84
7 16
0 46
3 13
9 10
4 74
0 17
5 72
5 76
9 52
5 75
9 91
7 8
7 46
0 11
4 40
0 1
5 93
1 30
7 69
9 38
1 71
9 68
8 41
1 31
8 64
0 70
7 45
1 75
6 8
8 20
2 90
3 14
7 15
5 62
8 71
0 48
4 52
2 35
6 92
8 72
9 48
4 7
0 93
4 27
3 8
3 7
2 24
7 7
1 31
6 21
4 14
1 84
5 17
1 48
2 28
9 51
2 13
5 58
2 37
4 63
8 69
1 82
3 86
1 59
1 17
2 63
7 18
5 55
0 81
0 51
5 19
4 62
5 30
2 50
5 29
9 66
5 63
7 51
4 87
0 52
7 49
1 45
0 94
2 31
2 59
3 27
3 85
0 4
2 61
3 62
2 14
3 9
0 64
0 20
4 76
9 20
6 46
0 80
9 1
8 74
1 81
1 64
3 59
0 13
8 38
6 16
3 49
6 86
7 20
5 86
5 3
5 85
9 28
3 26
1 68
9 13
5 33
3 45
8 58
4 51
2 11
5 24
2 54
3 2
1 91
4 77
8 12
9 37
6 14
7 9
4 77
9 15
9 14
7 29
2 35
5 49
1 29
8 27
3 36
5 16
3 44
6 52
0 61
9 78
9 76
9 79
3 43
7 73
0 10
7 85
7 4
2 57
6 53
1 83
9 9
4 36
3 57
6 1
2 20
9 16
2 66
8 58
4 69
5 19
2 71
8 19
9 23
4 86
6 92
4 33
9 83
9 74
9 5
7 82
6 33
7 78
3 81
7 88
9 86
9 27
5 94
7 65
6 62
9 57
6 50
5 67
7 42
4 41
2 33
8 13
0 55
6 19
4 41
6 28
6 80
8 55
7 89
8 71
6 73
1 90
9 87
4 26
5 80
8 60
8 19
1 66
5 16
8 59
9 71
3 48
1 65
7 45
4 8
7 35
9 53
8 36
4 41
5 49
4 1
5 84
7 4
0 27
7 13
2 61
5 12
4 67
4 34
6 83
9 20
4 52
6 87
2 39
8 23
4 84
7 32
3 50
4 73
1 8
6 29
0 42
6 1
2 10
1 48
1 33
5 22
5 78
2 46
8 67
5 2
7 6
5 18
4 4
8 25
0 37
1 75
1 71
0 61
4 0
8 8
5 48
3 37
2 41
9 25
8 54
8 19
4 17
2 64
1 10
7 62
1 37
5 4
7 52
7 40
8 45
0 20
6 16
2 61
8 78
0 38
8 23
9 70
2 0
9 35
8 92
0 44
6 44
8 93
9 51
5 24
5 32
2 43
5 63
1 46
0 7
3 0
3 38
9 92
7 28
6 92
9 75
3 22
1 44
7 68
9 10
6 85
9 56
5 7
6 68
8 48
5 78
9 32
9 23
4 4
5 55
5 86
3 88
5 70
6 30
6 25
6 62
8 63
9 61
1 71
5 64
8 14
9 61
0 83
7 80
4 13
9 0
4 60
6 93
1 57
7 84
6 43
0 32
6 87
4 72
2 37
6 81
7 74
9 22
0 39
2 65
1 29
8 70
0 48
9 6
0 9
0 72
9 78
6 85
5 30
5 17
5 55
0 58
7 18
4 76
0 69
4 77
6 7
9 48
3 33
8 57
2 60
6 52
2 17
6 82
3 11
3 36
1 82
3 59
9 80
2 88
3 76
9 60
6 22
4 76
7 64
7 47
5 90
6 31
5 4
4 69
4 81
8 87
1 7
5 54
2 74
0 83
7 46
8 52
7 71
3 63
2 37
3 57
0 76
4 76
0 73
0 64
0 12
2 75
9 72
5 36
2 61
3 93
0 38
1 42
8 42
3 77
6 77
8 29
7 7
0 88
7 52
6 65
8 83
8 72
5 47
2 9
9 71
4 47
2 21
8 43
0 83
2 53
4 67
3 33
1 91
4 33
6 52
8 62
8 19
4 54
5 35
5 84
9 3
2 25
1 85
4 31
8 91
2 49
5 93
6 36
5 84
6 10
1 42
8 10
2 63
2 71
7 41
9 86
3 58
4 52
4 93
1 84
1 14
8 81
8 44
6 76
3 24
9 34
6 2
9 14
6 61
6 16
3 14
5 78
3 49
9 12
8 14
5 45
5 15
7 63
8 80
9 58
1 69
9 31
6 28
4 92
9 36
0 58
2 94
9 12
6 72
3 88
4 43
7 79
3 3
8 44
6 18
3 10
8 16
6 20
6 19
3 30
0 16
0 16
8 31
6 61
1 50
8 32
1 84
4 67
0 10
2 4
8 31
4 3
9 92
7 48
9 85
7 92
6 41
0 51
2 12
3 66
8 92
7 16
9 85
3 82
3 46
2 76
0 74
8 85
3 50
5 14
4 4
1 92
0 6
6 57
1 22
2 93
3 35
1 90
7 73
1 36
1 15
6 45
7 23
2 74
4 13
4 23
9 34
7 59
7 54
1 70
6 0
9 51
6 43
4 58
5 85
1 93
4 10
9 11
2 3
5 70
9 39
1 86
1 11
0 76
8 0
1 25
4 87
5 67
5 7
9 69
0 1
8 83
8 63
2 25
1 57
3 46
2 74
5 89
3 5
4 13
3 31
4 8
6 5
1 48
4 57
3 52
5 64
4 41
8 4
6 43
4 40
8 26
6 3
2 53
4 93
6 38
8 55
2 3
7 74
1 30
3 42
4 8
5 70
5 15
8 32
4 68
8 80
9 63
6 38
8 89
0 0
0 16
9 61
1 94
2 41
7 90
2 8
0 90
5 87
0 16
1 44
1 14
0 7
4 25
2 6
6 72
9 89
5 38
4 9
7 52
0 92
7 60
9 78
6 55
8 43
0 63
7 39
1 53
5 69
1 7
1 75
1 83
8 83
4 0
9 79
7 11
7 11
5 53
2 73
8 24
2 63
4 21
0 46
8 55
7 62
8 89
8 27
3 83
5 16
8 80
8 5
0 12
7 73
3 41
8 32
8 21
0 58
6 46
3 25
3 2
9 35
4 9
3 0
1 81
8 68
6 24
3 54
9 70
2 61
3 17
3 2
0 51
9 20
3 18
0 74
9 9
3 72
2 19
9 83
8 48
1 59
0 42
8 73
3 86
0 23
3 25
0 6
7 48
9 75
6 45
7 31
0 14
1 50
6 45
4 14
5 14
2 2
8 27
5 12
6 64
6 49
9 19
7 80
6 85
5 65
9 40
1 67
8 78
3 24
6 87
2 94
3 14
2 10
0 28
6 31
8 71
0 42
6 4
5 11
1 47
6 44
8 16
4 11
9 23
5 77
8 9
8 53
2 83
5 12
7 27
0 73
3 27
2 0
4 17
3 94
5 69
3 62
1 25
6 2
6 87
5 54
4 83
3 8
4 19
0 59
6 32
3 42
4 63
6 3
4 21
1 47
4 57
1 49
6 59
0 42
6 48
9 53
5 38
8 5
7 31
0 12
2 25
6 37
1 40
3 43
2 26
6 79
3 14
1 91
7 94
1 8
5 48
4 56
5 25
8 23
7 32
4 94
6 12
1 70
5 78
6 20
2 79
4 48
3 31
6 85
6 20
1 82
5 75
0 22
7 76
9 78
6 43
4 40
1 59
5 89
1 22
4 26
7 78
2 4
6 81
0 65
4 48
8 13
7 1
7 94
6 0
3 35
8 45
1 33
4 79
7 71
7 58
6 12
8 18
9 54
1 92
5 61
1 50
2 67
6 74
2 75
7 89
4 69
8 15
7 85
4 49
1 93
5 29
6 83
7 82
4 27
8 14
8 39
7 57
4 20
2 84
3 74
5 48
9 0
1 55
6 70
7 82
7 49
3 34
5 58
6 23
5 9
5 40
2 5
3 25
1 72
5 35
4 43
2 84
9 18
6 64
0 50
8 77
3 94
5 44
2 71
1 38
9 35
8 22
6 36
8 9
5 34
8 83
9 12
7 26
3 20
2 46
2 44
0 43
2 76
6 45
5 45
9 91
7 25
8 53
5 91
3 82
5 42
8 86
9 23
7 51
7 45
5 37
9 17
1 52
2 79
0 80
7 69
8 59
7 50
4 47
2 37
4 57
2 85
9 82
5 26
0 70
6 13
2 30
2 83
6 24
3 51
8 2
8 14
1 1
1 27
5 79
3 2
3 55
1 34
7 62
0 40
7 19
8 18
8 17
9 18
3 31
3 1
0 67
0 70
7 3
5 78
8 47
4 91
0 7
6 33
8 74
8 49
9 51
8 21
9 21
9 43
3 3
2 75
3 31
5 7
9 74
5 12
6 17
1 86
3 7
3 54
9 57
1 40
3 65
3 14
0 74
3 31
7 44
1 88
7 65
6 52
7 82
8 1
6 84
8 56
2 71
9 2
2 75
8 27
0 14
2 18
2 22
3 74
1 31
1 4
8 59
7 29
9 6
5 35
9 24
8 42
8 70
6 71
0 43
2 36
0 16
8 19
3 13
9 2
1 40
3 38
1 39
8 68
2 63
9 1
1 78
1 45
1 74
4 67
4 50
1 4
8 49
7 68
3 11
8 4
4 37
2 29
0 94
4 26
1 53
0 16
5 41
1 75
5 37
9 54
6 51
1 74
4 16
9 34
9 22
9 28
7 77
9 74
7 51
8 68
7 55
8 25
6 59
2 35
7 30
7 24
8 40
9 45
7 28
2 20
0 61
8 6
9 20
3 41
0 21
8 45
3 27
7 59
8 55
5 22
8 74
4 80
1 69
2 72
3 70
3 3
5 19
9 94
1 74
2 93
3 44
0 20
1 6
8 35
0 70
9 51
2 82
3 22
3 63
0 29
5 90
3 65
5 70
0 61
5 34
0 9
2 57
7 69
9 14
5 56
1 37
8 85
4 35
3 78
7 55
4 44
3 5
1 45
2 6
3 3
3 77
4 0
5 22
3 16
2 25
4 7
0 37
6 93
3 23
8 85
1 1
1 47
1 86
8 20
6 55
5 11
2 61
6 90
7 10
1 72
6 12
5 76
7 88
2 23
7 46
3 41
5 41
4 46
8 15
2 18
6 66
7 93
2 78
9 49
2 91
6 63
3 39
7 50
2 90
9 87
5 46
6 31
9 54
3 65
6 87
6 83
2 24
7 89
9 58
3 77
8 29
9 46
7 39
0 38
0 27
4 86
5 25
1 5
1 68
9 47
9 44
6 79
3 14
7 3
7 15
3 18
4 56
7 19
4 51
1 70
6 20
9 15
5 2
2 50
8 94
8 56
3 67
9 55
9 57
3 8
3 3
9 56
1 13
5 39
5 28
2 58
6 27
7 5
8 70
2 43
9 58
3 3
1 15
0 29
7 36
0 81
7 48
8 84
8 57
2 57
2 63
1 46
9 82
4 35
8 79
7 77
1 9
3 40
4 49
9 75
5 67
6 70
3 93
5 76
1 55
6 61
4 60
8 42
5 38
4 12
0 1
3 22
2 49
6 49
7 78
9 27
9 12
6 49
0 77
5 1
6 50
8 31
8 18
8 35
4 70
9 22
6 9
5 58
5 12
5 64
7 39
1 50
9 41
5 57
6 69
2 29
6 65
2 17
9 56
1 40
4 50
6 11
8 64
5 77
2 28
4 79
4 54
9 24
9 15
5 61
9 94
4 94
8 79
6 34
7 13
3 36
3 10
1 74
1 57
1 94
3 11
8 14
0 16
6 52
7 71
0 52
0 22
0 51
7 80
2 1
1 25
7 36
9 9
7 66
2 68
8 76
0 94
5 85
8 81
1 85
4 63
3 59
9 6
1 62
8 47
3 15
5 29
6 18
7 73
4 39
5 59
1 85
8 21
9 92
6 45
6 8
4 47
3 52
5 46
8 88
5 0
0 21
8 84
8 84
7 49
8 51
9 51
0 35
2 60
3 81
7 32
2 64
3 94
7 31
4 60
2 84
4 19
0 50
4 51
9 94
3 36
6 33
8 93
7 56
7 69
8 70
6 78
7 74
5 26
5 63
3 40
0 35
6 38
3 10
3 13
9 48
7 33
0 90
5 80
8 60
4 51
4 82
4 67
1 72
8 73
7 15
9 25
8 63
6 40
4 37
1 77
4 77
0 74
5 45
7 40
8 82
6 9
9 1
5 9
7 76
3 61
1 57
2 53
9 35
3 88
7 32
2 32
2 24
1 31
7 76
4 19
7 17
6 80
4 34
6 63
8 19
8 17
0 57
2 25
6 46
4 2
6 26
3 60
7 5
4 66
4 9
4 72
7 28
5 53
3 16
4 27
5 42
8 50
2 30
8 86
0 53
0 94
2 31
7 27
8 75
8 30
0 92
1 34
4 77
2 15
7 46
0 7
2 5
4 0
5 50
7 43
5 33
7 59
7 19
3 55
4 29
6 3
3 77
4 0
9 94
5 24
9 2
3 51
5 46
2 83
6 38
9 13
4 91
9 64
2 28
3 25
4 42
0 63
6 18
0 15
6 69
8 50
7 41
0 38
7 40
8 23
8 80
9 75
0 27
9 27
5 77
8 68
5 69
3 72
8 11
1 35
8 35
6 53
4 79
7 24
8 92
3 78
6 65
9 58
5 80
9 33
9 54
1 27
8 84
2 39
7 39
6 13
5 51
1 28
5 48
6 43
8 63
2 22
1 61
3 15
5 73
5 43
2 73
9 79
9 35
5 18
3 9
5 65
4 80
8 31
3 42
9 91
2 44
9 70
4 62
4 61
7 8
3 55
3 16
5 47
9 26
5 22
7 79
1 19
1 20
7 3
9 8
4 6
9 77
0 42
2 82
1 87
8 83
9 42
3 81
7 29
6 1
9 91
9 19
7 4
8 60
6 91
3 55
6 3
0 79
4 63
4 70
9 30
6 32
2 33
0 4
6 15
4 36
3 35
9 61
7 31
9 64
9 89
9 41
2 40
7 24
2 6
6 39
2 25
9 87
1 46
8 68
0 67
1 66
2 21
5 93
0 71
5 59
6 36
6 53
3 39
4 42
0 53
4 51
3 30
7 88
1 66
0 22
7 61
7 4
3 35
6 42
2 70
3 74
5 79
8 67
2 70
9 90
7 61
4 59
0 58
4 24
5 86
3 69
5 53
9 71
0 50
3 67
1 43
6 63
7 82
6 8
0 87
4 40
3 79
5 73
4 24
6 81
2 66
5 63
4 14
4 15
6 65
6 37
7 22
1 59
7 21
4 18
3 64
2 88
3 32
2 75
9 69
3 47
5 78
4 74
5 75
8 32
6 31
1 19
1 13
8 31
0 22
6 57
9 28
3 45
1 21
7 91
8 78
9 51
8 42
0 70
4 37
4 20
8 85
9 58
7 14
8 30
3 90
6 94
3 70
5 46
2 47
4 37
9 50
8 62
2 11
8 71
6 65
7 93
7 37
7 43
5 91
6 83
7 23
5 67
2 0
9 33
2 51
8 3
9 0
5 15
4 67
4 9
5 89
7 6
9 57
9 30
8 56
9 77
6 62
9 19
2 92
5 17
2 56
5 69
7 38
9 35
1 79
6 34
4 90
6 12
6 0
5 50
4 65
0 75
4 46
8 77
7 24
3 28
6 46
0 49
6 15
3 3
8 26
7 48
9 15
0 79
8 8
2 21
9 34
3 10
0 38
5 22
6 34
9 75
6 22
2 91
4 28
7 71
9 13
8 6
0 42
9 49
6 94
3 14
9 7
7 22
2 53
9 37
8 11
4 61
7 45
0 54
7 43
5 8
5 30
3 54
3 15
1 43
3 53
7 18
5 4
0 31
3 37
6 81
0 90
7 34
5 92
0 52
8 61
6 15
8 21
7 9
9 86
5 54
2 50
2 40
2 8
3 55
0 0
3 34
0 78
4 90
1 43
3 60
8 75
4 43
8 5
9 19
6 27
0 63
9 88
4 49
5 65
9 73
2 25
8 84
3 80
1 1
2 57
2 10
4 27
3 63
4 56
3 36
8 78
6 84
5 4
1 80
7 14
5 22
1 94
6 51
6 3
4 75
6 64
7 48
4 82
6 93
4 3
2 13
2 11
7 15
3 18
1 46
2 74
9 25
9 11
6 21
3 12
6 14
1 31
4 35
1 58
4 52
4 87
0 53
9 47
2 6
0 55
2 9
1 42
5 0
5 19
4 5
5 28
8 21
7 66
7 7
6 68
5 2
5 68
1 21
8 23
0 61
7 82
0 63
6 92
0 63
7 77
3 20
0 17
6 18
6 1
0 50
9 7
8 29
8 84
5 83
2 92
0 17
1 25
0 67
0 12
9 49
8 52
4 26
2 14
8 72
9 92
6 38
3 15
7 87
2 39
6 74
7 75
4 45
9 15
1 81
1 6
2 53
6 85
2 37
5 54
3 48
7 51
1 38
6 21
3 12
3 72
3 67
4 88
7 7
0 29
1 8
2 24
7 17
3 39
3 78
8 10
8 17
6 15
7 77
3 23
2 18
7 19
3 86
8 84
5 62
1 79
6 5
2 58
7 58
5 43
1 94
6 79
4 82
9 70
4 40
8 50
3 41
2 34
0 88
5 11
1 65
3 14
7 70
9 6
3 50
7 1
9 11
8 28
2 88
3 67
2 49
8 40
4 38
3 27
5 14
4 46
0 83
4 36
9 70
4 5
8 4
8 5
9 30
7 57
1 48
6 15
7 77
8 36
8 13
3 6
6 2
7 86
2 27
0 82
7 78
7 91
7 64
6 32
8 61
1 38
0 11
6 46
9 34
3 61
6 25
7 75
0 28
8 86
4 76
3 19
5 70
7 56
7 83
3 53
5 72
5 22
5 15
8 66
8 16
7 47
0 39
9 64
4 14
7 85
2 33
5 28
6 41
7 57
4 11
2 51
3 60
1 5
3 48
7 15
2 35
1 53
9 94
3 42
7 75
8 88
1 88
7 21
4 70
5 58
0 83
3 20
4 44
4 54
0 57
1 68
1 26
2 47
9 75
2 65
6 48
4 27
2 78
4 41
9 45
6 3
3 76
8 8
2 13
1 41
1 48
4 53
9 77
8 30
1 0
1 92
1 13
9 3
8 47
0 18
0 70
0 77
9 69
1 42
7 17
4 46
4 70
8 10
5 51
8 86
2 42
0 57
4 46
1 22
6 79
5 16
9 15
4 46
4 75
3 31
2 84
2 57
5 20
0 4
3 44
5 79
3 43
3 82
2 87
7 3
6 15
0 69
7 1
4 29
4 13
6 20
7 3
8 19
1 86
6 72
7 78
4 45
5 37
5 85
2 29
7 34
6 82
2 87
3 93
5 50
5 6
5 19
0 0
5 23
0 0
8 80
1 25
0 0
2 29
5 10
4 32
2 63
0 42
2 87
1 58
2 14
9 41
7 55
5 15
2 36
8 72
9 16
6 58
0 60
6 18
2 49
9 47
0 19
2 72
3 25
5 67
7 70
9 45
6 77
3 75
2 36
8 52
4 72
1 59
9 4
2 64
3 29
7 23
6 72
3 6
3 49
1 81
8 44
9 90
7 47
7 31
8 39
5 80
0 81
0 46
2 32
5 94
6 83
1 36
0 25
6 52
5 23
0 15
8 16
1 20
9 4
2 69
8 86
8 54
9 38
2 87
6 78
2 73
0 39
1 14
8 83
7 39
1 6
6 13
6 58
1 4
2 48
9 72
7 43
3 36
0 1
6 35
6 79
4 87
8 32
8 83
1 33
7 10
5 55
1 67
3 49
9 70
9 68
7 50
9 46
9 62
6 37
5 74
2 39
2 56
7 49
4 60
4 4
7 2
6 11
0 88
7 89
7 69
2 13
9 44
8 61
5 76
8 19
7 58
9 59
0 57
0 45
7 12
8 48
4 47
7 56
3 53
8 65
7 83
0 25
5 47
9 55
9 70
3 15
0 55
1 55
5 46
5 10
2 40
8 26
9 67
4 82
1 29
5 50
4 41
9 46
5 14
7 31
3 94
4 85
6 92
9 75
3 54
3 90
8 1
3 12
3 81
1 3
4 66
6 84
8 63
9 35
9 54
7 32
6 54
1 51
6 34
3 45
3 29
5 78
5 37
3 26
8 51
7 37
9 41
3 49
2 79
0 30
1 46
9 91
9 90
3 43
1 84
4 58
2 81
3 65
9 92
2 25
2 2
9 61
3 80
9 75
4 8
1 9
1 46
6 79
5 58
3 66
8 9
0 8
9 92
0 64
5 78
0 35
4 47
6 27
0 79
3 19
6 35
4 29
7 12
7 90
1 63
3 18
9 85
6 59
2 92
7 11
6 32
2 64
0 87
9 66
7 37
6 81
2 26
5 63
4 51
3 47
0 31
1 39
5 43
9 18
6 89
8 69
8 24
6 79
7 31
8 49
4 58
3 63
9 84
1 13
9 54
5 80
6 42
5 84
8 92
8 45
4 30
4 71
2 7
0 44
8 24
3 37
5 9
3 91
8 68
2 47
5 85
8 51
2 30
4 66
5 76
5 45
2 32
4 68
2 69
5 85
0 42
7 0
7 76
5 54
0 64
1 17
5 93
1 54
3 35
5 17
1 44
5 8
6 30
7 5
1 19
2 52
8 7
8 18
0 65
7 64
1 57
8 46
3 42
8 43
1 32
9 62
6 83
2 69
3 5
6 65
9 68
0 89
8 58
9 58
8 55
9 54
4 45
6 34
2 76
2 13
0 59
7 58
6 27
6 72
0 31
9 48
9 16
7 52
2 7
7 39
9 76
5 6
7 91
0 50
5 16
2 56
3 81
7 93
5 25
2 7
2 93
3 60
4 86
2 16
8 76
5 34
2 53
5 88
1 62
1 26
6 30
0 49
4 57
5 60
1 67
3 9
7 9
4 55
2 78
5 38
2 30
2 11
6 13
0 8
3 53
7 92
4 45
6 35
7 94
6 94
2 60
5 41
0 46
9 7
6 62
8 9
5 17
4 45
9 86
4 86
9 16
3 86
6 20
2 4
4 89
1 33
0 40
3 39
6 43
0 35
8 89
2 29
2 83
3 19
3 26
7 37
4 35
2 57
7 78
7 14
7 49
6 46
4 56
5 87
4 29
3 4
4 41
1 50
8 85
3 80
7 1
9 27
0 94
3 48
8 79
2 71
5 47
7 4
3 58
5 93
5 48
1 10
7 71
6 4
1 42
8 53
3 88
2 18
2 72
0 50
2 86
7 33
5 75
7 74
0 19
0 10
3 76
0 76
5 30
6 7
2 79
9 36
3 86
4 34
6 47
8 77
2 35
8 92
2 44
6 84
2 9
6 35
4 23
8 80
9 37
8 65
8 79
9 66
4 30
1 81
2 86
4 34
9 12
0 67
4 62
3 6
5 16
0 36
9 73
8 84
8 5
7 70
6 73
5 14
6 60
1 12
2 10
2 76
9 77
1 87
2 61
4 77
3 55
5 7
1 92
3 40
5 73
2 79
4 16
9 72
2 51
0 79
4 18
0 25
9 36
2 87
6 6
9 9
1 69
9 36
5 71
2 8
0 88
7 72
1 2
2 85
5 91
9 79
2 30
7 42
6 55
2 73
1 68
1 73
7 74
9 63
1 47
4 4
5 58
6 94
6 53
8 25
8 49
9 64
2 0
0 76
3 58
6 62
0 88
9 13
5 85
1 76
6 47
0 93
5 87
3 32
3 21
7 8
9 21
0 1
0 47
1 20
1 58
9 85
6 23
6 68
2 91
1 31
0 15
5 89
3 57
6 81
3 63
7 51
5 47
6 40
7 59
5 34
3 17
8 33
8 24
5 76
7 1
7 22
6 92
6 35
7 82
3 75
4 43
0 87
4 28
6 79
7 53
2 25
3 64
0 4
3 26
1 58
7 5
1 3
7 13
3 15
1 73
3 80
8 24
5 28
0 66
8 88
8 69
9 5
4 0
0 33
4 23
8 84
0 4
0 5
4 54
2 36
6 68
8 86
8 36
2 65
1 44
3 42
2 76
0 37
9 23
0 90
0 26
7 82
5 67
3 37
1 14
4 59
0 35
0 76
2 39
1 56
1 5
7 31
7 51
0 17
7 2
8 94
0 1
3 19
8 71
7 71
4 56
2 77
2 92
5 10
5 20
4 55
2 39
7 75
1 36
5 62
3 84
0 91
3 23
5 56
4 58
9 81
5 5
4 14
4 48
0 4
3 38
4 43
5 79
3 24
7 26
4 48
9 93
3 0
5 86
6 41
6 42
0 24
7 78
9 58
9 15
6 81
2 83
9 3
1 89
0 26
7 42
0 9
4 68
1 94
3 43
4 94
9 93
7 40
3 74
5 61
0 23
5 13
7 7
1 56
3 0
6 23
1 28
3 49
8 82
1 50
1 87
1 7
1 75
3 65
7 77
0 48
3 36
4 36
0 74
1 50
8 53
3 35
0 42
0 92
4 64
5 17
7 8
7 11
4 69
2 18
2 86
5 5
4 22
7 94
9 70
3 6
2 8
8 49
1 14
4 51
9 75
0 93
1 25
9 88
7 54
9 94
1 0
5 37
4 84
1 79
2 69
6 82
7 53
2 53
0 52
2 25
0 69
9 13
7 83
0 11
3 34
4 40
6 8
6 61
2 83
5 81
4 44
8 38
7 30
1 36
0 14
6 72
6 33
5 82
9 84
2 47
4 80
9 59
1 69
1 65
9 16
9 61
3 82
0 88
4 70
0 47
7 16
7 62
4 77
3 54
1 72
9 17
1 25
9 79
6 23
7 20
7 70
1 21
5 12
6 33
9 31
3 76
7 13
6 4
1 31
6 9
2 37
4 18
3 65
4 23
7 20
6 78
4 17
7 40
2 2
0 84
3 45
5 74
2 66
7 27
1 18
8 57
0 60
5 90
1 68
1 26
9 55
4 50
1 41
3 3
8 68
9 14
1 76
8 81
9 25
7 65
4 86
1 17
3 83
0 21
9 62
8 0
3 40
4 73
1 90
4 79
5 58
2 38
4 10
5 92
3 66
9 28
8 45
1 38
9 31
5 55
1 28
7 61
5 65
6 22
7 41
1 60
5 84
9 22
9 40
3 79
6 80
1 58
4 75
4 39
6 36
0 14
4 81
6 42
9 92
0 10
0 24
0 92
3 92
2 88
6 24
6 51
2 9
0 6
3 17
3 30
1 4
2 71
9 59
2 16
1 69
5 70
6 92
1 79
3 84
7 94
6 32
4 88
9 10
7 66
7 82
9 75
3 69
8 47
2 60
4 82
3 91
1 12
1 34
8 70
3 43
6 83
4 6
2 21
1 16
0 42
2 74
8 90
2 79
1 20
1 39
7 55
5 25
7 29
0 76
6 56
4 48
7 69
2 61
0 84
2 44
9 63
1 45
9 48
1 69
4 94
5 45
4 2
7 80
8 67
9 19
6 67
8 86
1 13
4 81
3 11
3 51
7 15
8 77
0 11
5 93
2 56
0 49
2 44
6 33
6 33
2 22
4 91
2 42
0 54
7 29
1 27
1 82
4 40
7 80
1 53
5 33
1 8
2 16
8 58
5 87
3 66
4 54
6 65
1 90
5 46
3 52
1 65
5 50
0 21
4 37
5 34
6 79
1 22
0 37
5 49
1 86
9 11
4 11
8 86
3 28
7 54
0 54
8 33
6 82
5 86
9 87
6 65
7 94
6 71
4 63
0 26
9 85
8 91
0 79
0 69
8 42
5 47
3 66
8 35
2 48
1 51
3 20
5 16
5 76
5 2
5 80
5 47
0 1
5 83
5 79
7 46
7 83
4 70
5 88
3 78
1 0
2 83
6 74
8 53
1 20
3 71
0 47
7 45
4 73
4 0
8 18
4 50
9 16
8 31
8 17
7 33
0 34
4 27
3 9
9 65
6 61
0 82
5 20
1 26
4 61
7 9
6 4
6 63
1 54
9 50
0 24
5 15
4 72
6 80
1 65
3 76
6 74
5 19
0 23
0 79
0 86
9 62
7 72
5 54
8 66
3 49
9 40
7 2
1 91
7 41
1 12
5 43
4 35
9 15
3 91
8 94
4 57
9 34
1 40
3 93
6 78
7 89
7 23
0 3
7 8
8 44
6 3
7 53
4 71
0 62
2 30
9 71
7 21
6 46
9 7
4 67
1 94
2 10
1 28
7 24
3 76
8 54
6 59
6 74
6 13
2 94
6 32
4 72
5 65
8 87
1 52
1 84
3 8
5 41
5 29
9 75
6 10
0 53
6 68
1 1
4 27
0 47
6 85
0 41
4 88
6 77
7 4
5 89
6 48
6 45
6 43
8 64
8 48
0 71
9 54
3 5
6 75
4 12
2 12
6 91
2 86
7 94
5 55
9 27
3 71
0 62
7 62
3 75
8 75
5 25
5 53
6 25
6 55
4 67
3 39
5 31
4 45
8 17
3 1
0 60
3 24
4 29
1 55
8 32
6 91
3 64
6 61
9 55
8 10
6 29
6 14
1 78
8 47
7 61
8 79
4 90
6 10
8 20
1 8
6 87
4 21
1 67
8 77
6 50
4 9
2 4
8 31
7 26
6 14
7 88
7 41
3 72
5 76
4 23
0 60
0 19
8 24
9 56
7 93
4 56
0 57
1 48
4 33
8 77
1 50
3 46
9 13
1 34
3 92
4 67
2 9
6 16
0 90
0 39
6 1
3 82
8 42
4 69
6 17
7 90
7 57
1 74
7 12
4 42
8 84
3 76
0 58
1 84
1 82
4 29
6 66
4 84
6 93
8 67
7 32
1 40
6 65
6 67
3 59
7 86
9 45
5 13
9 46
9 30
1 62
3 55
3 79
8 86
8 39
3 68
1 8
4 56
2 85
3 40
3 37
6 31
1 90
0 9
7 84
5 94
4 57
7 63
3 46
9 50
2 0
8 54
9 90
4 21
9 55
1 53
4 63
1 24
5 52
5 21
6 71
3 4
3 11
2 79
1 34
6 25
8 42
4 84
8 61
6 24
8 92
0 39
5 80
2 94
2 14
5 30
7 44
4 67
0 93
3 22
0 50
0 78
0 37
4 70
9 29
7 73
5 85
3 19
9 48
6 51
2 12
0 60
8 93
2 41
0 63
7 8
0 58
7 89
3 21
5 24
7 45
8 39
5 9
4 74
3 63
6 7
6 38
1 86
9 50
1 81
8 93
9 49
0 72
0 24
4 72
7 74
9 64
2 7
9 27
8 30
8 44
8 48
5 84
0 7
8 25
5 7
3 68
2 75
3 20
0 39
9 94
2 23
8 35
1 75
6 7
2 13
5 87
3 34
9 67
3 88
5 32
1 73
2 75
4 10
6 57
5 53
7 38
8 19
1 42
1 86
2 62
5 40
5 67
8 36
8 73
8 43
7 21
6 16
7 78
3 38
9 35
2 72
9 1
3 4
2 65
0 45
8 29
3 6
4 80
8 37
4 56
2 62
8 10
1 37
5 30
7 0
0 29
0 69
9 28
7 66
1 85
2 70
7 78
5 47
8 55
1 85
3 54
4 44
7 5
9 74
6 48
2 9
9 74
1 83
0 47
7 30
3 93
9 55
5 79
9 15
0 46
2 1
9 58
4 73
4 38
8 75
0 31
9 2
4 53
6 33
8 1
6 48
7 17
8 47
7 89
9 11
3 6
4 58
2 92
9 15
2 18
1 48
5 55
4 23
7 72
0 34
6 73
8 7
7 3
6 81
9 12
3 11
8 31
4 59
8 41
9 47
2 12
8 28
3 0
2 60
4 91
3 48
6 60
7 90
3 55
7 88
4 59
4 53
7 68
5 20
9 45
3 37
7 54
9 70
4 3
7 42
8 5
9 22
0 12
1 88
1 92
5 9
0 58
5 42
4 0
3 13
4 22
1 81
4 42
0 46
0 40
6 84
5 93
3 90
3 45
4 49
7 35
2 16
2 92
2 8
5 35
4 26
4 14
2 62
6 52
4 48
6 69
0 27
1 63
4 23
5 76
9 43
9 14
1 50
9 83
3 22
1 92
2 94
8 93
6 74
4 84
9 31
1 51
4 33
8 78
8 65
1 84
3 26
7 22
8 61
7 37
1 37
5 54
8 73
2 87
4 83
4 37
0 1
3 48
0 30
9 60
4 63
1 50
1 79
4 0
9 6
0 77
3 40
8 57
5 45
6 11
3 83
9 5
7 6
9 52
8 46
4 53
0 23
3 63
0 62
3 49
4 74
3 64
3 69
2 11
8 53
4 79
6 33
7 1
0 42
0 29
8 65
2 26
5 49
5 78
1 25
8 46
4 22
2 71
5 30
7 11
1 15
1 87
3 26
8 31
7 10
2 74
5 80
5 14
6 44
0 60
8 62
5 66
2 31
3 29
1 32
9 85
4 65
1 1
3 72
2 36
0 92
8 12
5 74
6 24
6 44
7 23
5 52
3 43
7 38
4 66
4 66
4 33
9 65
7 69
3 89
4 4
5 43
8 83
6 49
0 78
4 5
4 15
8 67
1 46
9 18
1 8
5 18
2 64
0 50
3 31
5 31
0 68
5 74
1 38
6 81
7 84
9 66
3 59
8 84
3 0
9 71
4 24
1 57
6 63
5 69
3 81
0 91
2 48
3 24
5 55
9 79
4 42
2 20
3 38
0 60
7 84
0 88
6 19
6 41
2 53
9 64
3 32
3 42
5 27
5 57
2 64
4 65
5 17
0 39
9 58
7 91
9 9
4 2
8 89
9 45
2 37
0 24
5 72
8 67
6 18
1 23
0 38
3 85
8 68
0 67
5 39
9 7
4 76
1 47
1 24
6 78
1 87
5 40
9 11
4 45
8 31
5 46
6 19
4 0
5 22
1 28
2 69
7 2
2 14
9 50
6 80
0 22
1 29
4 69
5 28
3 60
5 87
0 70
3 3
4 64
9 80
6 57
6 25
0 42
7 57
8 54
0 9
3 47
7 82
6 78
5 44
5 8
9 25
6 51
0 60
0 89
7 68
4 77
5 33
0 13
3 36
1 42
3 39
0 77
8 7
8 39
2 94
4 69
5 12
4 26
0 58
8 76
7 53
1 58
3 68
6 77
9 33
7 69
3 38
5 33
5 56
0 93
5 66
2 13
8 73
9 57
7 93
1 7
4 74
3 78
9 44
3 93
4 91
7 12
9 86
0 91
5 26
9 59
7 75
9 58
4 9
2 57
2 44
2 9
6 78
7 77
0 14
2 33
5 70
2 76
8 5
8 83
9 76
0 10
3 30
6 44
3 53
4 14
2 60
7 88
7 30
5 8
1 44
7 75
6 43
6 62
2 15
8 1
3 6
8 87
6 12
2 86
2 71
2 10
3 3
1 39
6 75
8 61
0 52
4 17
2 90
8 46
1 35
6 54
0 79
9 75
4 85
9 27
4 58
1 94
2 65
7 1
8 80
0 83
8 92
6 82
7 64
5 22
8 78
9 56
5 24
1 59
2 21
1 26
1 28
3 57
2 29
8 18
0 74
0 23
4 55
0 80
4 7
1 19
3 51
2 84
6 8
1 66
2 91
7 19
9 16
0 42
6 22
6 23
5 31
3 60
0 17
1 2
5 30
0 26
3 92
5 59
9 9
0 24
3 2
8 42
6 38
8 41
0 53
7 74
3 69
6 64
0 55
1 81
1 89
8 91
6 88
1 63
9 41
7 52
4 54
4 20
2 56
8 45
7 88
5 71
6 68
0 49
9 91
6 7
4 93
7 76
3 16
6 32
1 12
9 80
8 5
8 80
7 44
3 19
3 34
1 49
6 55
4 48
1 78
9 85
9 3
6 87
8 50
2 74
6 81
9 80
0 73
8 41
8 91
7 84
4 12
0 70
0 55
0 13
4 18
1 35
0 4
3 54
6 83
0 71
9 38
7 79
8 12
5 86
0 13
7 46
6 63
4 92
0 18
2 34
5 83
4 90
6 12
0 4
7 82
8 79
8 46
0 73
9 14
5 47
2 40
7 88
3 67
1 56
5 54
9 24
3 28
7 39
7 3
5 38
0 0
9 93
9 33
4 3
1 39
1 69
9 3
6 89
9 17
5 61
9 94
7 35
5 41
4 90
4 14
8 52
5 10
1 2
2 78
2 58
7 60
3 54
7 63
3 6
3 46
9 28
9 65
1 61
3 46
4 23
0 51
6 73
4 74
7 6
9 63
8 66
3 83
2 8
3 76
5 19
6 5
4 3
0 51
3 89
7 34
2 44
8 63
4 59
7 79
7 71
9 58
3 27
2 13
2 67
1 26
5 69
5 71
0 50
0 65
0 24
9 79
2 82
5 77
6 79
3 2
1 1
6 25
7 29
3 82
7 36
5 83
7 44
0 51
8 72
4 91
1 25
5 62
7 72
7 30
6 86
7 66
8 11
9 54
1 79
6 49
6 47
2 71
2 21
7 64
1 0
9 14
2 11
7 62
5 75
1 51
4 27
3 34
4 79
5 49
3 42
5 14
3 47
2 30
4 60
1 25
8 17
0 43
3 30
9 83
6 13
2 72
9 57
8 34
9 50
1 80
0 83
5 54
1 0
4 89
4 24
8 51
9 7
7 15
5 21
1 5
8 62
6 22
8 60
1 54
3 21
8 37
0 59
9 0
2 52
0 43
9 22
1 6
6 94
6 37
0 78
0 75
5 72
8 19
2 12
9 78
3 17
5 31
0 44
1 88
5 89
7 16
8 57
0 37
2 9
3 52
3 1
0 25
8 27
2 54
8 54
1 15
3 85
8 4
3 41
6 49
5 4
9 48
3 44
3 66
6 11
7 0
3 62
8 12
3 42
9 24
0 5
8 4
8 52
6 2
8 80
9 53
6 29
1 85
4 26
7 2
3 9
7 47
7 54
2 57
6 5
6 46
2 30
3 57
5 4
1 50
5 8
5 1
3 55
8 54
4 81
3 69
4 70
7 20
1 47
3 38
2 4
4 68
2 91
0 50
8 42
0 85
4 10
5 36
8 59
3 53
7 93
5 30
6 24
4 2
4 75
8 34
9 63
9 55
0 81
3 18
7 54
4 92
2 21
4 91
3 72
2 11
0 51
6 11
9 1
2 38
5 81
1 22
9 31
2 45
5 59
5 59
2 44
8 50
7 24
9 64
8 7
6 91
2 58
4 7
3 20
5 7
0 84
1 12
4 49
4 24
4 23
5 53
6 20
9 16
8 9
7 54
6 76
1 53
4 31
1 85
7 18
5 28
2 78
3 69
1 14
9 40
8 91
3 45
0 91
9 18
0 92
6 1
4 73
9 53
1 8
4 25
2 73
1 61
7 17
7 71
9 7
1 0
0 50
7 13
0 14
5 30
5 34
4 28
5 68
3 41
3 78
0 0
3 93
6 7
1 51
7 1
5 92
4 94
6 19
9 6
0 18
8 36
4 23
4 43
9 44
2 6
5 83
7 61
8 84
7 54
0 68
3 38
6 61
7 67
1 13
0 58
2 27
4 44
9 63
7 11
2 90
7 22
0 44
9 10
5 43
8 85
2 94
7 85
3 54
2 13
1 62
9 59
8 50
9 1
3 38
9 56
9 13
1 21
9 68
3 82
3 69
7 94
3 33
3 14
7 13
6 55
4 16
0 86
4 14
2 6
7 52
8 47
3 59
7 92
9 79
0 12
8 74
3 83
2 87
4 57
0 15
1 58
0 9
1 48
3 84
2 73
6 8
2 69
5 80
3 75
3 44
2 21
2 42
3 56
6 68
6 44
3 86
5 72
2 37
1 93
0 32
3 3
4 93
4 24
2 10
3 30
7 69
3 57
5 39
6 74
1 9
6 41
8 49
9 0
1 54
6 44
0 45
9 2
7 30
3 78
6 10
6 18
6 25
8 61
7 61
2 13
7 33
0 55
9 66
2 63
6 88
1 94
4 87
2 4
5 54
9 18
3 52
1 58
5 42
5 46
8 42
8 7
2 39
3 70
2 14
2 36
5 32
9 37
2 71
1 50
0 20
0 14
2 90
9 56
2 77
3 59
6 49
6 31
2 34
8 85
6 15
7 28
6 12
9 68
2 47
9 67
2 49
6 81
5 82
1 66
9 31
9 9
3 70
2 72
8 14
0 81
7 69
5 28
7 0
4 82
2 56
4 38
2 15
5 66
2 85
1 15
4 40
7 38
3 19
6 69
7 67
9 62
4 19
9 62
3 85
0 17
1 38
3 24
8 72
4 26
4 9
4 94
9 6
9 68
7 81
8 54
8 48
6 66
9 70
0 16
2 4
2 49
2 39
5 62
5 34
8 93
4 67
7 24
9 74
5 8
6 57
0 92
2 58
9 26
9 32
7 60
1 66
7 32
8 17
5 63
1 68
6 79
0 10
2 40
2 12
4 43
8 67
1 90
3 24
8 57
9 81
7 24
1 47
4 67
7 48
7 8
5 43
3 55
7 84
6 61
4 61
8 6
6 92
3 53
4 69
2 5
3 59
1 76
5 55
9 25
2 68
9 10
3 83
4 42
8 71
6 13
3 23
8 47
9 27
5 85
3 78
2 49
5 0
3 67
6 50
0 22
9 68
7 26
9 83
1 9
3 17
8 25
0 76
5 80
6 50
3 21
5 86
3 83
6 54
2 60
0 55
4 70
9 35
5 0
9 58
0 50
8 37
4 60
3 82
9 86
2 64
7 81
6 36
0 27
9 92
2 24
5 37
4 51
9 63
9 84
5 26
6 64
0 85
8 44
0 3
1 68
9 71
0 91
2 65
4 58
1 66
8 18
3 68
9 70
8 82
5 65
1 48
2 85
8 50
0 18
6 80
6 20
4 71
2 46
2 68
9 85
7 69
1 94
5 93
6 87
0 51
7 21
4 55
2 54
9 4
6 72
7 24
9 86
7 69
6 37
3 90
6 0
1 5
6 59
8 64
2 82
8 14
3 9
6 58
6 5
4 17
6 65
5 32
7 17
3 13
6 52
9 18
8 29
1 12
1 88
1 38
0 16
0 29
0 18
1 64
5 61
6 31
5 9
9 33
5 7
4 1
8 44
6 40
1 38
3 12
5 24
3 34
0 61
2 78
0 30
1 8
4 23
4 19
8 5
3 56
4 36
4 66
3 18
9 64
1 17
2 66
9 58
1 3
8 42
7 22
6 44
2 86
4 69
0 15
1 52
4 30
9 17
2 29
2 29
3 42
3 3
1 83
8 52
6 47
5 10
5 78
6 27
0 71
5 50
4 52
9 5
9 77
1 50
9 2
1 41
8 63
7 12
8 14
8 53
8 88
6 86
7 69
0 86
8 21
4 64
8 59
0 87
6 89
2 40
3 38
4 70
1 58
5 60
0 35
0 24
5 87
5 7
5 51
3 77
7 83
9 87
8 82
9 41
1 2
5 13
2 88
4 52
6 1
2 44
3 73
2 66
7 42
6 91
8 64
0 17
3 93
1 12
2 30
2 35
6 46
0 48
5 10
9 21
9 54
1 35
6 90
0 69
9 66
0 4
2 44
3 26
8 61
0 66
6 24
6 12
4 2
5 86
7 31
2 68
1 45
0 12
3 13
2 8
7 38
5 8
5 43
5 72
2 83
1 28
5 80
5 21
1 80
3 83
9 90
0 81
3 57
6 84
7 2
7 81
2 70
9 68
5 18
4 41
9 22
7 24
8 41
7 27
0 55
0 53
6 31
4 91
2 57
9 93
0 72
4 73
6 70
6 17
6 46
1 30
9 9
6 87
9 27
4 58
6 89
8 30
9 71
2 11
0 88
6 12
1 78
6 83
8 85
5 10
5 19
0 55
7 7
6 64
9 49
9 21
4 65
8 76
6 30
0 56
0 67
9 52
3 16
5 39
8 44
0 45
1 59
0 30
0 13
8 64
7 20
6 55
2 75
7 79
8 4
1 65
4 91
1 48
4 86
2 15
7 64
7 1
6 21
7 53
3 74
2 37
5 90
3 93
1 10
3 30
5 34
5 6
7 28
0 94
3 69
6 30
6 32
2 83
6 93
1 73
0 32
7 26
5 90
1 64
3 80
4 72
6 65
3 12
3 90
0 36
5 58
0 57
0 32
6 71
3 91
1 84
1 43
5 85
1 7
8 47
9 20
5 93
4 37
1 21
6 56
0 77
3 86
3 86
3 20
8 30
3 7
2 46
7 72
8 93
5 13
4 37
6 59
1 32
3 21
4 77
4 16
4 51
3 59
0 32
5 24
4 2
1 34
2 23
7 8
1 70
1 63
6 64
7 67
1 84
4 46
8 68
4 4
0 37
6 42
3 89
6 34
2 26
2 9
9 85
8 71
2 93
4 64
8 67
2 18
9 92
6 88
9 83
4 66
2 43
6 15
0 46
7 29
9 12
1 54
7 17
1 15
8 37
0 81
8 13
7 24
0 16
1 35
0 56
4 1
9 72
0 88
3 61
8 44
0 65
0 87
3 1
1 34
3 3
2 18
0 48
0 55
0 78
3 47
3 19
0 47
1 44
1 41
6 93
0 63
9 60
4 94
7 13
2 77
6 73
8 38
8 56
1 72
1 43
6 63
7 56
6 7
1 68
0 79
4 65
6 21
6 67
5 78
3 5
9 37
2 66
2 29
6 42
4 88
6 78
5 63
5 12
4 93
8 44
1 74
1 8
2 67
7 11
1 58
1 21
4 70
3 36
9 26
6 46
9 72
7 20
7 17
2 93
4 0
0 31
9 35
1 33
9 48
3 39
8 85
2 48
7 43
8 83
2 27
1 12
2 91
8 92
6 43
2 8
4 84
2 17
6 68
5 28
1 85
0 9
0 53
7 27
9 58
9 26
3 52
3 8
8 15
9 84
5 38
1 12
7 90
6 77
0 84
1 89
2 65
3 39
1 86
3 2
7 20
8 87
1 52
8 62
0 76
6 10
7 79
4 77
5 85
2 61
1 35
6 93
9 59
0 75
2 77
7 23
4 38
8 13
7 20
8 85
3 28
6 19
9 11
6 51
0 87
3 9
0 17
7 92
8 84
0 40
5 15
1 23
1 60
0 31
1 16
5 69
8 35
0 54
0 92
6 35
1 55
2 48
5 27
7 92
4 60
6 42
0 36
3 58
7 92
0 87
9 52
7 65
3 10
3 78
3 50
3 29
1 41
8 74
2 42
6 85
2 33
6 9
2 53
3 83
4 75
4 63
9 11
9 29
3 86
4 53
8 48
8 3
6 21
7 78
5 64
8 67
5 10
0 76
9 37
3 92
5 59
3 88
5 67
0 37
2 77
9 74
3 70
0 34
4 73
0 33
1 37
9 12
4 70
3 0
5 71
6 30
6 47
0 51
0 72
3 44
8 55
4 20
1 60
2 42
6 2
6 19
7 69
5 17
2 86
8 86
3 47
9 86
5 58
0 3
1 78
4 93
0 42
0 64
5 28
6 19
7 46
3 34
7 19
8 56
4 35
5 38
4 65
5 50
0 1
4 67
0 57
2 93
2 36
6 22
8 70
7 72
0 6
0 40
3 65
1 57
0 89
6 45
2 77
0 80
1 61
1 55
7 20
0 15
9 74
1 6
8 74
1 73
9 78
7 24
6 54
3 39
2 39
4 47
7 65
7 10
8 32
4 70
1 6
0 0
8 16
2 46
7 41
3 79
1 70
2 8
1 65
2 34
4 54
0 13
2 39
5 47
5 62
9 39
0 45
2 89
8 0
3 33
9 49
9 53
1 6
3 56
9 91
0 57
6 22
8 26
3 70
0 46
2 61
7 64
7 80
8 90
8 45
5 17
1 16
1 77
3 80
5 61
7 35
6 0
7 60
2 19
0 23
2 80
5 73
5 33
6 15
9 61
6 66
3 38
6 64
3 88
7 53
1 7
2 3
4 52
3 60
2 75
2 50
2 49
7 79
8 69
7 38
4 64
2 68
2 57
2 49
8 12
8 48
7 81
0 58
6 62
8 69
6 58
8 42
6 38
1 58
8 20
7 76
9 41
1 64
7 0
3 25
7 69
0 59
8 66
4 19
1 45
8 22
7 36
0 83
2 18
9 29
7 25
0 46
0 15
3 90
0 13
8 78
8 47
3 29
5 11
9 80
2 83
6 86
2 58
1 17
6 73
8 89
1 14
2 46
8 9
7 24
7 50
7 43
6 29
8 23
8 29
6 26
2 36
6 60
9 26
0 32
6 17
0 20
5 33
2 24
2 13
2 17
2 47
4 53
8 40
2 43
9 41
6 50
3 23
2 6
4 22
9 37
0 18
5 41
0 75
9 80
5 74
9 42
0 78
2 7
7 32
1 79
2 27
4 84
9 24
5 63
1 80
3 75
8 77
1 65
7 48
2 60
6 46
5 16
6 34
1 13
4 61
4 67
4 9
2 87
4 18
8 51
1 47
2 65
1 49
3 90
2 93
6 91
3 7
2 94
7 9
2 11
7 35
5 8
0 32
7 62
6 9
7 28
8 41
5 60
7 42
7 38
8 51
6 87
8 79
0 61
2 74
3 40
9 0
3 74
5 46
9 3
9 83
0 20
4 45
4 90
4 51
8 67
1 5
0 64
5 63
6 28
9 91
3 79
5 18
1 63
0 62
5 33
8 12
1 91
8 63
3 11
0 66
4 58
1 66
9 7
2 2
5 18
7 77
0 86
5 66
4 19
5 71
5 55
0 22
1 27
8 60
5 83
7 79
5 47
0 78
3 73
2 46
6 3
3 12
6 25
0 25
1 56
9 36
1 23
5 45
2 65
8 79
7 0
4 39
4 16
8 52
1 62
4 5
6 81
6 24
7 8
3 47
3 6
4 94
3 66
9 83
4 64
8 51
7 24
9 85
6 94
6 45
9 29
9 22
8 69
2 17
0 13
3 53
9 25
2 14
8 80
6 31
0 13
8 75
9 93
6 34
8 17
4 15
3 72
9 6
4 89
3 87
7 60
6 64
1 91
9 60
8 6
0 11
1 19
8 13
7 38
3 71
0 12
0 23
0 72
3 2
7 47
6 90
0 83
0 23
2 38
6 26
6 25
4 83
1 87
7 61
5 92
8 54
1 76
1 0
8 22
8 72
0 35
4 21
