19 117 15575
8 67
613 289 1667 1044 2146 1298 1415 2162 747 1676 1326 1286 902 10 1281 882 1525 840 1557 
1613 962 628 460 553 1359 1755 1163 843 1540 1381 725 1779 84 2088 1610 1159 664 684 
1871 249 296 1698 1671 1584 991 1110 304 449 1216 1775 2033 1955 837 1850 255 330 267 
780 1509 1685 676 1025 784 2193 498 1857 2078 1614 987 1498 815 1677 493 1807 8 1966 
1821 319 67 363 597 21 587 104 286 1581 1802 1451 891 786 1143 1182 791 1358 1544 
1265 275 333 213 2013 1507 1435 826 599 615 545 2140 2022 231 1208 1288 466 1811 35 
17 157 1982 241 2172 2161 1060 689 973 1183 508 1560 2133 1244 1708 1542 1784 86 1487 
1409 1185 2054 729 1126 1985 414 54 138 905 479 1746 1599 1664 1021 172 2210 1774 1181 
980 1502 870 1158 520 2138 764 616 554 1632 1810 1769 1141 1267 619 1039 984 1649 312 
271 1968 491 1987 536 1488 352 1523 575 652 105 1894 1332 389 741 1737 1655 2069 1736 
1520 1788 291 2047 851 141 266 93 885 925 633 831 347 38 46 1910 1504 250 1058 
1424 1477 1499 908 257 1144 490 2026 583 1087 1580 1036 1922 426 1064 2214 146 1124 562 
1731 2185 2200 2006 185 1191 2064 377 1046 130 1563 1173 961 1765 1193 926 708 1496 1446 
928 592 662 1526 261 1097 1631 69 968 2171 1880 898 1728 1993 1873 1375 1115 1333 92 
1512 857 1344 1078 2118 731 740 1493 1056 1545 814 1635 422 2101 2027 1212 2204 934 1865 
1047 2021 469 1658 1965 813 1879 881 868 1630 1641 1785 720 336 1130 914 1072 1372 1146 
65 830 9 29 1652 1709 1501 306 2025 1773 147 1329 1463 1349 1473 1268 357 1689 1771 
1082 1601 1386 1096 2060 1475 340 108 698 2147 1904 1154 1595 949 1612 1467 70 873 753 
1465 1445 1247 2077 2211 974 1024 1976 922 41 1877 1634 1654 1653 1127 900 1822 1092 2049 
350 992 189 1913 1607 1272 1986 2189 1556 1882 2144 735 1457 205 622 431 284 839 190 
2218 117 1554 713 763 758 955 238 896 1494 1687 298 1905 707 134 2087 1831 2081 2141 
239 1926 1574 39 1883 200 27 1020 1624 280 1760 94 2216 1037 1198 237 480 964 202 
322 1533 661 577 573 81 648 375 773 2132 1441 1215 1204 800 16 83 2156 2207 301 
1565 1679 1516 1396 196 629 828 145 2095 1552 565 450 511 204 793 53 711 2034 1856 
1588 1034 1819 1618 895 1531 989 1897 1367 2116 1872 966 1352 869 302 1242 252 2005 957 
1397 769 1089 148 1660 150 1296 1277 1812 1934 785 1961 1861 1075 2059 1941 2074 1673 1759 
2051 209 1730 1511 1642 1437 634 1983 1898 482 1854 777 1195 1371 2072 2184 1311 462 1256 
2058 1315 1829 871 1791 1313 285 1283 832 1189 57 1019 1991 49 2139 976 1225 183 1410 
268 440 1383 503 1943 279 569 570 1960 541 338 1717 1699 388 1305 879 1131 1323 626 
829 1734 229 1701 739 1050 60 983 757 95 361 2110 1308 1207 1751 1806 62 156 1112 
1505 223 500 321 1942 1869 1921 1938 772 262 1608 977 564 1275 437 1928 1682 1539 1996 
1665 2154 867 1113 24 2007 762 458 1693 1835 920 1643 2123 850 1484 2113 874 314 738 
1860 1915 1461 1107 393 2083 173 395 679 397 860 1797 342 952 2158 1508 1848 1048 1157 
1884 453 807 1589 297 1836 396 2073 1147 1818 1040 1975 542 1480 1285 637 1237 1270 1010 
771 274 198 370 143 1290 2159 659 1576 385 1735 1390 965 1549 1292 1789 1103 1259 2186 
982 2164 2150 1901 407 1105 195 1420 1936 1279 1395 1122 381 1066 859 89 2096 1925 1442 
171 12 912 1462 999 1233 2001 1568 1273 163 1517 1404 1790 1408 137 1661 310 1803 1878 
1917 40 532 630 624 561 946 756 2071 2103 578 2090 1245 1680 935 1252 1796 875 1515 
1399 887 1646 1125 13 1573 1715 995 1176 1561 2128 1834 1675 2122 206 383 760 1240 1615 
1478 742 218 522 1766 1483 1400 483 47 1833 748 513 210 2173 2112 154 1672 1519 1841 
1002 1551 2206 572 2076 1514 1726 1956 521 135 247 694 428 936 847 755 1696 18 170 
566 1017 26 1647 1171 1289 2170 919 2203 560 1489 1650 766 1355 308 1274 819 1336 1817 
140 1398 1891 122 410 625 1761 1249 809 525 1931 194 1743 588 2219 1459 464 52 1688 
1710 2176 374 177 1902 1425 1932 1394 1963 804 2108 2134 2079 351 855 1962 470 1777 1388 
775 1918 1912 300 586 346 1839 1971 1135 2041 1091 1369 683 604 1229 43 1764 1749 4 
1149 356 842 1984 2066 2048 988 1958 1167 2163 2188 429 643 1569 1447 373 996 1085 1553 
1645 911 1220 334 1370 901 405 1439 1111 1510 120 528 1418 700 320 846 142 1232 0 
2037 1805 2135 580 452 690 74 797 594 2221 1827 1692 1295 1578 1088 1587 1319 502 1106 
293 1348 531 1287 1534 2015 1711 236 1727 288 1450 680 417 215 305 1104 37 282 853 
212 1852 1142 115 1813 1065 932 230 152 1014 151 1074 1594 723 345 799 2196 1081 475 
598 2008 1137 663 1140 1638 72 1995 484 2045 456 1443 1263 487 2024 1129 834 2036 910 
403 492 2016 1888 2125 1656 126 1724 1312 2023 2109 344 963 552 68 959 1116 682 997 
1230 394 114 1033 1535 50 1264 848 632 467 1057 1640 636 518 7 1469 260 353 627 
591 1016 1013 1090 119 651 1828 656 2155 858 1747 576 443 1299 307 2038 382 71 446 
471 645 538 998 705 1633 101 1697 451 20 1152 208 499 916 672 1920 477 1842 1331 
1782 324 1579 1663 1049 227 721 424 379 56 2212 79 1804 728 2187 543 243 687 1754 
787 717 693 228 1762 854 1005 164 1809 1100 1466 2126 1973 507 1518 2131 944 1278 1086 
1203 1338 2055 264 1722 951 2046 754 2084 1513 430 2137 192 894 1636 956 915 795 1174 
1246 1109 2017 1662 432 110 85 761 176 5 496 540 1222 1690 2031 1548 55 794 1458 
1868 1453 2169 1780 549 595 438 165 515 423 224 442 2190 1981 76 641 343 811 2000 
1972 579 399 979 316 1793 158 517 1401 131 199 1605 216 1314 1770 2115 1357 745 937 
1606 369 2097 1099 1896 2042 1944 691 697 1776 87 1609 178 1929 1200 1604 161 1031 1602 
1335 1799 1138 1429 1562 332 1148 2181 909 612 864 99 11 969 66 166 1866 1826 270 
1485 1729 1875 943 1218 685 96 1006 1363 387 1449 568 621 1714 1886 746 1893 835 1362 
1114 2174 1456 514 1346 489 1740 1620 1128 1055 889 1617 993 1165 1470 1235 2002 1756 1550 
326 1464 2215 923 792 1407 1954 1309 669 938 419 1257 519 1903 376 601 666 1095 317 
559 1874 817 1322 144 1949 1440 1076 2136 1324 1231 175 1306 278 273 1190 1767 1197 1930 
677 593 1276 476 97 2127 930 556 1994 953 1150 1227 15 1694 1351 294 2183 1161 844 
318 768 1391 825 1320 1978 1558 473 1528 1838 623 222 917 2153 555 971 2201 1353 323 
124 1479 1423 546 1637 461 1844 1681 1575 2019 169 590 1596 22 1670 1923 1101 954 750 
2043 1522 2092 655 1307 1853 1555 1027 409 2020 259 445 28 1028 90 1495 1988 217 821 
1927 1347 530 2012 770 1316 433 1524 767 1015 1041 990 1547 1564 1794 2080 1317 240 927 
136 1695 1900 670 1621 1748 2213 2130 91 418 3 940 1490 1732 933 465 348 82 2117 
1303 958 1032 1133 1007 602 1824 1989 2149 1255 880 1373 2100 1980 455 1188 413 1043 197 
1725 1260 918 1042 695 1 64 339 1616 2165 472 1627 33 1887 1506 1546 606 638 1145 
2018 1262 749 960 719 534 1800 743 2061 1226 861 180 181 1536 107 1196 1172 1947 1258 
1003 783 1360 820 1343 1327 1935 812 214 1712 1059 384 1586 1177 823 1239 1758 132 1691 
1000 716 434 246 354 153 1156 1503 2089 2220 2142 892 1684 1151 2199 888 877 2121 1705 
806 1752 639 1108 2167 1570 1721 2065 1768 2082 44 2085 328 1012 193 1179 1957 2148 408 
582 765 506 866 188 581 981 653 1628 921 614 488 244 78 589 219 439 1959 59 
1201 1471 1282 1436 1368 886 945 292 856 1361 106 1648 2044 571 1970 1374 45 1924 1170 
287 1977 1781 269 1571 1706 883 818 863 1160 816 167 2217 789 704 1345 620 495 1713 
1023 125 2106 283 1678 1266 1139 1559 1094 644 1567 360 1070 1592 1907 1908 1419 1629 2102 
1379 1061 2010 584 315 1820 2111 358 692 903 265 1830 714 32 327 111 688 744 1337 
1979 1069 2093 1990 362 1342 802 1783 752 1211 100 1500 179 133 607 1583 1136 948 724 
1080 1210 1700 1406 924 1999 234 1118 2053 6 1328 1444 1155 810 1377 1334 1077 1223 907 
1914 2035 1432 400 838 608 444 501 372 2202 2143 929 972 1433 368 1950 1405 478 1909 
398 2075 1916 1001 2152 494 617 299 1008 649 1294 2030 1261 1063 1686 1068 2003 335 1492 
618 2099 1720 1250 1366 402 2180 1053 805 727 1300 416 1707 941 1933 1120 258 890 116 
127 113 1772 1532 950 1733 1452 913 737 75 77 1622 706 481 1808 671 696 427 1939 
942 1885 1657 2205 88 558 58 1079 392 790 2039 1339 1214 1132 2182 1530 235 1166 2194 
1228 1434 1454 872 1302 1241 1867 611 524 415 975 1992 468 1271 226 1847 1718 1301 550 
1213 14 1243 906 1460 80 1365 567 391 548 207 849 1623 1832 1356 1427 2009 986 931 
359 436 640 1153 256 686 1416 897 751 23 610 329 1162 1849 2057 2068 406 103 2222 
1577 1890 1011 155 650 730 2166 457 1389 2197 1538 884 563 1593 61 1892 159 36 1448 
98 1537 1254 544 712 1102 225 1625 2004 782 425 380 1474 1619 174 1497 878 674 1778 
2198 1052 654 939 1004 1382 30 184 776 1269 699 862 1045 1119 2094 718 605 1422 947 
788 2086 1719 1062 1644 668 1798 276 899 1304 2104 1881 2160 263 191 978 2157 827 660 
523 160 667 63 1659 1018 893 112 1376 303 702 1428 1840 673 539 1236 349 642 1543 
1202 1744 2040 118 1792 1384 313 1194 1482 233 822 1426 1402 232 1051 665 1411 367 1491 
102 2168 1940 1083 1997 1022 1859 386 1876 1354 51 1123 242 245 2192 1723 1742 1199 435 
1168 121 2056 1431 1486 1248 2119 1863 309 1455 1438 1029 1919 1590 1899 970 852 533 203 
1187 2145 1906 2029 994 1098 1318 1541 1795 168 1217 1030 1911 1969 325 2105 801 1184 557 
1093 1071 1843 1946 2151 1330 841 2178 1585 603 1468 2191 1476 1952 2098 1566 1403 248 574 
2209 2114 390 1674 504 1325 1716 1889 701 447 836 733 463 1814 331 1054 1038 1738 1364 
1591 657 1164 182 497 635 1481 1117 129 2124 454 722 211 337 1895 1825 1753 1741 1598 
1846 2177 1937 833 1378 675 703 798 1009 1238 1073 1421 1192 1186 2195 1224 1626 253 537 
485 34 808 1035 2050 1870 2052 1121 2070 1430 1603 596 779 2032 1998 186 1669 505 1864 
715 2011 295 600 1393 1392 290 281 1472 2129 251 2208 967 421 371 1084 1067 527 1387 
486 1739 1234 2107 1582 48 162 845 401 378 1209 1521 1651 796 535 272 681 1858 1951 
585 1280 736 1253 441 1380 631 678 73 128 1413 1529 778 516 448 2014 1974 1340 1639 
904 2063 364 529 149 366 1205 1026 1206 254 1967 865 123 1251 1293 781 1180 355 1291 
1412 1845 1763 1953 1221 510 2179 1611 710 1600 341 512 109 1745 411 1823 1284 1786 526 
139 311 1837 2091 1948 551 1666 25 1855 1702 1945 1385 1134 647 2062 2067 1341 220 985 
803 1815 474 277 187 1704 824 201 1310 658 1417 1297 1750 1862 1816 876 726 1321 609 
2120 732 1683 734 1219 1178 221 1175 774 1597 547 509 1572 2028 1350 1414 1964 1169 1801 
709 31 1668 365 1703 2175 19 42 459 1851 759 412 646 420 1527 404 1757 2 1787 
15 46
8 48
18 31
18 41
2 110
5 65
14 16
1 94
14 41
0 98
4 9
12 63
16 63
4 100
10 41
13 96
2 100
3 74
12 94
1 25
3 87
14 66
9 17
17 47
17 75
10 70
17 48
0 50
15 80
11 56
11 28
9 81
2 67
5 86
11 101
8 31
16 69
13 15
4 80
3 32
14 92
4 61
1 27
6 65
18 11
6 85
12 27
5 59
13 52
1 87
11 93
12 52
5 110
7 106
1 9
5 35
0 92
6 30
3 77
8 9
15 114
5 35
2 111
7 20
15 34
16 65
14 54
18 89
0 2
1 70
0 76
13 12
5 64
15 20
14 87
2 60
4 98
10 26
15 116
1 63
6 10
14 83
4 79
9 73
15 13
4 19
0 103
1 43
0 21
7 42
0 87
11 7
15 88
18 71
9 97
8 84
18 10
12 28
3 49
17 94
15 17
0 4
17 10
6 37
14 61
7 59
0 20
5 80
5 22
10 106
17 59
12 84
7 20
13 32
12 74
12 83
17 104
13 56
3 49
1 113
18 106
12 27
15 31
18 82
10 50
12 8
6 110
13 23
15 63
5 115
17 72
1 26
7 3
1 22
18 64
10 81
17 36
16 32
7 87
14 111
6 23
17 38
1 52
10 26
7 71
1 4
8 72
12 73
10 70
17 88
9 23
8 45
3 58
7 67
14 68
0 25
12 45
3 49
13 14
12 30
11 21
14 98
3 80
16 0
8 11
5 68
1 82
13 25
18 85
3 49
14 96
2 30
0 57
0 63
16 106
5 29
6 86
12 25
6 25
12 69
12 102
9 37
5 30
5 70
12 74
9 91
1 38
2 61
8 34
8 39
18 22
5 107
12 77
12 82
4 104
3 55
3 103
2 41
3 65
0 37
16 26
2 88
10 54
4 90
4 54
4 12
13 66
16 63
12 16
13 42
10 110
17 91
17 37
5 59
1 23
6 23
4 71
1 55
1 101
13 40
0 55
17 54
11 44
5 45
7 49
8 10
13 80
14 115
1 100
16 40
8 15
13 18
8 47
4 54
14 17
16 81
17 75
6 29
0 94
15 87
7 46
0 98
11 44
1 60
11 2
18 80
10 66
10 89
11 58
18 105
1 27
3 88
1 105
13 109
3 103
6 28
5 27
7 4
18 93
14 55
9 48
5 66
8 81
11 113
10 96
16 116
8 86
11 70
9 87
15 3
8 108
1 50
0 3
4 91
4 69
7 102
4 51
9 49
2 82
18 31
16 29
5 52
0 95
1 59
16 53
9 94
15 9
9 53
12 32
8 115
10 5
2 34
6 56
7 41
18 50
5 78
1 79
13 88
13 113
17 99
13 101
1 59
4 99
7 82
2 91
5 51
5 14
1 71
1 5
8 87
9 33
3 73
13 87
8 57
14 54
14 22
10 86
15 107
4 83
15 50
5 74
12 74
10 76
15 48
15 87
6 90
0 14
10 104
10 7
10 77
14 107
14 69
4 83
17 48
7 34
12 5
9 114
5 33
18 76
17 113
11 15
1 48
13 71
14 19
16 63
12 106
0 17
11 17
14 33
0 39
1 87
15 99
2 52
13 106
2 108
3 30
3 55
10 34
17 7
8 43
7 39
3 77
18 86
14 3
5 12
4 1
6 95
7 52
18 87
4 39
16 108
1 72
6 95
7 27
7 10
6 111
17 60
12 82
7 30
1 102
13 54
5 18
2 78
13 76
2 111
18 23
10 51
5 67
3 51
14 47
8 21
12 65
14 110
6 3
18 53
0 71
15 104
1 55
1 31
11 27
8 75
8 50
14 29
1 36
12 71
3 92
6 43
8 87
10 25
10 108
6 60
18 39
16 53
15 36
16 80
13 9
11 71
17 52
11 84
6 56
3 18
0 80
16 21
15 109
10 24
5 31
4 74
8 42
4 105
5 4
13 72
6 9
6 31
14 99
2 39
15 83
9 59
6 49
17 50
0 40
2 67
12 62
15 25
0 107
6 3
4 20
5 93
15 116
2 28
13 26
9 105
9 0
10 39
2 2
13 76
13 24
7 43
8 27
11 5
9 52
15 109
0 39
10 5
9 48
16 24
9 109
5 56
4 92
3 29
8 114
6 33
7 116
13 83
8 95
4 42
11 88
1 5
1 48
14 5
10 19
5 24
8 74
13 51
4 19
16 89
16 16
9 10
16 87
2 68
17 45
6 25
13 99
14 46
12 92
3 91
6 112
9 53
3 85
0 99
15 69
11 20
1 24
5 20
7 88
14 47
12 41
15 68
1 4
18 20
17 116
10 16
16 79
13 11
1 11
6 106
14 88
2 62
6 105
5 109
3 64
18 83
10 48
4 60
12 55
9 41
1 25
9 114
4 96
18 6
17 7
2 46
0 32
8 77
15 8
18 111
11 94
2 111
3 96
10 47
17 11
11 49
16 115
4 114
3 110
16 62
3 22
15 10
17 5
18 37
3 6
0 9
7 16
7 96
1 79
6 83
14 84
2 6
1 79
10 4
12 56
17 26
18 5
1 116
16 95
18 112
5 76
1 104
13 10
10 20
8 63
16 92
3 3
10 21
13 109
14 89
3 9
3 43
8 29
8 56
13 89
4 85
3 1
5 37
14 14
7 39
8 46
12 110
16 115
15 63
2 29
8 39
15 36
16 13
12 69
5 29
12 52
4 64
16 29
4 30
5 84
5 54
5 4
0 66
6 39
4 71
4 105
4 36
17 36
8 104
14 40
0 67
7 32
11 24
3 61
18 93
18 42
7 3
3 8
3 105
16 61
0 32
13 98
10 102
6 103
2 97
9 46
14 110
7 52
5 103
1 61
14 101
0 29
15 81
8 27
14 90
6 5
10 7
10 77
6 29
11 72
9 64
6 94
12 103
6 24
12 101
4 15
11 59
8 47
5 56
17 88
15 3
1 35
17 97
3 110
13 88
15 116
13 55
17 8
3 62
16 95
9 99
16 9
5 56
0 7
14 100
10 67
0 52
5 80
1 5
16 83
5 27
10 49
8 47
0 94
10 86
10 94
5 20
6 71
13 52
17 116
8 81
11 101
8 47
1 5
10 26
1 3
5 108
13 58
10 78
1 71
9 59
14 61
3 79
9 40
10 96
4 106
11 37
4 90
0 98
5 3
15 100
0 40
10 93
10 104
12 59
0 12
7 49
13 111
17 81
16 112
14 16
0 108
11 42
11 116
17 93
16 67
13 106
8 62
18 82
4 112
14 98
14 97
10 50
4 3
15 90
4 62
18 92
16 28
2 62
18 47
15 2
11 112
3 62
17 72
1 93
6 112
18 68
6 57
18 35
18 106
16 76
11 24
1 74
0 16
8 20
13 39
9 108
18 38
17 52
16 75
8 107
11 16
1 33
3 53
18 48
10 69
14 30
13 21
0 10
11 49
8 99
17 26
7 112
13 107
12 47
4 107
13 69
17 33
11 38
12 95
4 75
1 19
4 32
7 77
16 50
18 62
10 65
5 42
13 42
1 42
18 75
9 46
11 34
16 47
7 106
17 65
17 3
18 11
4 39
1 82
11 72
12 36
10 45
7 110
9 102
1 51
6 13
16 89
17 22
4 31
12 100
13 16
14 34
4 36
7 102
12 52
18 40
8 62
11 39
15 101
5 56
14 17
5 108
12 86
1 24
17 115
0 82
4 40
18 20
4 43
4 9
11 28
4 93
9 71
0 10
2 86
1 69
3 44
15 82
10 47
15 32
9 111
2 4
15 18
14 48
3 76
8 74
15 63
0 81
2 107
0 48
18 7
10 28
13 105
18 61
5 41
12 51
16 74
9 76
9 102
14 57
13 91
0 78
12 14
12 116
4 87
15 49
4 58
11 54
6 63
14 69
6 31
7 90
5 36
11 43
6 51
15 24
0 13
9 44
12 89
16 72
13 61
16 61
10 28
10 14
11 89
10 33
5 111
12 93
18 49
13 33
16 33
4 104
4 55
11 21
16 56
3 92
11 101
13 29
15 27
9 75
2 25
10 79
9 9
2 7
9 12
11 110
4 3
3 45
12 109
14 80
13 88
0 1
14 57
4 52
17 84
3 18
2 7
14 97
11 22
15 8
14 27
11 99
15 72
8 28
9 96
10 113
11 102
17 62
9 76
7 113
14 107
2 107
2 34
0 66
15 14
5 100
15 14
9 26
17 107
5 87
0 13
6 38
18 45
2 88
17 100
9 89
10 11
15 79
9 89
15 7
2 14
14 71
14 103
10 19
5 39
11 116
0 95
15 49
18 83
18 38
11 87
5 90
4 33
16 85
1 43
10 88
12 69
16 112
6 99
6 55
17 60
13 76
8 80
5 65
15 15
13 21
6 84
6 46
2 47
10 34
2 116
9 98
15 95
13 65
3 41
10 91
6 19
9 21
0 85
2 101
10 52
14 0
9 71
2 100
14 45
15 73
0 20
11 80
9 17
15 87
7 16
7 2
3 5
17 5
16 75
15 3
9 27
15 69
8 72
5 6
11 39
12 37
16 59
6 83
11 20
10 87
3 88
2 70
12 92
5 28
1 83
1 100
12 7
0 58
0 17
10 10
7 90
10 104
2 95
13 53
16 55
4 70
2 64
3 65
18 75
4 59
5 13
18 114
3 47
14 98
10 78
10 10
14 84
5 107
5 13
7 92
2 104
2 15
1 86
5 51
8 12
14 116
10 40
9 65
8 112
16 70
14 19
5 49
4 40
0 5
3 45
15 92
13 35
3 45
8 66
16 76
2 56
14 98
18 106
7 21
14 26
0 116
10 31
2 80
4 10
11 45
2 66
4 84
11 63
18 116
2 55
0 63
3 80
13 16
4 91
6 93
10 1
17 16
10 100
1 87
15 43
15 45
10 97
13 98
11 40
17 9
9 0
7 48
12 65
8 84
18 50
10 65
3 70
8 78
16 106
9 71
9 61
18 71
1 1
11 59
10 43
3 108
14 59
5 64
13 72
6 50
13 70
1 98
7 39
10 112
16 56
1 101
3 32
10 6
6 41
9 84
8 94
11 9
3 90
17 1
17 72
6 32
7 13
12 27
0 100
7 66
13 65
2 70
6 30
6 110
12 21
18 82
2 75
13 39
0 10
8 62
18 22
5 84
13 113
11 35
16 106
6 43
9 63
9 17
15 84
16 93
3 78
1 74
10 19
17 6
2 54
0 0
18 109
18 31
18 26
14 17
10 63
11 46
9 8
1 7
11 42
2 107
3 23
14 54
6 23
3 114
6 14
15 87
8 40
16 70
16 33
15 100
5 10
15 28
0 29
1 25
4 10
10 103
15 74
2 103
8 74
10 73
3 11
1 44
8 23
11 76
7 91
8 80
5 33
13 21
10 0
6 55
9 8
7 19
13 37
8 56
8 115
0 48
13 29
15 5
14 58
9 74
10 61
17 35
3 22
0 58
18 77
5 22
4 78
0 31
2 72
2 7
7 52
10 96
6 24
10 12
3 12
3 76
15 102
11 33
10 10
13 83
10 107
1 94
10 46
18 104
11 1
2 62
12 50
3 65
15 40
7 58
13 65
17 89
9 65
11 14
3 58
9 85
4 30
2 88
15 72
0 87
8 2
11 32
16 70
17 92
4 65
8 27
5 58
5 58
10 74
15 76
4 80
11 50
18 98
16 27
4 74
1 19
4 95
1 85
8 46
18 6
7 93
6 79
5 73
0 98
7 69
6 12
3 116
3 57
12 106
7 32
16 7
1 113
7 19
17 81
18 6
1 28
16 68
11 106
2 86
18 18
12 34
1 106
1 76
15 37
9 90
3 26
11 36
18 46
17 71
9 2
9 93
14 16
14 14
0 6
9 4
11 73
10 113
12 78
4 21
4 17
9 84
9 18
13 97
0 105
8 65
17 89
12 19
14 77
9 28
8 103
1 95
9 78
15 71
17 4
16 27
6 76
11 65
5 47
15 7
10 23
13 11
16 0
4 56
1 43
10 4
9 23
12 46
17 55
18 12
18 95
7 3
4 103
9 111
9 42
9 86
1 24
4 92
15 96
16 51
18 49
6 89
16 60
11 18
0 105
15 7
3 109
3 42
4 47
18 62
12 4
7 81
11 95
7 60
1 112
8 96
15 3
4 52
9 62
13 82
3 58
15 25
16 8
4 113
0 49
13 10
18 5
12 49
1 29
12 108
3 36
8 30
9 39
12 39
11 50
2 86
7 30
7 71
2 63
6 104
17 72
13 44
6 48
11 92
12 36
4 50
2 64
14 58
16 102
13 29
7 106
16 57
17 19
6 8
15 69
2 36
16 45
6 0
5 4
7 7
9 9
6 98
4 63
17 54
1 111
15 62
18 66
0 18
13 106
2 66
18 38
10 98
13 37
18 61
10 51
16 109
15 62
14 67
15 101
16 59
18 51
5 110
1 112
3 67
15 24
8 15
1 25
3 45
5 11
8 105
11 92
11 2
18 89
17 7
13 29
12 33
3 113
6 50
1 38
13 59
8 88
13 64
18 52
15 36
4 111
17 34
11 2
2 103
8 46
11 113
3 113
14 84
18 113
18 3
15 43
13 70
4 14
2 76
13 109
11 46
3 73
13 81
11 87
14 52
6 16
0 18
14 71
11 22
3 31
6 41
7 2
12 15
6 19
15 87
0 103
14 64
15 101
13 41
2 114
1 111
2 79
7 52
18 83
9 60
13 91
6 78
14 84
2 36
12 48
0 67
10 19
14 18
10 22
11 40
9 28
4 49
7 31
16 102
13 2
16 29
6 106
18 101
14 79
13 73
7 83
4 62
15 89
10 32
3 18
1 110
8 98
3 78
18 38
9 99
11 85
6 98
9 82
5 116
9 22
16 98
12 21
4 48
12 53
7 19
17 57
14 63
4 20
5 61
4 72
8 74
17 106
1 79
5 111
0 42
9 73
7 68
12 97
2 116
18 100
6 19
3 97
12 105
9 62
17 5
15 30
8 86
13 39
5 77
3 60
11 32
1 79
4 86
15 80
0 112
9 86
8 14
1 52
2 42
7 35
9 85
14 103
14 26
7 29
7 60
0 5
5 42
1 101
1 35
12 66
13 18
6 55
0 105
11 57
16 84
10 15
5 42
10 76
9 0
14 4
12 91
2 35
15 52
11 35
2 32
5 63
0 25
6 105
4 116
9 29
10 111
7 114
5 43
5 24
11 20
4 8
6 48
9 33
12 78
13 105
18 86
6 70
7 90
2 110
6 8
12 111
1 73
11 14
4 30
7 63
10 42
12 84
4 16
0 106
11 49
15 50
1 76
11 100
12 44
12 77
4 75
2 53
15 27
0 43
8 104
8 20
9 30
12 58
16 50
16 32
6 57
7 86
11 72
3 52
11 115
14 95
1 86
15 67
9 4
5 107
3 36
13 7
17 52
0 56
11 107
4 90
16 9
18 48
14 54
1 87
13 68
10 21
18 77
1 15
9 106
3 95
13 0
3 65
6 3
16 20
0 111
15 57
2 36
18 85
5 82
10 84
5 73
4 39
5 22
4 26
6 102
11 113
14 111
1 57
15 10
3 34
16 45
8 35
18 104
12 46
2 83
12 43
15 18
12 84
5 71
7 49
12 87
5 92
17 62
4 42
10 85
0 110
11 92
10 29
18 43
10 68
3 1
2 87
8 109
8 81
9 67
9 3
9 114
13 102
9 40
8 6
12 57
9 14
14 8
12 92
12 45
9 20
18 38
1 107
3 10
11 110
10 100
16 34
12 49
2 104
7 63
2 42
0 113
14 25
9 43
14 2
18 6
1 89
4 46
4 98
4 104
17 14
3 16
6 42
15 77
15 64
10 65
12 91
11 9
5 53
17 116
3 102
6 73
18 81
18 94
4 17
15 70
12 103
6 106
17 105
12 112
2 81
15 110
3 111
4 104
3 94
15 23
18 56
15 41
0 15
17 54
11 62
11 76
11 12
9 28
7 106
11 55
3 28
1 56
10 106
9 51
2 51
6 29
2 2
3 5
1 16
5 92
10 93
0 14
2 96
6 1
1 93
14 104
3 35
13 4
11 1
11 26
3 108
7 28
11 108
13 116
15 49
4 7
16 29
14 89
1 85
5 57
7 57
17 83
2 76
13 75
10 74
16 64
15 69
13 75
17 11
5 37
15 112
16 94
12 13
17 7
10 100
11 56
2 66
3 93
16 82
2 27
1 4
0 14
5 74
15 31
3 110
0 11
4 77
3 89
2 6
10 2
12 31
7 34
11 22
5 54
6 22
14 74
12 107
14 9
14 60
14 4
13 77
11 52
4 42
5 115
11 56
18 11
8 104
17 116
4 46
15 9
3 6
1 101
8 47
4 59
4 54
13 54
6 85
1 50
7 110
6 35
8 18
7 13
8 23
7 24
6 80
12 102
14 104
1 95
1 37
11 33
3 106
9 98
13 114
5 54
11 24
4 68
18 96
5 114
13 71
5 0
15 51
14 90
5 2
0 105
3 89
3 23
14 72
12 13
16 44
3 41
8 86
2 71
18 42
7 24
4 114
16 115
14 29
2 28
0 113
8 77
16 69
9 83
7 65
18 49
8 89
9 77
4 68
0 9
0 94
8 7
16 4
9 33
8 78
18 90
14 79
0 21
11 108
17 95
2 23
1 49
0 105
7 54
8 16
8 52
8 0
0 115
12 82
12 13
9 33
4 102
5 67
15 100
2 40
5 50
3 48
18 64
5 54
1 15
0 103
14 51
1 65
12 17
3 94
8 46
11 28
1 112
2 35
3 39
17 4
5 40
11 22
2 103
16 110
15 28
3 41
7 107
17 56
0 25
6 104
17 24
16 103
3 79
6 48
2 108
0 74
13 116
18 112
8 78
12 4
2 2
9 28
6 24
11 58
1 116
7 79
3 3
14 71
16 11
7 70
18 73
10 38
3 12
15 115
11 92
6 25
11 40
10 44
0 66
9 102
10 33
8 116
13 82
7 85
11 51
18 38
18 77
9 53
11 22
6 54
8 45
9 95
0 83
16 53
1 49
4 3
7 64
5 21
18 11
18 27
2 17
10 62
7 68
14 6
1 104
15 43
5 50
4 76
8 6
0 76
12 83
8 75
8 57
11 61
8 89
18 77
10 27
16 91
6 54
13 108
6 21
15 108
9 21
18 98
1 4
3 21
13 20
2 45
7 70
14 106
7 33
12 116
12 37
7 78
4 7
14 87
7 33
11 108
16 49
4 107
8 113
7 105
14 41
3 17
15 105
14 66
11 68
8 85
0 112
4 18
8 114
14 55
6 26
12 21
13 33
12 21
17 27
7 100
11 45
15 103
0 69
16 72
1 33
1 103
10 111
11 27
4 48
8 32
3 27
4 32
0 6
14 38
14 97
0 78
13 114
11 95
3 16
2 85
17 75
8 80
10 29
12 46
14 28
11 106
18 85
4 110
0 18
17 65
12 17
14 11
10 65
5 95
6 20
5 95
16 44
5 17
8 19
12 103
15 109
4 54
4 61
17 62
0 14
11 112
10 58
9 7
11 85
16 43
3 6
9 112
5 100
16 110
8 38
17 4
11 111
11 36
8 49
3 4
17 22
1 14
5 77
14 97
5 92
15 54
2 9
4 101
14 0
17 42
2 99
2 39
8 51
10 81
7 112
13 5
6 45
10 54
10 71
8 1
13 43
15 64
10 73
0 69
3 33
5 45
3 101
7 2
15 55
7 98
1 108
15 63
18 53
9 110
1 23
12 106
2 104
2 59
0 2
8 78
2 95
6 60
7 58
15 112
16 51
4 39
1 66
18 95
1 9
18 27
14 85
9 9
1 68
6 3
3 61
11 32
1 44
18 97
2 17
3 68
17 18
6 10
6 98
3 23
13 54
11 20
13 60
11 64
4 94
0 93
4 28
0 77
15 103
2 78
5 50
17 78
10 3
3 10
10 110
13 37
13 47
3 75
6 110
17 66
4 9
18 30
10 44
8 49
2 88
2 42
10 67
15 91
12 101
1 3
17 116
11 40
5 38
1 68
18 114
0 1
7 22
18 87
3 75
3 85
0 68
6 23
16 55
9 33
4 72
8 102
4 76
13 16
12 102
6 49
1 10
3 79
17 92
4 81
1 91
9 13
18 93
11 31
4 1
4 77
12 76
2 64
15 44
14 89
6 3
12 22
15 112
14 51
13 11
13 7
0 13
12 113
0 68
16 83
17 104
2 68
11 50
14 75
6 110
5 92
9 109
2 14
16 58
1 28
1 95
10 80
3 44
18 42
15 105
11 11
2 90
4 76
5 49
2 53
3 32
2 13
17 18
4 99
6 82
0 35
15 46
10 9
11 53
13 104
0 94
0 80
16 52
1 81
6 40
1 69
11 72
3 26
6 40
7 12
15 113
5 25
16 23
2 52
10 34
8 85
9 26
1 2
17 11
17 98
15 48
8 2
11 3
1 78
5 62
10 116
15 2
12 92
2 15
12 16
0 21
15 112
16 5
16 70
3 70
15 63
12 8
14 70
10 83
0 111
7 82
12 67
14 38
15 97
7 34
18 99
14 46
17 88
5 28
11 58
9 98
9 17
7 6
13 94
16 98
11 54
11 100
12 54
13 35
4 62
8 4
0 50
7 106
1 108
1 65
3 80
0 112
11 61
4 56
2 62
18 47
4 6
13 78
7 49
17 29
2 3
1 33
9 29
13 21
4 19
5 91
15 87
17 75
9 80
5 80
9 82
0 53
11 24
12 91
4 42
14 96
8 111
0 73
16 38
13 42
9 33
15 23
12 107
10 42
16 91
2 41
17 64
4 79
10 115
14 12
5 0
2 71
8 0
17 109
12 92
4 19
8 19
10 58
4 60
14 34
10 9
14 42
14 78
7 47
5 58
18 53
14 108
0 55
6 46
15 74
13 93
10 98
4 0
7 2
5 21
9 20
0 11
11 90
7 99
4 85
11 104
11 52
11 59
16 91
8 91
10 62
11 95
1 81
8 56
9 62
4 34
3 110
6 17
5 58
13 8
13 53
2 62
2 56
17 39
9 54
10 32
13 82
8 37
12 116
18 42
0 32
5 34
14 78
6 24
18 79
17 45
17 113
5 67
0 98
18 8
16 26
16 69
6 67
2 63
7 64
6 112
14 16
6 12
5 102
5 104
6 66
15 63
10 66
10 69
6 48
6 62
11 62
13 102
3 92
4 13
5 1
5 14
11 62
5 68
7 65
16 90
8 76
16 31
6 28
14 22
11 69
18 84
8 0
14 115
16 24
1 48
10 97
9 15
2 116
2 90
1 29
7 37
18 12
0 9
1 19
12 35
5 62
1 81
2 91
17 60
13 46
15 20
4 42
14 57
11 47
5 77
11 4
15 0
3 25
5 80
6 84
18 64
7 56
6 22
10 89
7 71
18 2
8 87
12 55
9 81
13 25
4 35
1 40
1 42
2 88
12 48
1 32
11 85
18 15
5 68
1 21
17 79
1 34
0 68
18 98
2 4
12 76
13 26
6 40
10 48
13 89
17 10
2 77
6 88
2 45
14 17
17 111
0 37
0 109
14 36
15 16
2 0
16 74
10 100
16 14
2 53
5 97
7 35
7 116
14 74
2 77
17 83
17 96
4 68
8 57
14 97
14 45
1 29
5 69
4 53
5 95
4 114
13 108
15 26
17 116
14 45
13 48
17 77
2 73
12 70
9 116
9 42
18 87
4 31
11 22
4 34
15 4
15 83
16 13
11 21
14 63
14 100
13 40
7 111
12 13
13 44
16 74
1 88
16 60
8 113
15 96
12 64
15 12
11 53
9 32
4 26
0 98
2 106
5 8
0 102
3 72
5 45
0 103
9 7
11 78
3 111
17 104
16 44
11 24
2 102
0 25
7 5
18 9
9 75
9 45
12 93
6 22
18 98
17 116
5 92
13 114
7 43
4 4
14 2
18 27
14 23
12 45
11 59
2 64
3 82
2 102
18 19
15 7
11 108
7 99
1 53
0 100
17 61
9 42
15 55
9 98
10 6
14 23
3 94
7 90
18 111
1 104
0 104
2 50
14 116
8 53
12 51
2 63
13 13
9 91
9 59
17 80
17 55
12 58
4 34
16 13
5 38
10 22
16 24
9 1
4 19
4 46
11 91
15 109
2 89
18 0
12 35
11 39
8 3
8 87
9 61
4 113
0 3
8 11
8 40
5 80
5 33
0 28
13 78
8 79
6 98
1 34
16 15
8 40
16 29
0 21
10 68
13 79
12 67
9 57
13 4
17 73
2 18
12 102
6 15
10 30
17 70
12 70
13 42
16 65
4 112
0 110
6 39
6 89
0 110
10 45
13 8
15 70
1 84
18 85
12 12
14 50
18 20
17 11
4 18
13 12
5 73
18 33
1 43
8 91
12 27
5 52
9 5
14 83
1 107
2 100
8 43
1 13
3 18
9 16
15 95
15 34
12 18
4 65
8 98
13 80
2 90
17 54
15 2
10 3
9 109
11 43
5 57
6 58
16 94
5 87
16 28
6 93
12 38
6 17
4 79
7 107
12 75
12 30
9 74
10 82
5 29
1 114
16 84
6 3
9 43
1 113
4 101
12 36
9 100
3 82
12 111
0 12
13 27
3 50
7 0
16 51
9 67
5 104
6 50
17 82
12 94
10 29
13 116
1 93
17 30
5 112
1 96
0 38
5 91
2 59
4 86
13 103
17 48
1 106
7 15
9 109
16 66
2 111
11 8
6 40
18 11
14 5
4 116
9 114
11 71
2 41
10 21
2 19
9 44
3 34
12 17
15 34
16 0
5 15
1 51
11 107
13 35
17 54
7 61
14 46
7 70
13 71
12 79
18 110
17 106
10 78
15 60
11 98
17 18
17 0
17 69
4 112
14 41
3 74
10 54
16 66
16 49
1 75
8 14
6 38
3 71
5 113
9 77
8 111
13 4
9 57
14 13
13 94
14 55
10 24
5 89
14 37
9 96
11 47
16 62
1 53
4 76
0 37
5 60
16 79
1 42
6 115
18 66
15 112
15 75
17 12
13 98
14 57
15 52
0 72
16 33
16 98
16 108
2 69
1 71
6 16
8 16
13 115
12 70
9 94
8 48
8 61
5 41
18 72
16 100
16 100
5 75
11 65
6 48
0 103
3 56
12 88
4 110
15 111
7 22
7 32
3 95
5 24
1 109
17 68
10 97
0 21
13 40
15 115
4 91
5 25
9 51
7 105
6 44
8 12
14 100
4 19
4 5
17 25
8 42
13 21
14 66
7 85
18 41
5 77
11 30
6 4
14 70
0 87
13 99
12 72
18 1
18 18
0 27
0 89
4 63
1 105
5 95
13 50
6 79
7 104
11 110
0 9
9 93
18 103
9 31
6 23
6 20
10 98
12 77
0 9
3 32
4 33
17 67
0 21
0 64
0 20
9 30
8 114
8 102
1 52
0 93
16 87
7 22
2 48
14 36
9 91
0 20
3 53
9 14
2 47
10 30
5 38
7 66
9 102
4 28
11 8
16 14
3 106
0 3
18 39
0 72
16 87
1 79
9 59
1 57
4 66
3 52
1 106
3 113
15 58
8 75
8 95
12 35
2 84
6 113
0 47
18 83
13 23
5 35
1 76
12 100
17 15
17 24
9 21
8 11
15 19
6 31
6 98
4 63
15 45
3 77
5 86
12 74
7 36
16 60
4 8
18 8
5 35
13 59
1 36
1 0
5 50
16 69
17 25
0 32
1 94
3 111
9 85
5 108
15 102
9 95
9 76
12 94
3 49
9 103
5 8
12 63
14 60
2 87
9 91
4 103
9 103
1 79
6 54
5 16
9 88
7 74
1 42
1 36
10 26
15 92
9 85
13 10
11 75
13 80
7 111
6 98
14 96
8 84
2 21
12 93
1 32
0 110
18 49
16 19
6 64
14 46
1 38
7 113
10 111
6 113
4 98
9 72
12 77
16 96
14 83
12 25
1 112
9 95
10 70
18 3
2 66
14 54
5 12
2 9
16 79
12 52
1 99
6 48
14 82
8 75
8 102
5 7
5 88
8 13
4 77
6 22
7 99
6 43
7 3
3 30
8 63
18 35
17 62
4 53
8 56
2 42
11 78
16 104
18 1
9 38
12 67
3 0
13 4
7 45
5 5
10 101
2 6
9 53
6 13
12 16
15 68
12 2
9 16
8 106
16 65
11 67
17 57
7 75
3 111
8 45
12 55
15 21
12 104
14 44
7 12
13 42
7 42
3 9
13 111
1 39
16 30
15 74
4 74
5 56
16 65
6 113
9 21
4 103
13 48
9 49
4 11
17 9
16 14
13 73
15 70
4 72
2 109
5 88
17 57
6 41
4 81
12 16
15 50
4 109
1 9
16 33
13 30
3 17
7 109
4 53
3 30
12 55
15 92
18 12
7 53
14 40
5 40
7 12
14 19
11 53
16 23
3 103
10 104
5 49
15 107
10 39
15 7
7 98
1 15
3 28
18 74
11 98
10 94
10 90
16 95
14 41
18 110
8 52
2 77
2 62
7 59
18 89
2 109
2 109
11 43
14 2
8 40
18 15
15 19
18 8
6 6
6 101
9 64
16 36
2 34
6 39
12 67
0 13
2 39
18 77
7 4
13 66
4 89
4 68
15 56
1 18
5 5
0 52
0 63
8 28
12 101
14 0
13 65
5 89
6 33
7 49
17 87
16 93
15 23
7 30
10 2
5 102
2 5
4 90
7 15
6 115
4 34
16 9
18 102
1 81
14 105
14 21
17 16
11 22
5 89
9 83
16 50
12 105
7 81
7 94
9 115
14 110
1 14
13 86
17 40
4 102
13 34
0 41
13 79
8 40
3 98
15 8
12 64
0 15
15 101
18 114
16 66
16 53
0 98
2 42
16 64
11 4
9 28
1 81
6 92
11 99
11 91
12 97
5 79
2 6
1 89
2 71
11 100
7 84
15 68
12 46
18 10
11 8
17 16
10 94
8 35
17 10
8 104
5 56
14 39
8 58
15 43
0 30
5 45
13 60
5 97
11 12
17 27
17 48
17 8
8 5
2 95
2 55
15 86
10 13
6 30
8 45
0 3
18 67
18 10
0 44
8 33
2 97
11 12
4 52
14 73
12 73
10 72
15 87
10 6
5 67
9 80
8 53
13 81
14 41
10 92
11 78
16 103
5 49
9 83
16 93
0 57
16 58
7 50
16 98
8 57
8 52
11 54
1 82
7 22
9 76
8 11
6 3
12 103
16 22
8 11
10 77
10 80
18 39
6 48
4 112
3 114
8 15
7 106
13 6
4 22
3 95
2 36
12 21
10 113
14 17
1 100
6 9
1 15
1 4
14 7
18 78
5 40
1 48
0 113
14 92
16 55
12 23
2 77
11 67
17 99
1 42
7 111
6 10
9 50
15 35
8 29
15 80
1 12
10 89
11 3
9 17
6 63
4 84
7 4
17 0
13 47
8 97
0 116
6 77
16 97
2 41
2 22
0 100
10 58
7 40
1 96
14 87
16 47
3 70
12 25
0 102
0 109
1 104
3 44
17 36
8 108
4 85
1 80
15 111
14 107
13 38
11 84
2 110
16 82
9 11
8 113
9 9
6 60
5 53
10 11
7 54
0 99
12 79
1 84
8 55
7 59
0 114
12 99
17 86
4 1
2 99
0 8
1 31
14 4
15 4
4 12
18 61
7 39
6 21
14 38
9 46
11 89
0 96
17 52
12 0
7 5
5 26
11 30
0 74
17 69
2 52
10 25
4 36
16 64
7 0
9 79
8 86
11 40
14 34
7 102
18 26
6 84
8 73
0 29
8 2
13 45
15 69
16 97
3 43
9 93
7 92
16 58
13 1
12 87
17 101
11 115
14 33
9 66
0 12
2 97
3 40
17 97
0 20
3 77
11 9
0 93
1 28
2 78
18 35
11 93
1 2
14 42
15 55
0 111
14 12
16 82
18 116
15 102
14 91
14 115
9 54
7 5
4 44
16 2
7 115
13 109
10 84
7 109
4 71
10 44
2 66
5 49
4 27
5 3
5 81
5 30
16 60
10 92
14 75
12 110
1 67
4 104
16 44
0 23
12 68
8 8
18 105
9 36
10 1
17 107
3 70
10 75
5 108
2 34
15 1
2 37
18 54
17 32
7 32
1 74
3 113
16 115
6 43
4 65
6 107
6 17
9 26
7 30
3 31
12 55
18 62
18 11
1 110
10 51
11 56
3 100
4 48
18 81
6 40
5 27
16 17
2 50
7 15
7 6
10 14
0 54
11 23
2 105
5 35
12 91
16 89
2 109
1 79
1 54
17 36
0 115
17 96
2 33
2 84
8 81
14 52
5 72
7 73
11 33
18 53
15 111
17 88
9 19
2 96
2 46
11 57
0 63
17 55
14 98
14 10
18 78
8 59
10 112
16 103
4 74
5 49
9 108
2 83
3 3
1 106
9 100
6 112
7 106
12 107
8 52
16 2
14 113
5 25
3 49
18 12
3 78
8 111
1 67
10 34
16 23
8 44
5 31
16 9
2 28
10 41
8 66
3 34
9 73
6 58
17 90
16 15
9 69
16 38
4 13
17 60
4 46
7 115
6 16
1 4
15 81
7 30
8 98
6 30
9 65
13 84
2 53
8 20
9 19
18 3
17 22
16 111
16 91
10 91
17 75
6 90
0 104
6 9
9 32
5 40
4 35
1 46
5 14
2 21
15 91
9 72
13 48
13 27
15 67
9 90
3 21
16 6
0 83
13 8
11 80
16 13
13 2
6 54
18 77
4 68
15 93
6 107
7 37
14 53
17 27
3 109
8 29
7 109
8 98
17 79
2 18
3 63
9 54
15 87
9 102
2 107
10 59
8 15
5 114
16 108
3 73
10 19
0 70
10 22
14 45
4 54
2 8
1 109
5 97
12 46
16 66
17 87
18 12
0 74
7 87
15 56
18 23
14 18
13 86
1 0
5 94
15 9
16 74
12 76
18 29
18 31
7 38
16 49
10 69
17 2
12 44
17 7
11 50
4 12
12 29
6 15
18 48
6 99
4 54
12 59
7 38
14 95
11 47
0 75
12 11
2 90
9 78
1 55
16 82
12 115
5 12
8 42
2 6
7 110
10 18
6 105
12 64
13 101
16 105
7 111
12 83
1 93
11 92
4 30
1 81
12 61
6 33
15 89
5 35
0 92
14 93
14 42
14 89
3 53
12 53
10 46
11 86
11 54
15 66
1 79
18 39
8 66
4 96
15 62
18 54
5 67
8 82
3 8
17 44
15 82
8 109
15 3
4 109
8 64
10 108
9 110
11 95
13 6
14 112
1 56
17 30
8 50
9 93
14 24
9 63
6 67
1 68
2 29
11 103
7 54
1 74
17 76
17 70
13 114
10 112
15 56
14 105
16 26
13 94
3 74
10 31
7 75
16 16
5 1
17 87
3 23
5 62
17 98
14 19
2 50
18 90
16 78
16 59
0 0
6 66
18 56
18 24
2 25
6 93
8 113
4 50
4 48
14 109
7 89
15 75
4 19
13 78
15 78
2 88
8 58
2 100
2 77
7 22
10 115
17 39
13 51
0 90
5 60
1 53
15 24
10 40
9 86
6 96
18 102
3 65
7 6
9 33
5 28
10 95
8 71
4 61
16 14
17 113
14 34
14 51
11 96
12 94
18 66
17 52
13 74
17 9
2 43
18 84
15 85
18 0
15 64
4 99
7 61
9 0
15 81
12 91
6 52
13 77
17 105
10 69
18 114
11 15
10 16
2 96
9 30
6 93
12 15
7 106
10 69
3 45
14 87
0 80
14 93
2 57
5 88
9 25
15 70
8 31
13 83
15 12
14 90
1 74
5 92
16 65
8 77
10 87
10 85
7 59
11 116
13 24
3 22
11 66
14 61
9 104
11 11
6 88
13 30
17 55
5 84
15 111
10 17
16 27
15 14
3 89
10 90
11 86
9 57
5 17
8 72
13 80
3 18
7 86
5 40
11 56
9 52
3 34
1 64
10 109
8 66
11 40
18 71
9 110
0 91
6 43
12 77
5 56
10 72
11 9
9 32
3 76
0 69
7 103
16 43
5 106
3 105
13 102
2 74
1 79
5 30
2 76
2 32
7 96
12 83
5 17
18 28
10 37
5 101
7 115
15 6
18 39
2 23
1 7
16 72
2 25
6 45
2 14
4 72
3 98
13 93
18 116
1 113
2 0
4 16
6 107
17 48
17 79
13 53
1 102
13 89
18 94
13 66
3 66
0 25
0 105
7 106
16 50
4 57
16 91
11 91
8 38
9 93
10 92
8 101
15 94
2 41
11 64
18 60
6 3
7 9
6 88
0 88
14 40
15 4
6 61
8 101
6 29
1 56
15 54
1 74
15 42
15 23
7 54
15 51
16 22
12 9
3 102
15 109
7 13
15 93
11 114
15 23
14 36
14 46
11 77
9 57
6 61
7 70
1 65
0 115
14 8
3 54
14 90
3 98
12 0
11 0
15 26
17 83
18 54
10 40
11 104
7 62
16 93
14 63
11 32
4 67
4 106
11 56
11 55
9 12
0 76
18 32
16 86
15 101
14 53
9 55
10 31
10 114
4 37
5 6
1 95
14 55
15 91
16 47
3 55
14 55
16 65
16 23
16 4
3 48
11 82
7 94
10 115
16 93
1 18
0 3
11 80
6 21
9 66
18 90
4 42
2 22
4 112
13 38
5 49
15 76
15 86
2 73
16 28
12 59
4 85
9 112
11 38
16 31
5 104
8 5
2 45
12 16
13 16
16 16
5 64
10 108
6 20
16 1
3 46
1 108
17 81
8 9
11 26
8 40
15 52
8 92
1 110
2 61
2 114
9 58
11 14
13 79
15 30
5 0
2 30
16 55
15 72
7 45
17 100
15 74
13 17
5 112
12 52
13 106
9 43
2 94
10 108
9 101
4 87
13 96
13 59
3 72
8 42
17 111
15 54
11 40
15 30
10 81
7 103
1 5
1 105
1 57
9 113
2 59
17 33
18 20
11 14
2 7
9 4
0 7
15 92
6 33
13 46
4 65
4 33
10 84
0 10
2 4
3 69
18 82
15 15
3 56
1 1
7 111
16 115
4 92
4 113
2 95
15 104
13 11
18 10
13 36
7 110
14 17
3 115
2 16
0 6
10 19
3 103
10 96
3 99
4 59
7 32
16 42
1 28
9 110
4 21
18 77
9 70
13 59
6 25
7 102
8 9
2 80
4 88
4 17
9 22
12 88
4 108
13 92
3 19
13 40
6 90
7 70
7 50
8 99
16 3
8 80
14 37
4 23
16 69
2 91
16 74
2 48
1 56
6 37
9 85
17 100
5 78
3 44
5 0
11 72
5 51
12 8
16 116
9 4
9 88
10 76
0 37
18 96
9 60
3 12
10 57
14 59
11 58
1 108
5 110
18 56
5 99
5 92
0 9
11 111
12 49
1 49
12 0
13 88
7 92
3 35
9 64
16 12
5 35
0 78
6 20
3 27
9 6
5 12
14 51
0 39
8 71
1 29
6 4
10 61
15 62
13 108
9 12
1 86
2 52
17 42
12 42
14 0
11 91
14 22
9 48
9 56
7 101
12 73
3 86
3 82
0 72
4 20
11 25
17 36
11 16
13 68
0 53
4 18
14 42
6 104
10 103
8 49
18 88
8 103
7 2
1 92
18 22
4 78
0 9
10 70
9 34
13 95
4 61
11 34
13 75
15 98
12 67
11 40
17 102
8 37
4 67
16 90
4 44
7 71
14 56
1 15
11 94
6 53
13 86
3 72
11 77
7 99
10 44
1 38
15 52
9 57
1 23
18 63
11 31
11 56
7 92
2 90
0 58
9 4
3 22
0 32
3 28
8 43
12 39
18 83
4 9
3 55
0 13
14 38
18 102
14 65
8 43
14 49
0 81
16 63
17 10
10 20
13 85
14 26
13 56
0 102
7 72
9 88
13 45
8 116
17 53
9 88
6 21
8 78
4 97
11 101
12 14
9 4
6 55
2 73
1 40
6 115
9 30
11 79
17 32
10 61
17 73
15 73
10 90
17 57
12 28
7 114
9 36
1 48
7 52
8 8
16 73
15 88
6 76
12 57
13 5
12 23
4 63
7 96
3 26
3 73
16 75
7 96
8 80
6 14
5 16
8 49
8 97
16 77
8 20
0 71
14 38
3 71
13 64
11 67
16 10
16 48
13 90
12 25
7 94
5 98
13 108
7 90
13 52
8 108
16 35
14 79
9 72
6 94
18 57
6 44
2 88
10 93
2 16
6 99
3 66
2 64
10 68
6 48
14 27
3 25
18 30
18 80
17 94
3 39
16 56
1 109
14 69
16 2
2 7
10 24
2 87
12 52
16 85
5 108
12 56
2 40
17 14
10 113
9 96
13 107
18 80
5 58
4 50
4 79
16 56
13 35
11 18
13 101
15 24
5 42
1 48
16 48
17 60
2 40
12 113
9 41
3 26
4 26
11 81
17 81
7 49
0 74
10 41
18 64
7 88
0 60
13 19
9 75
7 106
1 102
9 2
15 81
12 105
3 36
12 67
5 61
15 103
10 29
0 66
14 48
0 94
10 40
17 108
9 87
1 36
9 75
10 31
14 2
15 94
1 28
6 102
11 19
16 101
2 82
12 102
11 16
4 62
11 101
5 15
0 88
3 24
18 54
2 102
16 53
13 26
2 64
1 49
1 38
6 14
11 71
10 101
7 98
8 24
8 53
3 11
15 11
4 20
11 36
5 90
4 28
1 39
4 82
10 48
16 82
8 37
8 64
13 31
0 116
3 19
15 25
3 55
6 48
7 1
13 77
4 32
8 87
8 107
4 33
8 45
16 114
1 31
0 66
17 53
18 49
3 29
5 74
10 28
12 5
1 14
2 80
4 8
12 52
18 17
17 42
3 92
6 81
7 71
16 86
10 22
0 9
14 26
8 14
15 37
15 80
16 47
3 107
11 26
14 80
6 69
13 85
11 2
7 91
2 91
1 57
2 60
10 28
2 4
15 7
16 91
16 108
11 61
14 74
5 89
10 48
15 78
16 31
16 71
5 52
13 72
1 115
2 21
17 84
3 69
5 23
11 61
16 64
5 12
16 66
8 23
7 108
8 116
6 5
18 99
16 85
0 44
15 83
5 49
4 70
15 34
9 15
9 9
5 8
4 40
1 99
4 11
10 101
15 96
16 7
12 62
5 54
3 38
10 0
11 38
12 45
6 100
17 22
15 42
5 95
2 9
11 48
16 30
6 19
16 28
14 63
17 33
16 112
8 85
8 1
3 93
2 68
17 108
1 77
9 71
3 62
4 67
4 8
14 108
6 115
2 10
16 38
6 99
3 104
15 85
1 29
0 0
12 111
15 11
4 73
7 66
4 71
1 94
2 34
14 8
18 82
9 47
11 56
0 32
18 22
6 6
8 69
4 83
6 9
7 77
12 13
16 96
11 79
13 63
16 74
10 44
6 50
0 66
7 62
10 89
17 53
8 67
3 67
17 62
15 39
4 90
4 77
2 112
14 1
4 93
6 4
17 2
7 115
10 15
4 40
9 88
8 63
11 57
8 2
0 9
9 21
1 64
14 78
12 104
5 81
1 89
3 64
16 115
4 46
14 66
12 105
7 17
2 31
18 59
17 83
2 19
7 72
17 1
13 18
6 22
9 75
16 42
14 47
15 103
4 15
0 53
6 109
17 96
2 23
10 100
6 25
3 84
14 4
9 72
14 85
14 8
1 68
5 86
2 94
2 84
1 100
5 64
14 67
2 91
17 85
1 74
9 42
15 0
16 114
17 15
11 85
8 105
15 46
3 25
12 78
0 46
15 105
4 99
11 58
15 15
7 85
5 28
9 11
17 105
5 0
4 60
3 16
3 97
18 54
6 108
12 93
1 7
11 33
11 62
4 58
16 29
14 71
2 27
5 92
16 59
8 58
3 19
5 114
5 113
10 55
18 14
18 44
8 50
8 56
18 20
13 107
2 94
5 83
15 43
2 28
15 41
2 14
16 77
17 115
17 79
16 85
5 34
0 75
0 71
15 3
6 3
15 40
13 86
8 35
15 43
3 61
18 15
16 63
7 25
16 41
9 23
13 27
16 87
1 14
10 1
18 78
15 80
15 16
6 58
17 26
14 48
7 85
15 111
16 50
13 3
16 33
1 106
14 64
5 106
11 113
0 91
15 93
12 80
14 35
12 108
0 49
16 46
4 112
12 61
1 87
8 34
17 57
6 66
12 94
4 59
18 21
16 35
12 22
10 40
8 55
13 109
10 8
6 67
15 61
9 106
2 108
1 101
3 60
3 25
4 67
7 27
16 69
13 83
5 23
15 10
17 37
9 106
9 9
14 74
17 0
17 2
1 63
10 108
5 67
12 28
2 86
6 90
2 21
7 94
7 25
6 91
9 100
4 2
11 111
2 9
9 85
6 15
15 87
3 74
6 54
14 10
17 92
16 39
17 58
7 59
11 22
10 103
7 47
3 15
10 20
7 33
8 113
5 46
17 77
5 78
1 67
2 89
14 105
18 19
0 84
4 58
17 57
8 35
8 44
9 26
12 57
7 94
0 102
17 37
4 75
10 21
13 4
13 5
17 98
14 44
14 52
2 9
6 6
7 17
15 103
8 73
14 18
6 49
13 18
14 115
9 72
1 22
5 61
12 64
6 72
18 72
18 1
1 96
8 96
18 0
6 17
17 51
16 51
6 52
3 35
15 110
4 83
16 10
13 15
3 11
13 100
18 58
6 103
3 20
0 41
13 107
10 77
15 104
3 17
1 7
15 34
16 80
3 80
10 102
2 8
7 87
16 33
2 111
8 62
9 94
15 18
9 85
5 59
16 10
15 27
12 56
11 51
11 25
14 54
17 20
4 14
1 30
17 64
1 102
13 6
10 78
16 91
5 43
18 35
2 18
11 20
17 36
13 115
12 38
0 92
6 100
3 18
4 113
5 80
17 49
2 27
11 64
10 116
11 8
11 47
18 65
1 28
9 0
10 72
0 88
4 116
7 104
2 60
16 59
8 79
3 98
5 60
6 88
9 44
16 8
4 12
7 21
3 56
9 71
10 41
7 77
13 100
4 102
18 84
10 100
11 48
13 66
17 74
14 13
9 51
8 24
8 3
4 49
14 85
14 46
13 104
12 10
3 88
3 92
6 76
9 61
11 103
15 67
4 18
0 56
14 115
0 101
0 79
5 4
9 43
6 97
11 87
8 106
12 40
15 115
12 0
7 85
14 91
10 46
13 78
2 61
18 61
13 107
4 44
18 15
17 60
5 97
11 31
5 108
10 3
5 69
9 80
11 79
12 99
14 31
9 34
1 64
16 105
11 45
8 33
8 30
8 26
5 58
8 26
4 31
1 32
10 8
12 45
1 68
18 16
6 71
8 40
6 2
2 104
15 16
11 91
16 86
8 70
2 36
7 15
7 59
6 39
13 14
17 88
6 104
9 14
1 62
6 63
17 16
3 101
8 19
11 29
7 49
1 98
7 12
16 76
13 29
17 46
4 19
12 21
16 90
9 92
10 52
18 100
8 34
5 69
13 17
15 111
8 16
15 3
0 57
9 47
8 18
18 41
7 82
4 44
3 76
8 35
3 33
0 73
14 88
3 77
16 32
6 1
4 76
12 20
18 94
18 91
17 98
11 74
14 46
2 32
17 97
11 75
0 22
11 27
1 80
10 32
18 79
2 73
8 14
3 109
0 23
0 29
10 11
10 67
17 94
18 116
0 7
17 32
10 49
6 113
0 13
4 49
11 47
6 111
12 115
1 18
0 33
1 63
6 71
12 35
1 90
7 101
9 41
17 42
16 100
7 107
0 115
18 79
4 21
1 21
16 55
5 62
17 110
3 3
14 87
9 66
11 66
8 80
12 30
8 71
9 11
11 71
13 60
5 114
18 13
1 18
0 43
3 20
16 80
1 18
18 68
0 98
18 14
14 107
8 82
10 0
8 32
2 64
3 81
18 102
4 20
2 78
6 69
10 66
3 84
4 114
14 33
13 11
9 3
3 73
18 95
7 96
3 92
15 74
5 29
13 80
5 68
16 32
4 9
10 23
2 2
12 114
8 86
0 21
9 48
12 89
9 57
15 39
4 103
18 89
5 90
1 20
1 89
10 45
4 26
3 57
10 56
1 40
16 3
5 109
0 8
16 90
5 47
8 34
0 90
11 37
9 68
4 69
11 88
9 19
2 34
17 23
10 0
15 113
10 104
11 22
11 57
12 33
11 100
5 38
9 14
9 17
18 92
6 63
17 23
13 76
6 69
10 28
6 69
18 28
8 97
2 91
16 74
16 91
10 83
16 110
16 10
18 98
14 14
2 58
10 15
16 84
9 58
15 116
9 77
10 53
12 31
14 110
5 36
14 75
9 80
16 1
1 101
15 19
16 87
4 16
7 58
18 53
4 33
14 90
5 25
9 42
3 47
17 100
15 32
6 55
3 26
6 91
11 113
9 104
5 9
8 27
5 66
6 88
4 101
2 82
2 83
9 72
9 44
6 95
8 73
15 109
11 116
8 79
13 70
7 54
10 10
7 33
8 88
6 76
3 97
15 18
14 17
14 72
3 2
17 80
0 0
1 77
12 21
5 89
12 5
9 103
10 102
1 108
2 13
16 53
18 30
10 66
17 95
17 98
15 2
13 76
7 91
18 86
1 22
7 67
9 7
8 107
2 56
3 1
18 100
5 23
9 43
7 8
10 12
9 91
1 89
12 49
5 55
2 15
8 43
11 0
16 60
1 46
10 83
6 56
16 76
15 106
14 105
0 15
11 91
12 67
15 48
7 42
8 39
15 33
12 60
15 116
14 29
16 22
11 18
17 93
5 115
5 20
6 64
8 25
11 115
11 109
6 69
3 25
17 51
18 3
7 105
9 100
6 5
11 100
17 32
18 17
5 61
17 88
1 48
7 52
6 114
0 95
11 53
12 32
11 52
8 97
11 37
8 45
9 26
4 2
17 91
8 71
18 36
16 89
4 85
11 66
12 36
13 87
5 45
18 116
16 108
7 107
18 37
2 27
17 3
4 8
14 23
9 29
7 73
11 9
3 57
16 15
8 81
10 87
14 96
4 20
3 86
5 45
14 83
3 51
11 74
4 8
7 91
3 115
0 5
10 53
15 43
5 70
0 82
18 6
17 65
12 98
14 77
13 22
4 68
6 20
4 95
4 67
13 94
13 51
11 1
8 103
12 8
5 84
6 29
17 109
9 98
6 32
18 61
3 95
11 50
14 64
12 69
0 0
8 60
15 20
3 34
14 102
11 17
8 81
4 9
9 35
12 105
5 6
13 59
0 111
6 28
7 52
6 81
6 22
4 19
9 58
4 45
3 61
7 49
16 57
15 39
18 45
6 52
16 31
0 55
9 81
10 20
13 23
0 93
8 95
3 87
3 67
9 72
11 100
16 26
4 83
1 86
15 40
12 37
17 50
16 91
0 79
2 3
10 84
16 93
14 5
3 71
2 25
13 41
15 78
14 78
1 90
3 115
7 8
12 23
11 17
12 17
7 33
2 107
8 48
2 107
4 65
10 27
17 36
5 59
2 17
18 53
18 19
5 62
9 34
15 90
12 79
18 101
1 44
15 68
0 35
6 33
9 106
12 93
16 30
13 5
10 39
5 112
9 34
13 9
0 100
6 22
8 54
0 59
16 4
10 28
3 41
14 3
0 92
14 16
4 96
15 47
5 101
1 107
13 83
16 44
0 64
17 87
12 74
6 79
4 113
16 114
11 73
17 87
14 39
4 116
9 68
13 55
10 95
7 77
15 53
0 20
8 35
10 7
14 47
5 96
14 18
12 58
7 101
6 17
7 34
1 67
4 77
7 66
5 111
6 13
11 114
12 102
0 113
11 36
8 103
13 64
3 109
16 76
17 60
4 63
13 116
1 84
11 28
0 66
6 5
18 104
7 111
13 36
2 49
15 64
13 111
4 86
16 83
12 69
2 86
16 48
12 71
0 54
11 111
10 94
6 77
8 33
13 13
14 94
13 110
14 26
13 46
11 65
1 97
18 110
2 12
16 44
7 59
1 35
17 35
12 83
16 106
4 76
5 102
2 9
8 46
9 91
4 19
1 92
16 95
8 83
17 27
7 43
12 113
8 72
3 0
13 8
9 102
17 85
9 116
7 68
8 91
9 75
1 5
17 32
7 19
9 17
5 15
9 30
6 0
3 22
8 67
15 13
11 10
6 33
13 26
3 102
12 101
0 33
8 69
7 20
11 44
18 68
13 20
8 100
16 93
15 64
17 18
8 87
7 12
18 111
8 77
6 50
9 22
4 80
7 12
5 80
8 80
10 90
8 20
3 60
1 116
10 71
12 15
12 17
14 88
4 60
3 11
5 85
15 99
8 40
18 26
10 106
18 28
16 35
2 83
6 92
5 37
12 97
11 40
15 51
16 27
1 82
9 108
9 2
17 69
10 64
2 23
15 41
16 112
13 70
8 104
18 30
2 57
7 13
2 16
17 80
5 13
1 114
11 72
17 2
13 79
6 16
11 106
12 60
5 64
5 95
18 67
3 16
18 96
4 79
18 1
6 25
6 5
16 86
3 89
16 93
9 12
9 59
1 76
3 53
15 43
16 24
17 36
3 103
8 88
13 3
8 62
0 18
10 47
6 54
16 75
1 43
0 26
0 33
3 68
0 16
14 32
6 87
3 79
0 24
12 39
15 2
0 41
16 54
14 93
8 28
6 110
8 5
16 74
13 97
9 81
3 57
16 15
6 86
0 18
13 35
2 51
10 32
16 38
15 54
15 59
1 55
17 43
4 100
15 83
7 11
9 73
15 3
4 12
6 81
5 1
8 108
1 97
16 86
10 104
18 45
11 103
8 71
14 3
18 81
6 69
13 100
9 105
5 75
15 24
0 76
13 22
2 59
18 12
12 95
18 94
15 107
15 100
3 111
8 64
9 43
15 69
12 78
7 53
2 11
15 55
10 22
15 101
6 84
14 9
14 78
5 55
18 37
9 13
16 52
1 79
11 2
8 18
1 61
16 2
1 89
5 89
17 67
17 16
11 14
11 17
11 4
6 18
12 116
17 41
18 82
12 66
1 15
16 28
0 75
9 14
0 8
11 108
3 47
14 42
1 12
1 66
10 30
18 97
17 13
6 18
5 76
16 96
3 0
16 6
12 80
13 37
14 13
17 30
8 25
17 90
3 107
7 104
2 88
18 87
5 48
6 55
3 88
5 3
6 23
12 82
0 0
11 16
13 105
9 36
4 85
7 110
17 38
7 47
9 6
16 12
6 83
18 11
13 18
9 63
4 86
16 89
12 116
8 101
3 114
12 25
8 32
17 91
17 0
15 15
1 88
1 5
3 67
4 88
14 23
2 52
12 12
15 31
18 78
9 74
1 82
2 61
3 74
13 59
16 47
3 7
7 13
18 33
12 96
5 72
12 103
2 111
8 37
1 46
17 10
15 0
16 32
7 67
13 85
2 32
4 1
15 72
16 11
14 84
1 56
13 86
3 85
14 18
5 9
11 90
6 72
18 49
10 85
6 7
3 4
1 95
13 50
11 1
15 28
15 34
13 34
13 3
2 116
0 108
18 42
8 106
13 83
13 22
12 98
15 103
7 9
4 114
16 108
13 13
12 12
11 0
0 42
14 9
15 108
15 39
9 16
6 109
13 61
9 110
18 10
16 115
7 23
3 37
17 16
1 71
3 22
17 96
16 4
12 65
1 34
16 103
7 35
2 103
4 82
14 109
1 68
18 16
13 99
18 75
6 30
18 110
17 63
17 33
13 77
8 47
8 7
5 24
7 90
14 107
11 3
14 0
1 78
17 3
14 30
17 65
13 48
8 74
0 49
6 0
1 9
6 0
16 72
1 15
12 96
16 97
0 14
9 8
14 111
3 107
3 44
15 20
1 112
3 35
14 76
11 35
17 11
17 105
0 110
18 108
15 55
0 39
9 46
6 50
2 104
17 72
2 26
4 35
0 35
12 104
10 113
10 100
18 0
4 51
1 103
10 6
4 35
12 7
2 16
1 99
8 88
15 74
1 81
5 42
5 39
2 56
17 10
3 0
18 14
7 1
16 46
11 92
17 83
16 63
7 63
15 96
13 102
10 67
18 49
7 48
3 111
6 22
11 109
12 65
7 50
13 51
6 78
16 9
5 2
4 83
4 111
2 84
11 40
10 56
8 78
15 92
14 91
3 92
2 104
13 14
6 21
11 77
13 2
3 84
11 37
3 100
18 99
7 25
5 80
13 116
13 56
7 2
18 84
7 7
2 61
1 94
8 66
6 66
1 73
5 116
5 7
4 51
0 94
13 60
0 89
9 2
17 101
3 24
11 68
8 87
11 115
15 52
12 61
0 39
4 9
12 14
18 107
13 31
16 32
3 72
16 34
15 30
8 108
17 28
6 11
3 15
15 26
6 114
1 91
13 4
10 51
15 68
15 89
16 58
9 68
1 36
17 106
6 55
7 100
5 5
12 33
9 55
15 8
9 84
16 67
17 107
5 89
14 65
11 62
14 16
7 93
9 107
12 113
11 103
10 101
15 43
17 19
16 49
14 101
10 22
16 80
16 76
6 112
5 36
0 36
14 56
16 96
9 42
17 22
17 27
16 42
10 35
1 26
1 47
17 114
7 24
4 116
9 49
4 28
10 26
9 57
6 53
6 98
2 14
1 79
9 2
2 109
15 30
3 46
8 109
9 38
11 0
11 30
10 61
17 83
13 16
12 90
3 13
11 73
15 73
4 33
2 100
5 113
10 32
18 64
13 53
13 87
16 36
10 91
3 9
16 103
3 69
18 93
12 42
16 4
14 113
0 110
9 52
15 35
10 6
7 97
7 91
5 75
8 53
0 69
1 84
15 59
6 99
14 58
8 14
14 42
8 73
15 57
8 4
15 102
10 63
6 26
2 59
17 49
1 104
7 34
12 68
0 102
4 70
14 86
16 42
6 80
18 25
11 49
4 114
6 97
1 69
4 29
15 96
0 27
0 90
15 6
17 52
18 68
12 103
12 104
7 40
9 62
8 66
3 98
7 114
13 36
3 13
16 31
8 93
11 19
15 29
7 73
0 51
18 34
4 92
3 43
12 0
2 21
9 7
0 56
3 86
6 49
9 21
10 11
11 40
1 17
10 48
3 82
16 55
12 34
4 81
13 89
1 0
15 101
14 60
9 25
17 53
3 96
2 103
9 90
8 47
12 67
5 65
9 107
2 101
11 23
3 93
3 8
0 45
16 13
18 64
8 84
13 63
10 61
6 21
1 106
15 10
0 66
1 32
6 16
7 92
17 6
14 12
6 43
9 30
3 2
3 94
9 85
3 61
14 101
3 24
11 71
9 4
5 21
6 66
9 95
13 78
16 21
1 107
9 28
4 107
3 46
2 65
18 4
16 112
7 36
9 57
2 1
0 98
9 0
5 18
18 70
8 87
3 61
11 32
16 39
10 77
14 52
8 79
13 60
17 25
7 65
5 102
11 76
17 108
7 98
1 74
10 48
14 49
11 15
17 40
16 47
11 87
15 5
18 42
18 90
10 17
15 7
16 11
15 55
7 63
5 111
2 88
3 7
3 50
5 52
15 59
17 62
18 71
6 107
1 33
9 48
6 4
5 98
0 61
17 55
17 23
5 46
10 56
7 94
11 23
5 99
15 55
6 1
14 99
5 113
12 97
0 53
18 31
16 87
18 112
5 82
15 81
4 58
1 4
3 8
14 52
14 58
17 24
4 76
9 85
15 107
6 76
2 1
9 112
9 45
1 58
11 39
17 73
18 1
9 6
6 3
12 96
14 18
5 42
16 107
11 63
12 64
16 108
4 106
4 43
8 38
5 99
4 7
13 103
11 8
6 91
14 2
4 47
12 35
7 44
7 61
0 97
0 56
2 17
1 31
9 12
13 103
8 8
12 13
13 96
17 115
7 43
18 67
8 53
3 79
1 0
10 74
4 30
14 53
15 57
2 22
5 43
5 1
0 64
4 66
7 48
17 91
16 17
9 37
5 29
10 10
4 112
16 100
18 86
11 93
17 110
0 108
17 109
5 115
13 51
9 90
9 93
7 3
7 36
12 38
13 77
4 97
9 47
13 65
0 6
14 115
1 100
8 103
5 97
4 96
15 102
2 5
15 78
18 67
17 74
10 46
1 105
13 94
10 83
8 85
17 68
12 75
3 99
13 116
6 67
18 77
7 52
16 101
11 70
7 44
10 105
15 36
6 20
9 105
1 37
9 79
8 45
13 59
16 27
17 82
12 38
10 63
17 106
11 31
0 1
10 54
3 102
12 47
13 97
18 64
4 76
11 9
11 95
10 110
1 56
13 13
17 114
12 58
11 92
11 30
4 88
1 49
7 71
9 107
0 89
13 108
13 103
13 109
10 70
3 5
15 52
1 81
9 103
9 38
7 69
18 42
10 67
1 14
7 91
4 22
5 113
14 29
16 106
12 64
17 111
1 31
3 63
3 23
4 70
12 1
4 50
14 6
2 40
18 26
3 47
3 109
0 22
3 110
10 12
12 32
4 74
14 84
9 46
2 115
13 55
9 46
12 83
12 97
15 53
5 20
13 78
16 74
15 83
11 15
18 52
11 94
9 67
11 62
2 97
17 35
10 66
9 62
7 44
10 116
10 30
1 34
5 6
18 56
3 89
0 113
17 106
16 57
8 99
1 83
13 59
17 7
13 84
13 113
0 95
9 29
11 92
11 85
14 48
15 70
12 87
11 105
0 13
11 44
9 16
18 45
13 24
18 28
15 86
17 57
14 66
6 113
13 64
18 64
12 84
14 101
18 4
1 69
18 61
6 90
2 4
10 14
5 60
7 102
10 48
9 94
18 70
4 55
8 108
2 113
1 40
14 93
17 11
13 106
10 58
8 53
14 7
17 18
9 110
0 2
7 46
15 24
9 90
2 3
16 82
0 34
12 23
14 60
5 23
9 99
13 95
14 52
4 101
3 70
10 21
8 0
18 104
12 90
4 5
4 91
2 65
18 46
15 8
15 94
6 4
4 34
16 76
18 37
0 39
14 21
10 64
1 6
7 16
7 107
12 8
1 101
13 56
12 22
4 108
5 103
6 111
0 18
10 102
2 84
2 16
9 26
3 32
17 36
12 113
5 5
6 31
12 15
3 87
7 19
10 41
1 44
12 79
1 38
10 84
0 116
7 106
3 80
8 31
2 108
9 91
9 39
14 73
14 95
16 66
0 18
4 91
12 100
16 59
16 88
18 59
0 48
18 101
2 93
2 23
17 110
7 42
5 72
12 100
18 15
11 35
14 56
13 18
1 102
8 37
1 11
13 22
3 18
11 104
17 116
18 114
9 18
12 69
7 95
15 94
12 5
16 62
12 103
5 84
15 84
13 45
16 28
14 31
7 63
10 26
17 112
2 65
8 71
11 68
4 96
9 71
15 43
14 63
2 95
7 35
5 115
7 45
5 100
3 31
6 115
6 60
18 50
6 93
0 11
9 39
14 21
11 52
17 35
6 81
5 107
10 51
12 78
2 18
13 78
11 49
3 9
14 105
6 111
1 60
15 111
15 60
14 95
8 48
6 13
2 69
8 40
5 42
7 44
17 44
10 49
1 116
15 39
11 105
1 5
16 12
3 42
5 116
6 19
11 56
0 36
8 94
13 90
4 4
18 97
18 70
1 33
6 24
0 46
16 38
17 30
4 18
1 16
3 104
15 70
9 14
16 19
11 28
8 107
15 60
14 69
8 25
15 105
5 37
13 92
16 89
12 24
4 98
8 67
3 107
12 113
17 8
8 26
11 41
0 35
8 49
0 76
16 56
17 33
6 28
14 93
17 106
5 77
17 100
7 9
5 116
16 11
18 85
13 110
7 92
4 116
6 67
9 85
13 47
7 68
7 47
14 88
17 16
6 93
0 27
2 58
0 21
2 40
1 50
16 96
0 73
2 34
17 21
13 97
6 102
4 99
6 3
5 21
16 10
13 45
11 19
8 30
6 47
10 12
17 99
12 46
2 80
10 92
3 88
4 51
10 54
12 65
11 44
9 36
12 40
12 85
17 53
15 54
11 101
8 24
7 25
0 1
4 98
18 96
6 68
14 23
13 49
7 16
1 34
6 114
3 55
4 34
14 95
1 62
17 51
15 107
10 69
14 91
1 82
18 75
0 29
0 77
8 30
0 82
13 42
7 73
17 105
10 74
11 38
17 80
16 100
7 68
2 47
4 13
11 52
13 19
13 42
12 42
14 111
3 71
5 54
1 51
1 17
2 91
2 3
17 1
17 31
6 87
3 10
14 32
11 11
12 18
5 90
9 112
1 77
13 64
16 67
1 73
14 3
9 56
17 98
18 105
1 108
2 12
6 27
13 106
0 10
12 17
5 4
3 86
8 98
8 110
8 63
13 114
14 52
18 115
7 26
10 26
1 30
3 108
6 112
10 25
14 94
0 17
13 42
1 46
2 51
3 68
7 52
11 87
7 6
8 39
11 57
1 28
12 82
5 41
18 21
2 18
13 25
2 69
13 19
11 3
13 59
15 110
3 69
14 79
1 33
5 99
10 10
18 24
9 15
7 101
16 49
1 54
12 1
15 11
14 33
8 70
2 89
0 33
5 35
8 86
13 99
16 112
14 49
18 107
6 39
13 28
5 50
17 56
17 15
3 105
2 39
6 4
0 29
15 51
9 36
1 91
10 73
11 112
15 19
17 102
3 33
14 92
15 70
1 17
5 76
17 84
17 107
18 6
14 115
11 60
15 42
11 91
5 32
18 93
18 62
8 26
9 84
5 15
11 35
13 14
14 55
16 86
14 30
10 74
7 15
4 113
14 39
5 29
1 47
11 59
12 111
14 28
9 18
10 22
3 82
8 54
10 13
2 26
4 38
14 1
14 48
0 80
2 37
9 41
1 79
16 34
3 100
15 46
9 8
6 30
7 36
5 5
7 24
6 8
4 48
1 11
7 30
7 28
7 72
6 109
12 32
4 108
9 32
9 1
0 37
4 107
0 57
12 94
6 16
5 91
15 18
15 26
17 106
15 19
9 67
14 22
16 21
16 2
2 0
2 80
10 95
11 40
10 89
17 111
10 0
9 88
1 37
15 63
0 72
3 82
6 59
18 43
6 17
9 86
16 57
6 88
6 89
16 99
7 65
13 5
13 31
4 56
11 80
8 93
8 98
16 47
13 54
2 73
1 73
16 58
3 110
4 54
12 57
7 93
7 53
7 101
1 2
17 54
9 6
18 86
7 56
17 109
17 1
9 107
5 62
6 61
1 111
17 58
13 82
10 7
11 100
9 103
1 47
4 21
5 45
1 46
14 103
5 36
3 12
18 10
1 112
5 0
14 55
10 44
12 17
18 0
2 26
16 90
12 37
9 56
1 111
3 63
2 61
9 50
5 51
0 99
2 94
3 67
16 116
1 58
4 55
3 30
5 73
3 34
2 44
6 2
14 19
9 92
6 44
0 49
4 93
16 85
12 24
6 113
11 33
5 9
6 27
18 16
4 96
3 3
11 25
0 13
12 112
11 35
13 94
2 96
2 24
14 67
6 35
9 25
14 48
9 46
17 52
13 27
17 35
9 23
13 101
9 109
16 51
2 17
7 88
8 16
0 95
12 73
1 104
15 33
2 12
9 46
16 42
9 92
5 31
3 23
14 18
18 24
4 74
8 26
8 101
2 98
10 44
5 110
6 51
0 29
10 15
9 54
0 108
13 114
6 23
6 115
13 15
1 5
11 108
15 95
8 6
1 69
2 12
15 33
11 41
2 80
13 71
14 16
10 112
3 110
5 71
17 9
8 104
8 61
15 32
17 95
11 24
11 94
0 76
2 88
17 58
1 36
13 25
13 7
8 63
6 77
8 81
8 114
1 57
6 92
3 22
8 94
9 41
8 100
5 71
8 20
1 106
17 69
18 39
3 91
3 82
2 113
1 35
7 62
15 85
9 50
2 105
10 99
8 2
1 64
13 89
0 31
1 91
3 59
9 86
8 63
10 60
3 54
11 76
4 67
15 60
2 31
2 14
2 2
6 58
9 53
12 31
17 18
7 72
15 87
3 103
11 32
4 50
9 84
11 69
13 103
17 64
18 46
6 32
1 28
7 6
17 8
18 40
5 17
3 4
18 113
6 77
9 29
8 11
6 18
3 25
13 100
14 86
18 104
12 58
3 106
7 65
0 82
4 102
2 89
8 92
7 29
1 5
7 59
12 50
10 83
13 89
5 8
4 85
1 70
1 83
0 111
3 62
12 52
11 29
18 25
10 2
14 17
8 57
10 92
6 27
17 60
8 86
11 72
3 11
17 63
4 85
4 54
10 18
17 87
13 95
18 71
1 45
18 61
18 45
4 2
6 71
14 69
13 8
18 100
15 85
17 54
17 2
9 69
12 15
14 56
7 87
4 57
7 13
14 12
15 76
8 58
12 115
9 32
7 36
14 86
18 70
0 113
0 8
12 78
14 2
6 28
18 24
15 49
9 73
9 104
1 13
1 75
9 107
7 29
2 29
13 59
1 22
1 42
17 29
11 6
17 40
1 43
6 105
14 103
12 99
18 49
3 64
14 75
17 31
1 45
14 3
11 88
4 99
3 13
6 16
12 103
8 40
14 72
7 2
8 101
9 112
3 71
6 83
4 5
0 109
4 63
18 24
10 92
13 83
4 38
10 22
17 116
11 41
0 53
11 17
7 103
13 58
4 25
5 101
11 82
1 12
16 41
3 45
15 88
8 68
17 115
10 112
0 6
12 16
16 39
0 60
18 42
12 50
11 113
16 8
8 65
9 61
16 74
3 2
2 104
12 40
7 85
1 45
6 100
15 20
16 67
9 78
13 22
8 23
13 78
16 59
17 109
10 75
18 36
17 56
9 74
5 35
15 7
4 37
18 9
0 81
3 76
6 90
9 43
1 31
11 6
15 103
8 78
9 9
12 96
14 93
13 93
13 18
5 104
1 1
12 67
18 66
5 98
1 63
17 47
5 21
8 100
14 33
15 103
13 40
4 36
11 59
5 11
11 35
17 116
4 44
1 2
14 27
5 71
8 86
18 1
3 78
12 26
1 52
0 75
4 38
14 113
8 76
18 25
1 112
15 114
2 57
9 76
7 84
10 19
4 34
12 10
5 7
11 20
7 56
2 62
15 93
2 47
18 23
1 6
5 7
5 93
0 53
16 41
2 23
15 40
16 92
4 105
6 109
4 67
12 37
9 15
12 87
13 72
3 57
7 65
15 74
17 57
4 32
3 67
4 86
15 54
6 48
16 56
12 116
1 32
3 30
12 5
11 85
17 109
8 112
4 0
2 102
3 3
8 63
11 67
17 64
1 96
2 23
1 56
4 102
6 113
4 87
9 84
16 8
4 52
2 100
5 46
3 115
11 106
12 53
15 57
4 51
1 111
17 48
4 60
17 30
14 32
3 52
3 64
15 97
11 50
18 80
11 40
1 86
16 44
17 74
4 83
4 89
18 9
0 108
2 77
7 111
9 59
11 33
3 96
12 86
9 82
16 49
10 26
10 48
16 32
7 106
4 54
17 51
14 22
1 6
2 54
8 81
5 16
18 45
15 39
4 4
3 8
8 41
9 116
6 61
16 78
18 45
18 48
15 56
2 28
18 95
15 98
8 49
2 112
8 22
16 55
10 99
11 102
9 57
6 92
6 102
4 93
15 111
12 20
13 18
17 113
17 91
0 96
5 107
10 14
13 82
9 12
5 34
1 103
16 62
7 43
14 16
14 20
16 68
10 108
4 17
14 11
4 11
15 41
9 67
4 9
1 8
13 86
14 61
3 116
5 113
2 12
2 63
5 66
5 40
4 113
2 34
3 92
17 88
6 24
2 66
8 9
7 33
18 29
10 98
11 82
9 98
17 50
10 72
3 23
14 97
0 22
10 2
8 73
3 72
6 57
9 59
14 18
14 95
7 20
12 14
0 26
1 31
2 89
3 82
10 38
8 71
10 26
8 1
12 45
8 10
0 98
6 99
7 34
15 94
7 27
7 1
17 68
14 109
5 96
0 114
0 59
14 15
7 45
14 45
16 14
17 52
10 93
13 83
17 82
9 26
2 61
1 70
4 115
4 89
9 50
5 96
0 105
10 25
18 90
14 14
2 31
4 83
4 93
18 116
15 15
5 104
12 3
3 76
4 73
8 8
17 85
15 41
16 90
9 57
9 78
9 38
7 1
10 42
2 25
7 0
13 64
16 114
8 6
0 68
3 90
7 100
0 26
18 116
8 57
1 43
5 28
6 9
8 66
5 108
14 73
14 56
17 69
12 106
13 103
1 35
10 45
3 65
16 46
16 87
13 39
11 108
3 25
9 77
9 109
4 89
7 16
18 104
16 26
0 94
2 56
5 33
12 83
10 54
10 6
1 94
15 11
15 3
18 36
8 84
5 94
0 15
3 71
15 76
0 45
7 29
18 92
2 13
7 74
5 7
13 107
8 70
1 31
10 47
9 97
13 5
12 48
7 23
16 50
17 29
16 49
18 81
11 94
8 20
10 83
2 114
4 105
1 96
10 49
12 7
6 40
10 114
18 110
14 101
17 65
9 87
11 90
2 100
11 0
13 114
17 115
12 65
16 97
18 15
9 52
11 39
6 95
7 74
9 53
14 56
7 23
8 54
15 63
5 1
18 95
9 75
15 13
3 50
9 79
15 22
8 80
8 92
0 22
18 88
16 32
2 75
9 31
14 87
2 87
2 113
12 92
4 110
1 0
0 25
7 46
14 66
0 24
11 3
6 32
5 67
11 6
4 113
17 24
1 71
1 101
11 85
18 18
16 96
8 73
12 34
15 25
7 18
6 53
10 9
2 79
11 62
15 111
5 114
1 81
14 1
3 114
10 103
12 14
5 43
5 98
4 72
18 111
7 68
10 58
12 83
17 106
15 28
6 104
6 51
14 75
6 99
9 47
2 103
18 10
0 31
13 49
10 112
5 60
4 114
18 107
3 32
5 16
13 33
14 93
7 111
7 7
11 16
9 102
7 20
15 84
13 2
17 7
12 98
18 73
5 57
9 9
6 46
3 6
4 17
1 3
17 44
12 67
16 101
15 31
18 24
3 28
2 55
4 54
18 71
11 33
10 32
12 6
14 23
2 71
8 90
3 28
18 51
8 38
5 0
5 90
12 65
17 94
4 47
0 78
15 23
0 82
9 42
18 19
10 70
6 19
1 34
5 35
12 16
17 62
5 70
5 25
1 86
16 82
11 108
12 21
11 13
16 6
10 87
9 113
4 30
0 86
15 61
5 36
17 78
11 14
18 19
10 4
12 23
17 66
7 76
3 40
17 87
5 105
9 11
15 87
11 100
2 54
18 39
5 40
14 101
17 46
13 30
5 90
15 43
7 17
6 32
14 97
18 88
2 51
5 85
10 74
14 53
3 61
6 108
11 96
10 3
12 22
17 17
14 82
12 40
5 83
18 113
12 49
17 41
12 84
2 35
1 105
4 85
1 101
16 37
17 49
16 87
7 105
1 50
4 4
14 115
17 46
6 33
14 87
6 77
9 104
5 76
11 40
13 84
4 73
15 47
12 56
7 113
18 22
14 76
0 89
16 110
16 62
1 24
4 54
9 16
9 16
7 26
1 115
17 78
3 113
17 33
15 87
6 110
10 46
4 112
13 98
6 12
13 18
9 98
8 29
15 78
9 3
8 64
8 112
13 92
4 45
1 23
9 65
13 24
17 109
4 70
17 51
9 80
15 61
0 79
9 61
3 103
6 42
2 107
13 103
2 49
2 11
12 76
11 24
13 7
13 64
14 99
15 15
12 60
15 106
1 53
12 102
7 62
0 41
15 73
4 35
8 2
6 45
13 63
8 32
3 82
16 70
12 99
10 69
18 21
5 20
12 11
7 24
8 49
6 42
10 8
4 83
6 8
5 29
3 83
7 51
17 84
17 73
3 101
5 42
18 94
1 115
11 88
17 83
17 13
17 36
13 86
5 54
2 95
2 85
9 28
11 100
5 11
10 111
7 27
1 52
7 46
16 66
1 78
14 36
5 61
9 63
15 29
8 37
5 30
12 55
9 18
12 23
0 13
17 71
4 37
7 69
15 100
9 54
3 108
0 6
0 60
14 91
13 107
4 48
9 91
15 112
8 103
4 14
15 32
2 66
14 47
2 45
8 106
10 33
10 97
6 95
16 93
12 41
13 49
9 74
10 72
17 109
4 75
18 52
7 24
5 13
4 25
17 30
4 33
17 5
8 33
15 19
16 110
8 9
10 46
15 4
9 70
4 101
0 115
6 80
2 35
0 2
0 71
12 30
15 24
17 1
9 35
0 56
17 99
17 12
16 50
4 70
8 53
10 103
0 8
1 33
13 46
10 93
11 52
17 61
8 70
4 67
13 91
13 46
3 41
5 49
15 39
17 91
3 20
3 85
5 78
6 97
2 40
18 114
16 43
7 43
10 47
17 94
8 73
18 41
12 62
11 9
6 1
3 23
8 116
17 66
10 83
6 69
2 113
9 33
1 41
12 13
15 21
10 56
6 94
16 90
6 67
18 18
15 42
13 116
4 98
9 100
14 101
5 25
12 92
6 25
8 49
8 38
14 37
3 35
8 13
4 42
4 52
8 103
2 72
4 48
6 75
16 26
4 26
17 87
18 68
5 49
17 16
11 36
14 104
3 85
4 68
9 115
9 44
12 19
1 47
13 96
0 105
0 23
13 27
15 66
15 7
5 65
9 94
15 17
12 99
10 83
15 68
10 88
8 100
9 83
17 33
11 66
13 111
8 65
13 73
6 13
1 33
2 77
11 43
17 48
1 46
1 0
10 16
13 2
10 93
15 57
4 32
8 89
18 114
5 4
10 69
15 79
7 24
18 88
1 92
18 42
15 13
7 102
18 24
7 34
16 47
11 58
7 78
17 82
6 23
10 42
4 16
14 93
10 20
0 76
17 13
11 76
12 66
0 52
14 37
9 54
7 92
18 37
11 103
7 63
16 19
6 93
14 23
11 47
6 67
1 93
18 113
2 102
12 81
4 17
17 113
18 21
2 27
10 27
10 54
4 89
6 91
0 60
3 29
11 49
2 52
1 109
15 110
3 36
10 54
0 29
11 84
6 111
15 88
0 78
7 14
2 40
7 51
12 26
4 97
11 113
2 98
4 54
12 76
0 91
0 20
2 73
10 53
11 59
1 75
5 3
6 61
7 116
11 25
9 2
16 93
16 105
15 34
10 53
3 104
7 107
6 41
7 103
5 116
11 18
11 9
0 57
11 27
11 99
8 41
12 1
7 69
4 79
13 87
2 3
1 97
4 49
18 36
6 14
18 52
17 5
0 16
15 12
10 28
6 96
8 110
4 80
10 32
4 48
3 114
6 45
10 89
10 86
18 59
18 74
13 54
7 73
7 93
5 0
6 64
10 98
3 67
15 16
1 104
8 1
16 93
13 63
8 12
14 69
7 103
14 100
8 15
16 96
2 49
7 46
1 106
0 13
9 0
15 108
6 96
16 10
10 107
10 114
0 38
8 73
10 19
1 65
0 12
7 18
8 50
2 4
17 98
1 111
17 103
1 81
5 77
8 84
9 57
10 90
1 61
18 3
5 38
8 90
6 99
15 20
3 105
1 88
2 64
1 107
12 41
4 104
8 42
0 22
8 90
17 34
13 72
6 69
7 69
2 47
2 6
4 12
8 68
0 51
2 65
18 96
12 94
0 44
12 89
14 34
12 107
12 16
2 43
4 111
5 11
13 59
0 23
7 53
12 70
1 91
5 96
10 103
4 67
8 50
3 9
16 88
13 76
16 52
4 90
9 56
2 95
0 36
3 92
11 73
5 13
18 104
11 66
3 78
11 70
8 79
2 25
11 8
10 102
2 111
18 36
6 84
5 2
6 69
1 17
2 45
10 116
13 85
10 55
16 81
6 82
8 57
13 87
7 9
0 37
10 96
6 80
9 88
0 62
10 24
10 57
9 66
2 116
10 49
6 114
13 5
1 104
16 107
2 102
1 59
15 81
6 6
10 85
10 52
7 74
3 44
5 3
16 62
14 50
15 115
4 64
18 67
15 11
10 102
10 1
16 13
2 2
11 91
14 13
12 65
10 114
11 49
14 107
10 21
16 51
9 105
6 63
6 61
18 55
16 114
17 46
7 83
1 81
2 34
1 73
7 13
13 88
4 85
14 70
3 4
17 29
10 74
16 61
4 31
4 10
4 9
15 33
14 18
3 111
8 63
3 103
8 59
7 97
7 14
16 85
6 87
9 8
18 115
2 91
16 90
16 102
0 116
2 2
13 87
2 19
14 115
17 51
5 45
3 115
1 23
1 93
16 57
5 24
5 85
10 49
4 17
0 50
3 87
0 94
13 77
14 14
16 89
6 19
3 85
9 21
9 50
1 41
6 3
6 61
6 109
12 65
11 0
0 81
4 97
7 70
2 112
15 49
17 56
13 24
15 6
1 39
3 15
18 84
14 113
5 79
12 112
1 92
11 1
2 11
12 0
13 105
1 66
12 83
17 99
9 91
14 60
3 8
9 55
0 41
17 34
13 61
4 72
3 103
3 77
18 62
4 73
4 59
11 5
7 51
18 4
13 71
15 69
18 67
7 10
6 60
12 12
7 52
1 62
16 77
16 19
10 26
12 80
18 13
7 106
14 35
4 63
13 23
3 68
14 78
17 66
2 111
15 86
4 35
12 10
6 113
2 36
3 95
14 48
12 48
11 89
2 49
4 80
4 48
6 15
2 60
7 101
17 4
11 65
6 42
5 66
7 96
4 97
11 4
3 10
11 95
15 52
10 16
17 116
18 50
17 67
6 53
10 39
2 48
3 71
14 41
2 81
5 66
0 42
2 22
11 45
3 25
7 36
5 65
13 63
4 88
8 42
13 76
5 81
0 31
1 70
0 98
6 63
4 83
4 28
1 20
7 48
12 48
15 41
0 82
7 21
1 62
5 106
14 27
1 81
6 32
16 110
14 106
14 63
1 11
10 100
2 110
15 32
12 29
13 90
18 62
17 62
4 100
12 63
12 4
1 18
17 94
8 35
3 49
3 99
8 94
10 76
2 106
0 56
7 62
8 72
6 15
2 62
11 90
10 97
1 87
16 103
15 57
7 57
7 79
13 78
11 7
8 95
3 21
12 109
6 36
11 67
9 55
15 115
7 37
5 43
0 5
18 78
18 65
6 84
10 96
2 2
2 70
4 53
10 67
2 92
13 25
4 24
13 11
4 89
1 8
12 64
14 4
16 60
9 114
9 112
2 24
2 33
10 34
10 90
15 72
5 89
11 54
4 5
17 37
3 101
1 17
14 87
8 111
7 58
0 97
9 10
5 103
18 84
9 75
4 18
9 11
18 45
2 53
10 13
8 89
2 13
18 3
13 62
16 107
17 108
10 99
17 59
12 81
1 50
0 91
3 9
13 96
0 55
3 88
10 2
16 25
5 44
9 81
7 1
15 21
15 105
15 53
17 8
7 42
11 87
4 100
12 102
16 102
10 78
12 74
18 21
14 68
12 87
3 97
7 5
11 22
11 93
4 6
16 59
4 23
12 15
0 3
10 108
4 46
10 68
16 30
9 72
6 93
18 67
5 94
11 14
1 57
12 94
3 106
10 37
14 76
2 32
15 109
0 96
6 0
8 86
1 66
16 27
11 16
5 19
16 17
9 85
15 54
8 5
8 26
4 41
2 61
9 75
8 36
7 36
9 81
8 116
6 38
4 65
3 96
12 100
17 55
3 9
5 75
2 28
10 20
18 34
18 116
11 62
13 8
3 109
3 32
2 83
5 109
17 108
13 41
8 102
4 42
13 3
15 21
10 30
6 116
13 102
16 48
4 84
3 58
12 56
1 101
15 89
10 21
13 83
10 13
17 37
11 77
11 113
3 42
11 43
4 22
16 59
15 65
8 42
7 110
18 77
3 96
16 34
14 57
16 27
1 79
10 25
16 42
2 64
2 71
10 92
12 6
12 54
6 16
0 49
12 83
14 6
0 94
7 63
2 37
17 0
4 92
11 31
18 98
13 115
1 30
11 99
11 14
11 48
11 3
17 31
0 107
15 39
12 0
4 10
9 79
7 116
4 81
8 82
3 89
17 32
18 22
17 102
16 35
5 32
6 33
12 26
2 50
11 107
10 76
14 26
9 66
17 46
6 47
3 88
17 102
16 17
9 1
11 112
6 50
15 1
15 105
15 67
12 38
15 62
4 83
13 6
6 116
17 73
14 50
11 77
12 53
18 17
4 110
13 33
7 36
11 22
0 83
4 14
14 104
4 6
3 116
10 54
14 45
16 12
13 47
18 27
1 95
12 32
15 107
8 78
3 55
9 18
8 111
17 54
16 62
6 104
2 59
11 58
10 51
4 68
1 73
8 70
16 14
7 74
1 74
18 9
6 55
12 51
0 47
8 31
13 91
12 104
17 107
11 74
8 77
16 77
11 31
10 101
5 51
10 34
13 78
5 87
0 78
7 18
9 18
11 99
18 22
10 44
4 69
16 88
18 114
8 21
11 58
10 81
9 100
17 104
5 96
17 69
8 90
8 111
14 35
15 45
7 40
2 43
18 105
16 70
14 49
14 48
0 85
1 115
2 21
16 27
11 104
17 81
18 77
10 116
11 79
16 88
4 12
13 31
4 114
9 30
0 37
2 40
16 18
7 110
8 49
2 111
9 25
9 57
0 15
16 79
3 100
7 3
9 28
4 87
5 29
8 20
15 81
18 40
12 116
4 53
13 28
0 101
18 26
8 53
9 65
3 109
14 46
10 42
13 85
5 104
4 5
6 49
6 70
6 79
11 11
8 14
8 116
15 65
0 16
3 32
2 76
0 56
9 33
7 8
7 43
0 46
0 72
15 65
16 81
4 56
3 44
11 19
14 2
14 83
3 5
8 65
7 35
9 74
5 12
10 9
1 28
13 34
8 66
16 89
18 113
1 51
8 91
14 47
12 69
14 59
15 102
14 70
9 45
2 116
13 71
0 50
0 54
5 72
8 38
13 57
4 66
17 74
16 17
15 82
9 27
16 9
18 63
7 56
10 106
5 55
7 6
9 93
16 85
8 64
18 4
10 7
6 36
6 92
12 58
1 12
5 41
10 62
6 64
10 24
0 104
18 105
1 46
12 58
17 70
15 114
12 27
15 72
14 29
6 22
7 53
18 45
16 63
18 53
9 99
6 28
1 87
7 29
11 100
0 98
5 30
7 27
7 30
7 39
14 83
10 23
13 96
16 52
17 51
17 2
15 79
10 28
3 60
18 59
12 23
1 42
4 61
13 10
14 48
9 104
10 3
2 14
6 28
6 67
11 28
12 11
7 21
7 113
11 40
5 102
13 45
12 103
8 67
0 36
6 26
2 102
6 51
10 5
0 107
17 29
6 54
13 12
11 23
9 27
10 52
11 75
16 87
5 13
5 80
5 48
0 43
5 63
13 55
8 95
13 28
8 27
11 64
4 74
15 65
4 32
1 49
3 71
1 32
15 18
15 81
9 62
2 71
16 56
14 19
3 66
2 16
17 104
16 46
16 78
2 2
13 80
6 100
5 68
2 59
17 41
4 24
18 58
17 14
16 45
11 3
1 14
18 17
12 28
6 52
1 108
16 38
11 26
9 86
2 98
15 23
15 18
10 55
18 65
12 63
6 18
7 100
6 100
9 9
9 1
15 113
10 108
17 23
7 107
17 84
14 106
13 80
16 53
4 58
6 18
17 8
14 64
10 63
16 19
12 35
10 91
16 70
8 113
18 27
3 52
8 68
2 82
16 16
18 97
2 103
12 21
6 82
10 40
14 99
16 18
11 81
3 69
9 54
1 104
15 97
9 90
1 112
17 21
12 98
13 94
7 77
12 72
0 46
15 8
12 8
9 78
10 14
14 99
14 71
11 57
10 1
0 96
9 88
7 6
9 49
14 52
14 10
6 89
14 11
1 86
4 60
9 63
9 97
14 98
14 5
4 9
14 35
8 92
1 45
15 108
1 105
2 82
8 12
4 6
10 8
17 22
1 104
7 13
14 83
0 33
3 71
5 2
6 38
4 21
9 41
13 76
5 110
0 96
0 7
3 36
2 78
3 10
6 116
11 39
7 78
11 40
1 68
5 21
18 20
10 39
10 41
14 97
12 90
3 32
15 52
16 21
13 31
11 109
3 0
10 15
13 102
18 54
12 95
9 74
16 98
4 15
16 64
12 6
4 35
11 47
13 53
18 41
13 66
11 28
17 41
14 34
4 85
12 24
13 54
2 72
12 30
16 91
15 53
17 40
2 22
8 67
16 35
18 91
14 85
2 45
18 5
9 11
17 53
7 102
12 28
18 56
1 15
4 49
17 8
2 106
9 78
4 52
9 61
1 103
18 93
15 14
3 16
17 11
9 105
14 97
13 23
7 106
8 90
8 116
8 39
4 85
10 96
17 104
6 108
2 17
4 15
7 59
12 88
8 86
10 113
11 106
15 28
17 13
4 10
14 28
10 115
6 78
2 28
8 22
10 96
14 101
9 10
3 36
5 96
10 72
14 87
15 88
3 46
16 112
15 67
4 76
8 0
16 65
18 50
5 9
18 11
18 51
12 107
10 6
10 39
12 48
4 52
7 42
5 39
18 29
1 90
3 40
5 29
10 100
0 9
7 62
15 47
10 72
17 100
13 104
17 99
10 44
13 49
6 18
2 58
18 24
7 21
8 43
1 83
8 77
11 43
9 100
6 3
10 35
13 46
14 58
6 24
7 57
14 85
8 72
13 1
13 46
8 51
15 90
9 38
1 47
18 37
11 103
17 85
5 106
16 1
0 50
5 53
17 66
16 94
11 9
18 30
3 74
9 15
5 115
14 112
2 26
8 32
7 66
13 93
17 50
15 102
12 9
15 37
18 3
8 62
9 13
16 15
18 57
17 27
17 2
9 11
17 79
13 33
7 37
10 13
2 60
13 105
1 22
13 80
6 88
1 20
15 12
2 59
10 63
5 3
6 59
9 84
14 39
2 40
0 3
2 26
10 9
2 16
0 48
16 8
15 112
2 36
16 78
18 114
3 7
4 115
2 41
11 76
6 4
18 108
13 88
14 69
2 16
8 31
17 109
2 44
8 76
9 68
1 11
18 107
16 102
1 66
10 75
12 36
0 66
8 12
18 40
5 92
18 23
5 116
6 28
18 79
3 55
16 114
18 83
18 105
9 85
12 78
4 93
11 104
5 87
18 12
8 73
9 45
11 109
4 18
15 85
11 113
10 73
0 55
2 20
16 101
13 115
16 6
8 28
8 87
5 38
12 84
0 27
4 101
4 50
3 75
13 29
3 66
18 97
3 115
11 66
11 19
8 66
11 30
0 92
0 1
18 22
16 33
18 34
11 88
6 48
2 90
7 73
3 5
10 46
1 110
12 67
7 94
6 46
13 3
9 70
13 75
9 89
13 95
14 46
16 56
2 73
16 92
4 38
13 18
18 57
0 9
9 99
15 15
15 93
17 113
7 92
16 110
12 68
1 86
9 94
7 1
9 26
2 26
10 22
4 14
2 7
3 15
11 52
18 18
9 62
1 30
15 86
1 107
10 114
4 58
14 61
2 59
18 105
7 40
8 108
18 44
12 101
7 79
9 20
4 21
0 59
6 82
17 93
17 75
7 16
4 52
3 69
12 75
13 104
4 43
7 76
11 91
6 105
16 15
2 78
14 104
5 39
1 111
17 48
17 108
8 49
6 100
0 23
16 62
8 115
18 44
10 45
5 6
1 74
10 16
14 5
13 19
10 7
0 97
6 5
16 58
15 28
11 21
10 17
0 44
15 16
16 94
16 72
1 98
3 88
6 48
2 10
14 86
12 111
9 45
3 68
14 0
2 77
13 51
11 50
9 22
16 108
17 85
14 86
5 114
12 55
18 35
17 15
8 100
18 40
5 48
14 41
18 82
16 104
12 34
8 5
1 11
6 28
7 91
10 24
2 99
18 16
15 98
2 3
2 25
0 12
2 110
14 113
12 58
10 19
0 10
3 24
1 66
15 75
16 10
6 83
18 106
10 90
8 16
8 56
13 68
4 44
1 74
0 102
5 72
7 108
2 108
9 95
10 5
12 49
4 102
4 64
5 37
12 75
0 75
7 101
3 52
10 100
10 73
6 11
15 58
6 61
11 39
12 60
9 22
3 3
9 76
10 107
10 9
8 55
17 61
5 100
6 110
6 115
15 115
3 38
17 94
13 112
8 30
5 10
8 113
15 31
9 88
13 24
3 93
14 77
7 89
2 85
15 36
9 53
14 98
7 7
11 78
9 36
5 77
13 9
13 21
18 21
0 113
13 99
15 32
16 110
12 5
3 64
7 100
11 109
14 103
11 36
8 62
15 23
3 26
14 75
15 48
10 80
6 46
18 47
18 21
1 38
13 3
17 0
0 116
12 51
13 12
10 10
5 59
5 27
10 22
13 53
1 8
17 71
2 40
10 27
3 75
13 103
10 87
6 47
12 110
12 37
14 64
10 108
8 106
12 13
2 45
7 5
13 84
0 66
0 68
18 24
4 104
4 29
2 71
3 101
9 107
3 23
16 20
10 94
12 13
13 58
4 17
8 41
18 39
2 58
10 92
13 31
3 55
12 56
2 68
18 18
8 97
9 3
16 73
16 55
5 90
8 85
13 89
9 12
5 38
16 116
14 61
14 50
6 28
1 70
10 62
10 78
9 43
17 21
16 73
11 104
14 102
7 52
9 63
6 90
0 61
10 97
6 86
16 21
13 25
0 90
17 20
6 103
2 44
5 93
1 104
3 21
15 43
16 59
2 33
9 33
9 109
6 3
15 63
15 34
8 71
6 92
6 67
12 77
13 103
3 52
9 96
2 3
6 35
5 16
11 80
5 111
9 114
16 112
12 72
7 34
2 49
4 31
13 56
9 102
9 64
6 8
1 45
13 14
3 97
8 8
5 50
14 77
14 73
5 39
18 62
16 97
1 91
8 50
2 24
1 11
18 28
5 15
17 47
1 91
0 74
1 14
5 11
5 35
18 90
12 40
17 2
16 28
15 18
1 38
3 58
1 58
9 111
7 11
4 102
7 78
6 49
16 65
4 31
14 88
4 63
11 91
17 109
14 1
16 80
11 87
5 113
2 28
8 97
6 63
14 71
5 104
17 97
12 7
0 58
7 26
12 53
13 115
10 102
8 90
9 52
1 95
11 36
3 81
4 48
12 78
8 51
1 40
12 10
7 63
9 47
4 27
4 18
10 108
11 103
9 116
15 87
10 33
7 63
1 109
10 109
5 53
12 20
18 103
16 103
8 73
18 5
3 14
11 19
17 20
9 105
14 115
4 104
0 80
11 57
1 108
11 3
0 59
5 26
6 84
13 21
16 60
17 70
4 30
0 39
14 88
15 34
6 16
15 77
11 75
1 10
11 103
3 116
1 9
11 35
3 1
2 55
18 84
16 31
17 13
5 79
1 99
0 42
18 55
14 54
16 3
7 95
12 48
0 29
12 17
8 14
8 81
7 11
5 56
10 39
11 36
5 87
18 49
16 90
9 26
6 39
3 57
3 31
9 31
13 56
14 63
12 55
10 34
5 61
16 53
17 5
13 22
5 11
2 82
5 66
13 32
16 39
13 27
16 52
6 44
17 43
14 99
7 97
5 40
18 52
7 32
9 67
14 74
18 43
15 25
3 94
5 67
3 96
3 50
18 113
10 14
4 14
17 69
11 49
4 82
11 82
12 23
11 50
11 24
4 3
1 80
7 89
18 0
15 43
18 81
1 20
3 79
16 105
18 110
10 30
13 76
14 77
15 102
7 34
6 53
17 116
13 52
7 94
4 61
18 78
0 110
4 70
17 77
1 70
6 11
4 32
11 96
2 38
0 3
17 82
0 99
13 105
14 81
3 116
1 28
12 60
16 28
8 104
9 72
12 71
9 109
11 27
17 79
17 70
5 1
7 71
14 50
7 108
7 36
15 57
16 21
8 77
14 56
18 48
14 62
9 8
2 108
3 113
6 38
1 112
10 50
11 67
6 49
17 77
5 47
8 72
7 68
16 50
7 94
17 115
18 115
12 95
8 106
1 50
11 43
0 104
0 111
6 97
8 54
14 78
11 4
6 14
5 5
15 77
16 8
2 58
3 2
8 63
17 61
15 59
12 32
3 0
17 16
5 4
1 59
11 79
13 6
1 43
3 13
5 50
4 14
2 22
14 38
15 31
18 86
12 82
14 101
3 107
3 25
10 27
17 27
2 65
16 57
4 41
4 54
5 46
15 36
5 60
9 86
5 5
17 38
15 61
17 80
1 114
6 36
5 81
10 103
18 19
8 86
11 91
17 76
18 36
6 57
13 52
12 29
5 19
4 113
18 108
12 27
3 20
13 8
6 60
10 106
1 9
16 99
18 4
3 85
17 65
5 93
6 70
4 19
15 7
16 34
15 7
3 96
5 24
16 97
18 84
12 44
6 94
6 20
2 43
8 48
10 39
8 42
5 108
8 50
5 97
0 113
12 45
12 30
11 75
0 84
7 111
7 98
3 52
17 41
17 116
1 47
12 29
10 10
15 68
16 28
8 82
9 42
18 17
0 42
16 56
13 4
17 75
4 96
17 47
5 10
4 16
3 74
5 9
0 4
18 57
12 11
15 65
9 85
6 47
10 45
18 44
2 72
2 4
17 99
1 52
17 93
13 12
15 20
16 64
17 72
14 106
5 96
15 36
2 32
0 63
10 56
18 12
1 40
4 111
8 38
8 28
0 64
5 37
12 12
2 78
18 70
7 21
2 35
18 34
15 101
3 87
2 84
2 96
18 31
5 116
12 95
4 79
13 94
6 61
6 30
10 82
7 21
17 41
5 10
9 88
11 112
15 65
18 8
7 75
14 69
0 5
10 68
11 21
4 116
18 75
17 84
10 58
9 99
10 30
7 0
17 42
0 55
9 15
9 22
4 34
9 110
0 66
16 39
2 116
11 35
2 81
6 97
17 10
1 67
16 74
14 111
13 42
6 116
11 14
5 64
18 100
1 21
4 111
18 66
15 30
11 81
0 6
10 63
10 2
5 66
13 41
1 39
13 49
6 21
7 81
11 19
0 115
18 113
14 110
11 105
15 70
5 81
6 66
3 18
9 46
15 7
17 87
10 91
7 70
4 109
11 113
18 116
7 97
9 66
6 100
15 90
8 72
12 51
0 77
3 97
10 90
14 89
16 58
10 60
1 69
12 14
2 65
15 23
1 23
13 45
7 41
6 110
10 67
10 31
15 13
4 92
3 28
4 25
9 24
2 7
7 63
4 56
17 39
16 69
4 48
2 78
7 76
14 89
4 59
7 29
4 0
17 64
3 95
10 84
0 31
14 107
18 102
7 86
17 81
1 39
10 32
10 52
11 57
15 28
14 49
2 18
15 18
4 18
17 13
1 55
3 35
1 98
14 16
0 10
13 65
2 53
2 116
11 30
14 3
6 82
7 12
11 109
11 71
12 111
1 59
3 50
18 69
9 91
5 40
8 101
11 36
1 20
14 67
16 71
15 58
0 8
11 80
10 27
3 108
1 18
15 17
12 64
18 13
2 3
11 80
15 70
12 98
16 80
13 108
5 58
14 40
14 46
4 111
1 18
5 41
12 16
4 97
4 108
2 26
11 12
1 64
3 84
0 66
15 109
13 78
5 115
10 10
14 53
7 65
3 74
9 25
2 91
17 9
13 98
7 108
8 17
1 14
12 1
10 86
10 103
11 14
1 53
2 48
13 100
11 94
0 24
7 104
4 24
14 17
13 11
4 22
7 55
16 90
8 59
10 88
7 6
3 86
0 30
13 63
4 1
1 26
16 62
8 109
8 24
10 93
5 82
7 99
4 83
14 40
16 15
8 87
18 59
10 31
16 105
14 111
5 37
7 107
7 95
6 104
10 31
12 8
14 100
12 106
0 33
8 6
12 69
12 58
8 73
4 44
6 93
2 113
14 42
4 30
2 101
15 74
11 60
16 87
17 68
18 18
2 24
9 11
17 64
11 37
8 106
8 10
6 32
1 24
1 77
10 110
1 82
1 25
8 112
16 115
18 58
10 78
14 75
8 105
2 77
14 103
3 71
14 54
3 115
10 116
5 36
1 2
16 88
11 10
4 113
2 109
5 72
10 75
9 111
17 84
1 74
10 53
10 34
16 48
8 54
10 9
3 50
2 36
17 9
9 40
10 9
15 1
4 24
3 84
15 81
11 11
16 66
12 24
10 23
13 29
15 99
18 24
2 97
15 115
16 31
13 17
16 43
12 19
16 84
17 71
2 70
2 104
18 112
2 56
16 67
5 60
0 6
2 90
15 81
14 94
7 107
6 84
1 52
4 22
1 83
5 100
7 60
14 35
5 61
10 37
3 63
17 44
15 0
18 88
18 100
1 88
10 23
16 91
2 51
4 98
13 75
1 47
2 37
10 45
13 73
3 24
1 9
9 66
16 66
16 36
12 74
10 82
11 46
13 76
16 61
15 39
12 38
12 111
17 86
1 23
18 96
1 111
3 40
1 88
12 33
16 69
12 51
6 9
0 108
9 11
4 71
2 34
16 77
17 37
9 24
16 105
2 33
13 78
17 94
8 3
0 44
5 113
11 25
1 32
1 53
5 95
18 47
0 60
2 11
6 65
18 20
13 88
7 93
9 62
1 8
8 39
13 33
14 47
8 29
5 45
14 17
13 67
12 98
12 97
14 62
12 64
0 112
4 9
6 104
15 49
12 31
3 58
5 34
17 75
4 100
2 2
10 44
10 0
13 51
4 106
7 75
9 86
12 88
5 69
9 16
18 4
14 50
3 28
13 18
10 41
17 91
5 55
7 58
8 93
14 76
17 36
5 15
15 96
10 40
13 19
2 5
14 107
7 24
13 63
3 111
6 42
12 63
17 32
3 79
17 91
5 84
8 104
13 67
10 63
4 50
15 33
3 39
7 15
10 86
8 114
0 21
5 65
3 72
15 51
12 29
18 59
9 29
12 91
16 97
9 101
10 71
0 40
2 40
18 92
7 57
16 12
14 40
3 11
16 49
14 96
12 6
18 84
17 25
3 66
14 98
3 56
2 95
1 91
7 71
4 60
2 19
10 41
1 69
5 105
9 19
16 8
13 114
3 39
10 45
4 96
18 60
6 79
14 7
1 32
11 14
5 37
3 50
16 92
16 83
6 75
13 106
17 37
17 35
1 88
13 21
14 27
15 55
7 68
3 36
8 94
4 102
8 10
7 112
10 0
16 32
14 76
9 52
0 5
10 31
8 91
2 112
4 11
5 15
18 40
11 26
9 76
11 23
12 17
2 7
5 66
18 44
2 1
13 62
0 55
1 102
4 101
16 9
6 84
17 67
5 116
0 99
1 38
11 111
3 6
17 99
8 23
18 109
0 39
4 80
0 67
18 21
14 68
13 9
10 89
12 109
0 26
10 26
4 3
16 10
4 53
8 48
11 110
15 33
18 116
12 85
9 39
13 1
18 86
6 58
18 102
15 47
18 45
7 88
4 65
4 65
6 76
16 95
13 82
3 58
14 21
7 110
9 0
0 53
13 22
18 81
4 10
8 101
16 17
0 104
10 99
18 24
10 29
2 5
16 29
8 17
15 110
12 82
0 97
4 14
4 61
7 11
15 64
12 87
4 22
18 18
2 5
5 91
18 100
9 21
11 116
1 38
10 64
5 60
6 58
15 31
6 1
11 9
6 107
7 11
5 12
1 59
12 32
8 75
14 23
12 16
13 99
5 84
5 24
18 32
10 36
5 24
13 30
5 48
2 86
11 10
6 80
13 55
2 81
5 24
9 34
12 67
15 19
7 83
2 101
7 50
13 0
13 24
15 110
9 87
10 104
11 62
14 23
3 58
16 60
6 19
0 110
11 105
10 31
9 109
10 9
15 107
12 48
11 97
4 72
1 53
18 28
6 63
0 65
15 76
5 31
2 111
15 103
3 79
3 71
5 95
6 106
5 21
6 94
15 76
11 82
10 96
14 73
2 51
3 41
6 35
8 59
0 110
1 86
3 31
13 38
3 86
4 11
0 42
3 38
18 19
1 76
8 64
12 96
17 1
16 26
9 47
11 3
2 71
1 68
10 67
17 59
11 71
12 111
15 73
1 10
11 68
3 84
7 74
12 110
2 28
17 52
15 76
11 44
6 54
6 112
11 17
15 17
8 78
17 107
14 62
13 85
9 52
6 50
5 87
8 116
17 23
7 31
0 74
6 99
9 39
14 106
0 87
13 42
10 36
9 52
3 1
12 92
9 43
18 3
17 114
16 67
4 22
12 66
12 73
9 102
6 90
0 37
12 109
5 93
8 38
14 102
6 63
14 11
1 9
8 24
15 49
4 43
12 59
17 104
0 58
10 92
13 113
13 96
10 33
6 39
0 20
8 24
10 1
11 71
6 114
17 38
15 116
2 35
16 81
6 104
11 1
9 73
0 116
12 85
1 103
14 17
6 69
17 24
15 19
0 105
18 25
1 57
2 77
8 106
13 6
6 1
2 84
4 63
14 100
15 0
7 82
14 28
15 82
9 52
8 98
1 56
17 54
7 107
11 23
6 115
11 36
17 28
16 102
13 67
4 100
5 59
1 15
0 79
10 39
10 106
17 85
1 111
14 75
7 68
1 9
7 114
3 32
16 110
12 36
16 35
2 14
3 86
10 83
17 73
5 76
3 27
11 45
6 72
5 50
16 70
6 28
5 29
6 72
14 88
18 45
4 52
13 31
15 30
15 44
2 92
9 22
15 35
16 86
12 90
8 46
7 104
5 57
1 46
1 89
17 79
1 2
15 20
2 103
0 46
0 62
16 32
0 69
2 22
10 32
9 43
15 69
6 41
5 5
17 17
4 52
16 37
9 64
6 4
1 10
13 101
15 55
0 78
14 48
8 67
6 33
7 77
3 34
5 17
3 21
11 111
11 43
4 64
10 25
12 54
2 16
5 63
0 111
10 102
10 53
8 79
7 108
15 53
17 64
3 55
17 83
6 112
13 16
13 16
8 23
6 70
17 16
7 57
6 38
12 113
17 57
16 83
1 18
12 110
16 83
7 24
14 116
13 49
3 44
6 74
7 62
6 48
11 110
13 62
5 88
11 93
4 78
9 67
0 44
3 95
13 52
2 17
18 32
5 67
7 84
11 24
15 1
15 25
13 95
7 108
13 85
7 63
2 5
16 96
8 6
17 83
11 0
3 112
6 40
4 71
0 88
13 78
9 91
0 104
9 95
13 16
9 39
18 24
0 75
1 67
17 53
5 44
13 49
1 69
7 18
8 93
12 60
15 27
11 4
10 12
13 52
5 17
18 57
17 0
9 14
8 22
3 115
15 70
15 13
0 109
5 47
16 80
13 105
3 86
6 100
18 75
3 78
15 105
0 21
0 103
0 73
1 49
15 69
9 22
12 43
16 4
4 14
18 39
14 40
9 64
12 94
3 62
2 82
16 40
17 57
0 81
18 12
1 22
12 94
17 79
7 103
15 44
4 8
11 14
9 26
11 48
17 48
11 8
14 104
5 109
16 36
17 94
13 31
13 3
17 38
9 34
8 63
10 82
2 103
5 69
1 0
11 109
14 101
16 49
7 91
16 73
1 58
5 115
7 25
13 18
13 25
0 7
0 100
7 105
5 63
18 104
16 64
16 91
6 64
4 17
12 10
16 93
12 11
2 71
3 3
15 24
18 57
7 75
2 94
18 58
11 59
12 52
4 1
8 91
6 38
17 43
8 23
14 38
4 80
11 33
3 108
11 103
4 29
13 89
2 80
4 11
6 96
16 80
1 33
11 113
4 95
17 0
3 57
8 66
8 108
9 11
7 46
4 1
3 73
4 37
0 19
4 55
5 41
3 6
6 10
0 16
6 28
14 86
9 54
4 55
15 70
14 16
12 105
17 91
14 10
5 96
2 64
3 15
1 69
6 42
3 51
6 111
10 13
12 53
3 69
17 3
2 47
16 8
3 24
15 19
10 89
2 88
16 66
3 113
4 50
7 81
16 94
0 97
5 43
13 99
14 55
9 112
13 17
16 40
17 49
7 105
11 6
15 91
9 7
14 31
15 78
3 106
14 53
16 108
3 31
4 60
5 20
6 114
6 69
4 5
8 39
5 46
10 111
17 86
7 36
13 88
15 77
3 45
6 83
14 0
7 5
12 54
13 27
13 94
4 87
5 100
16 66
5 110
17 61
9 79
7 104
3 53
15 95
13 38
4 115
4 3
8 30
4 77
18 39
5 92
14 3
17 4
18 49
0 39
0 65
5 25
6 88
5 11
1 110
3 38
15 81
3 112
6 78
9 59
4 24
16 32
7 109
0 109
3 59
13 25
11 17
2 113
11 106
9 56
12 31
7 47
7 102
5 24
1 30
12 85
3 2
10 86
1 100
2 75
17 8
16 43
10 67
5 104
4 102
2 49
15 115
2 40
7 1
9 91
0 55
6 0
14 8
14 90
14 31
16 93
16 23
6 96
18 81
9 111
9 11
1 99
4 3
6 29
14 60
5 27
5 97
17 47
11 37
18 48
2 29
17 8
16 11
12 36
5 11
3 27
5 82
2 91
7 71
10 67
5 62
12 22
16 111
10 6
14 23
2 47
1 21
10 90
11 80
7 100
4 113
8 16
3 51
11 14
16 44
15 31
18 33
13 29
18 31
17 89
13 60
8 24
2 35
14 6
0 101
4 19
7 63
2 50
18 37
8 28
10 90
2 43
17 29
4 12
1 99
15 60
8 84
2 81
5 70
18 98
13 48
18 3
15 10
6 12
10 0
14 111
9 85
4 97
5 78
1 36
2 49
0 43
17 104
11 102
1 84
1 10
6 67
15 44
7 35
5 38
16 110
3 59
2 30
4 70
15 75
17 13
14 75
17 100
13 22
3 84
17 42
13 89
18 19
18 6
13 46
2 15
14 17
8 81
16 99
14 7
6 112
9 44
13 103
18 91
7 78
13 86
5 54
10 73
17 42
16 24
3 97
10 2
18 20
4 76
5 17
2 41
7 66
2 18
8 94
8 107
17 83
18 87
4 86
4 34
9 37
13 58
9 30
12 68
1 115
3 27
14 35
8 12
8 57
2 93
8 24
11 20
0 107
12 7
8 113
11 10
5 99
18 39
18 104
10 77
9 36
0 25
11 109
17 77
5 91
3 64
6 42
4 104
4 8
11 3
0 37
3 65
13 32
10 70
18 75
6 115
8 73
3 17
13 92
7 15
4 19
9 107
15 63
4 81
14 50
10 65
11 56
4 58
18 74
6 64
15 35
10 84
16 57
3 24
15 8
8 104
16 16
14 17
16 27
12 48
17 40
18 40
3 0
4 108
1 37
0 9
11 11
8 10
5 52
1 12
9 2
2 36
1 0
17 70
13 108
10 17
17 31
14 47
0 41
18 52
1 73
10 19
11 91
1 49
2 27
11 14
11 86
7 59
10 90
3 86
12 33
15 79
8 115
13 38
14 55
10 5
11 25
9 101
10 61
8 51
5 115
16 12
7 14
14 100
0 0
9 38
18 89
17 109
4 30
7 32
12 111
7 49
10 112
1 1
5 2
3 61
17 39
18 108
5 64
2 107
18 88
4 64
16 40
13 110
2 30
15 15
16 52
5 75
8 48
16 116
10 65
13 113
2 29
7 77
14 83
2 7
3 49
18 62
14 79
9 35
9 7
10 62
1 95
6 77
7 78
12 85
8 10
14 38
0 30
18 85
7 116
0 22
1 49
12 17
13 19
10 62
0 95
0 26
8 39
9 16
13 53
5 68
6 77
10 24
2 63
18 43
7 16
18 114
5 41
1 66
14 52
1 20
18 50
10 11
0 64
14 56
15 3
0 91
5 1
9 115
14 57
11 74
9 34
15 36
18 56
9 11
4 115
3 18
11 83
8 86
8 59
17 33
5 72
11 87
5 49
17 79
5 7
11 10
3 16
9 115
8 30
0 52
6 10
9 93
14 101
16 73
7 87
4 41
17 59
8 49
10 41
10 72
14 116
9 101
13 87
15 49
13 4
12 8
13 58
5 65
8 81
13 6
5 95
8 99
8 64
2 60
12 106
3 73
13 59
4 21
10 24
10 36
10 77
4 112
14 43
12 67
1 109
4 60
1 23
16 25
2 100
5 7
15 1
17 48
6 103
1 5
15 98
3 20
8 20
2 113
14 32
18 18
10 66
1 102
3 3
17 93
9 44
9 113
15 70
13 6
3 65
6 78
7 73
13 98
5 16
13 17
14 71
4 89
17 102
13 6
16 101
17 111
5 116
1 67
3 75
3 65
18 110
0 66
18 34
14 49
18 28
9 86
12 46
15 65
15 60
13 16
3 25
3 9
8 22
18 70
12 49
7 26
6 70
12 14
3 55
1 115
18 36
11 90
18 49
4 90
2 46
1 102
5 68
16 69
3 111
12 79
14 63
16 76
7 112
13 15
17 79
0 108
5 62
9 20
14 25
13 53
18 17
7 14
18 35
14 24
17 78
9 104
17 36
13 91
12 51
0 54
7 68
12 3
15 59
0 101
9 19
17 37
17 103
16 67
0 103
7 27
2 75
17 29
16 15
9 67
17 107
2 110
18 13
7 16
10 44
11 58
17 11
17 102
5 22
8 19
5 40
1 89
4 28
13 27
5 116
10 52
5 96
10 67
1 85
4 26
2 55
11 80
16 105
17 1
9 111
16 25
7 63
9 60
17 115
10 1
15 46
0 60
6 29
14 26
12 30
2 41
16 30
8 11
18 78
4 41
3 75
9 48
6 12
18 108
3 91
10 94
12 67
16 93
0 37
14 53
0 23
0 12
8 100
16 17
15 58
11 39
18 44
8 81
4 78
16 115
3 94
9 114
14 61
8 6
11 44
0 11
2 33
8 88
7 35
3 75
9 23
0 107
9 30
16 27
14 24
9 11
8 6
18 3
13 88
10 7
18 9
12 100
17 0
5 77
18 80
4 94
9 42
0 67
15 83
2 54
18 113
16 27
13 105
3 79
12 44
15 47
9 69
16 12
3 8
10 100
15 81
14 40
13 92
11 76
6 114
3 42
2 7
17 48
7 100
4 45
14 76
15 6
9 27
18 39
8 62
12 70
1 87
5 37
7 65
4 76
8 100
9 88
10 112
7 32
9 99
13 46
13 50
3 25
18 103
17 65
2 74
3 40
14 5
9 9
9 92
15 25
6 11
1 96
8 1
1 3
16 42
18 83
18 72
5 109
17 43
17 109
3 92
13 41
4 10
4 42
11 52
15 12
7 72
7 20
9 12
8 23
3 84
8 78
18 66
16 70
12 81
13 18
0 20
5 110
6 111
6 4
4 3
13 13
18 103
0 26
11 47
1 109
10 81
14 31
13 56
4 40
2 59
15 110
16 8
0 65
9 27
8 68
18 52
11 79
9 87
7 19
12 67
8 7
18 20
8 112
2 29
0 17
17 102
7 59
7 25
17 60
10 97
5 85
6 32
3 55
18 11
4 54
2 75
9 96
10 5
10 9
14 90
1 71
2 19
1 96
18 76
16 79
3 33
10 28
8 85
7 53
13 83
15 114
11 70
17 94
16 76
17 116
2 6
0 111
15 34
13 71
14 17
7 59
12 86
12 84
6 57
3 57
7 68
14 65
6 32
11 37
1 95
3 70
13 99
10 106
10 81
6 94
11 11
17 8
18 102
11 114
9 105
9 14
16 46
5 114
11 69
5 65
17 49
9 72
4 53
16 109
10 115
17 29
12 49
16 35
9 54
6 65
7 71
11 74
15 72
17 50
14 74
16 110
5 25
14 58
6 99
9 77
3 99
11 66
15 37
13 103
9 52
2 29
11 75
4 115
15 49
1 96
10 48
18 41
0 112
15 95
16 68
8 66
4 99
10 110
2 49
5 74
13 48
14 28
8 70
12 14
10 8
16 54
12 5
13 12
9 91
1 18
3 33
12 109
5 105
4 112
0 72
0 104
14 96
10 95
4 11
5 56
13 14
5 17
0 55
18 53
2 74
2 10
16 12
15 58
17 22
9 58
5 82
16 66
3 66
15 105
18 23
10 48
3 63
8 34
17 69
14 66
4 110
10 93
7 60
8 80
16 26
14 36
13 69
1 82
17 10
6 32
15 41
0 69
4 9
14 23
6 108
12 96
2 73
18 99
6 110
7 24
18 87
9 87
5 85
12 48
1 10
16 22
7 49
6 111
15 98
17 51
17 31
6 97
15 108
6 115
13 24
4 61
0 113
17 7
2 64
13 86
18 15
12 79
17 18
9 17
3 85
1 16
16 36
18 7
1 96
2 62
17 55
2 78
15 8
13 72
1 47
3 10
5 18
8 69
0 70
3 6
12 13
14 114
15 100
10 100
7 48
11 82
1 102
7 41
16 69
14 5
14 73
11 39
6 34
1 111
5 71
16 102
13 100
14 59
18 99
11 28
4 26
18 108
2 86
11 61
9 7
0 17
2 79
9 98
11 36
5 48
6 92
4 108
8 16
13 39
15 6
1 19
5 93
16 80
1 43
0 47
6 5
16 47
16 33
14 20
14 14
1 88
16 47
17 93
15 102
3 10
6 112
9 4
0 108
0 37
4 68
15 32
5 34
18 22
12 0
4 84
5 99
15 15
7 14
8 54
11 83
3 103
13 107
16 70
12 16
8 77
2 84
17 95
5 43
17 66
17 97
10 44
4 110
2 42
9 18
5 80
4 87
5 16
4 83
10 46
15 76
2 10
9 109
0 16
8 47
2 38
12 70
7 93
15 52
2 6
16 17
7 5
12 24
14 65
16 107
6 28
12 1
14 86
17 4
13 113
7 101
14 106
1 20
16 75
6 115
14 17
4 10
3 55
4 71
17 83
3 79
7 64
3 43
5 103
17 19
6 69
18 63
8 35
12 8
14 6
12 52
11 45
0 97
1 55
1 90
6 94
16 37
16 57
3 61
6 11
18 26
16 105
17 101
11 113
4 26
2 36
6 36
6 40
11 71
6 56
6 17
16 53
5 37
17 10
13 31
0 33
11 18
7 42
3 30
18 23
6 110
7 51
1 25
2 26
7 11
18 100
5 54
3 84
14 82
2 77
0 64
15 37
1 5
11 12
0 83
17 6
9 44
4 0
15 94
0 50
9 112
11 84
12 16
2 107
5 69
2 99
5 21
10 83
18 114
7 48
1 70
12 11
11 112
0 98
0 7
12 42
13 84
16 45
9 81
4 111
12 62
4 31
15 36
18 95
10 24
6 111
17 44
6 17
1 59
13 34
10 76
11 16
15 96
10 49
11 111
5 116
13 17
17 101
6 4
8 74
1 101
0 66
9 78
4 53
1 16
15 35
4 5
0 86
12 23
0 41
0 64
12 116
17 31
17 71
7 83
15 103
12 67
12 41
18 61
12 78
14 56
10 35
12 88
6 94
14 71
7 32
0 68
15 0
17 101
8 65
9 64
8 62
6 30
7 111
5 58
2 86
11 15
16 50
18 42
4 86
14 70
10 6
9 9
5 81
1 110
13 99
11 11
3 56
8 44
2 78
2 59
7 46
7 75
15 114
11 79
17 116
2 109
9 108
9 7
13 86
17 17
17 114
6 25
6 80
15 26
10 14
18 49
3 85
5 76
16 101
17 10
5 97
0 72
2 54
4 52
1 61
0 68
6 54
9 98
11 26
1 49
5 9
15 21
9 60
15 11
16 47
4 84
17 19
3 102
10 81
8 95
8 5
10 13
5 110
17 20
17 68
11 58
4 59
6 91
16 14
14 28
12 78
4 97
18 86
10 73
14 97
17 37
3 96
8 18
5 98
17 24
10 102
3 21
7 101
0 49
18 0
4 108
3 28
8 24
16 4
7 33
3 31
10 25
7 84
14 51
16 15
15 11
5 90
0 44
17 60
7 87
9 24
6 45
9 97
0 59
2 89
17 107
15 103
14 90
17 78
2 59
5 39
14 16
5 62
9 16
15 88
18 72
18 81
15 0
9 34
3 20
9 87
14 61
11 64
7 12
10 59
17 35
17 43
18 87
9 106
1 32
1 83
13 40
2 8
4 37
3 3
9 11
12 90
5 85
7 75
10 14
4 90
14 105
9 102
1 103
15 114
4 14
12 39
9 53
0 72
3 64
17 53
8 71
2 32
4 12
2 25
4 24
10 46
12 65
6 71
2 115
14 24
4 85
14 106
15 79
12 8
15 78
13 35
9 78
13 40
13 71
15 68
14 94
7 100
4 49
4 74
10 79
7 37
17 37
6 66
11 0
13 110
3 85
4 5
12 73
14 56
13 105
1 26
7 43
9 88
15 82
1 37
13 83
17 116
8 88
2 8
2 17
13 86
2 68
4 37
3 94
11 99
1 100
5 78
15 50
2 29
11 111
0 82
13 104
13 18
5 46
3 63
4 60
16 96
13 21
15 54
10 82
15 0
6 87
0 88
15 103
7 67
14 58
2 2
6 14
9 77
16 106
16 44
11 14
16 40
4 43
18 30
4 81
11 75
10 26
11 65
5 87
7 10
13 39
11 93
10 16
18 101
9 103
1 37
10 2
17 64
15 12
13 11
1 102
17 109
9 80
9 75
2 14
3 14
2 77
0 12
14 99
7 22
5 84
1 84
1 62
18 92
16 44
11 93
18 110
7 99
16 0
16 60
6 27
11 67
15 30
7 83
3 66
5 73
5 17
1 46
17 28
2 109
2 56
8 71
16 66
11 81
10 81
0 108
9 0
7 60
15 71
0 56
12 10
4 63
12 75
6 101
7 76
2 74
2 38
13 24
8 74
16 11
5 100
6 80
13 76
17 39
9 106
1 40
17 90
14 35
14 34
12 40
3 96
1 112
14 100
11 15
6 74
0 46
7 14
2 33
0 0
12 47
18 68
12 42
0 105
2 11
17 53
15 11
1 91
10 40
0 60
16 23
9 45
3 15
14 55
1 74
2 25
8 52
6 41
8 72
17 112
17 95
12 5
1 42
7 92
1 19
1 95
1 65
16 26
5 82
12 21
18 12
11 59
4 11
3 43
8 77
12 65
5 10
4 99
16 116
2 37
12 2
6 49
2 93
17 72
4 69
12 7
6 55
6 110
1 67
17 10
2 18
17 51
0 33
15 103
9 107
8 52
12 73
1 29
4 108
14 4
2 11
13 2
14 45
17 95
3 25
5 106
15 50
3 67
15 98
3 22
2 74
15 30
2 67
18 109
1 41
6 16
15 17
5 5
16 60
2 96
15 79
9 51
5 31
16 65
13 99
2 4
16 106
0 1
16 42
1 71
18 105
0 26
18 29
12 21
10 107
6 33
9 82
9 14
15 15
3 14
9 71
6 6
7 76
6 40
10 64
15 62
18 109
15 92
6 74
3 76
10 6
8 12
15 25
4 116
1 85
18 110
18 105
1 65
5 80
16 68
17 26
6 86
5 90
11 103
2 26
18 113
1 52
9 28
16 51
6 66
16 38
3 48
15 73
6 58
18 53
13 94
9 105
0 92
16 115
14 2
7 28
9 14
12 37
7 38
1 75
16 49
2 100
0 19
13 96
13 112
15 3
15 51
18 9
10 21
5 4
3 60
3 15
12 8
8 63
1 66
6 16
6 45
5 62
8 95
17 90
17 16
9 51
9 94
10 52
4 29
5 116
15 106
15 46
18 42
10 45
7 84
6 69
16 102
2 102
5 22
17 91
16 83
17 15
11 38
13 102
3 29
11 10
11 15
15 66
16 63
6 65
7 74
7 48
15 109
4 100
1 5
9 100
9 0
3 54
8 64
6 116
6 112
0 90
8 34
5 95
15 10
6 79
0 35
4 45
12 56
12 12
18 30
2 67
1 64
16 30
12 93
8 91
14 54
15 78
0 49
1 106
10 85
17 0
4 86
9 75
9 55
16 88
2 28
18 87
11 51
2 63
5 97
16 53
12 26
4 54
12 1
11 108
5 48
4 6
8 90
9 89
10 112
9 47
14 62
4 110
4 77
13 19
1 115
16 22
12 16
3 67
6 95
18 96
6 48
6 110
16 88
7 51
0 43
9 58
7 0
8 84
7 35
17 55
0 42
4 24
2 11
6 61
0 11
1 76
17 34
18 3
2 9
13 91
3 103
5 2
7 45
5 65
18 69
8 12
14 98
4 38
4 42
4 28
15 79
12 20
5 11
3 109
0 29
15 16
7 69
0 101
10 17
10 25
14 53
15 21
11 112
12 14
3 115
14 102
9 56
5 9
16 4
8 68
6 95
0 59
14 99
11 107
2 73
6 115
3 50
13 45
1 36
18 58
2 38
8 26
5 74
12 6
15 36
2 113
16 24
16 13
3 69
3 53
16 115
9 25
8 48
10 37
17 47
16 35
0 106
2 45
4 53
16 50
0 92
7 66
14 34
13 9
2 106
9 28
13 54
2 105
8 2
4 52
1 41
7 115
2 85
6 19
4 19
13 52
10 20
7 105
13 27
9 79
17 14
18 13
14 31
8 61
18 94
11 104
3 6
8 116
3 111
17 59
16 19
17 82
0 19
14 66
12 3
6 18
18 34
16 20
18 114
17 110
11 100
4 80
0 105
4 66
7 26
12 9
9 73
18 41
7 47
18 54
1 76
5 96
8 12
11 57
18 9
2 77
1 63
9 40
16 41
5 86
16 96
9 45
15 1
5 107
14 77
13 37
7 80
14 68
14 39
9 67
16 66
3 100
3 18
10 103
1 35
10 102
0 16
5 26
13 50
0 51
9 41
0 54
4 108
13 71
1 47
12 21
15 81
8 61
15 76
17 17
0 15
8 91
9 103
12 85
10 19
16 102
17 112
2 115
1 15
6 12
9 30
0 94
2 107
1 44
16 21
0 81
10 60
13 28
0 21
13 4
6 31
2 8
18 66
18 51
10 84
1 62
17 42
11 25
4 71
4 72
6 79
13 9
0 72
2 27
15 9
5 11
1 114
13 88
18 20
2 96
14 74
10 61
11 87
2 108
14 112
17 88
1 8
15 79
17 109
17 28
4 112
16 24
8 47
1 48
8 2
8 114
17 70
13 52
9 86
2 105
13 68
4 108
18 37
9 25
12 112
12 47
15 106
15 35
8 15
3 112
2 26
14 63
0 49
14 5
4 1
18 81
12 78
5 77
3 78
8 35
2 75
16 16
10 65
1 70
10 65
15 66
17 61
15 96
12 91
3 57
8 27
17 74
1 104
11 84
14 82
7 9
18 66
6 61
6 32
7 58
8 5
13 62
9 24
0 56
2 48
17 103
8 63
18 44
18 114
9 72
14 33
0 75
9 15
6 1
5 15
4 64
13 105
3 18
16 93
16 19
15 29
5 45
8 76
18 35
3 20
1 98
8 28
11 13
0 52
0 81
0 79
3 9
13 110
3 60
10 57
9 25
3 62
18 115
0 15
10 59
11 90
17 87
13 62
0 46
3 51
7 74
2 16
8 32
2 18
16 112
13 64
18 89
12 44
16 30
18 32
5 2
12 100
13 68
4 25
16 56
17 36
10 26
0 39
2 46
4 44
0 69
7 71
0 47
12 83
7 107
5 15
4 86
18 57
15 7
15 7
2 104
5 17
14 48
4 41
5 75
1 90
14 59
6 79
1 110
6 8
0 0
15 22
9 53
17 68
8 76
8 18
9 1
17 43
0 29
14 90
2 38
9 80
0 106
12 3
11 55
3 115
16 48
11 90
6 111
16 61
8 4
0 57
6 49
18 70
13 26
15 47
1 51
2 116
6 16
2 106
5 82
6 111
8 26
9 98
7 59
8 96
3 111
4 72
8 85
0 104
5 93
11 34
9 50
10 35
17 95
7 82
15 29
11 64
9 20
9 40
3 1
15 48
5 26
18 83
15 98
17 40
16 59
12 0
18 93
14 6
12 94
10 13
9 98
12 78
10 68
4 51
6 6
3 80
6 97
5 25
17 18
7 113
12 52
16 24
6 75
17 65
3 66
10 35
17 48
0 87
3 70
6 69
1 35
2 58
2 97
6 3
16 112
12 85
10 103
8 4
1 35
6 52
2 81
16 8
3 36
8 42
7 58
1 68
8 95
12 8
8 9
3 7
13 1
14 80
2 39
13 71
6 101
13 51
14 114
13 30
12 73
8 97
4 1
10 82
9 28
4 101
3 116
9 1
4 102
5 46
17 9
4 46
17 13
6 22
17 48
0 89
14 110
6 34
15 58
8 65
10 12
1 25
16 26
0 112
9 96
16 70
5 109
0 101
8 44
0 86
5 1
12 14
18 116
1 77
5 78
16 32
0 112
9 33
10 81
13 90
1 69
2 97
16 31
0 58
3 89
5 73
15 45
2 28
2 63
4 76
17 98
1 49
6 73
9 0
9 15
5 12
10 8
5 83
2 63
15 16
11 93
0 104
4 92
8 107
13 92
12 36
1 51
1 74
4 111
16 60
12 4
10 60
7 72
2 92
6 75
17 58
14 98
5 81
11 53
15 106
0 48
2 64
7 87
9 85
3 47
5 42
2 63
11 20
14 54
16 54
1 25
13 65
9 113
9 97
5 2
6 77
2 28
6 39
2 79
17 10
14 90
9 25
17 94
2 34
15 80
0 110
13 54
17 91
13 100
10 31
3 11
17 80
4 108
16 91
15 28
11 61
2 41
15 102
10 11
4 79
6 49
11 2
15 54
3 92
14 34
1 50
0 69
9 79
7 101
8 49
6 81
18 5
13 63
8 4
2 80
5 39
7 81
18 92
9 1
15 18
18 55
3 39
14 52
12 56
15 57
4 43
10 44
13 22
1 42
12 21
12 31
13 8
7 109
3 13
0 113
2 71
15 51
4 48
7 62
7 114
2 48
16 83
0 30
7 34
9 60
18 24
7 77
3 71
0 63
14 36
16 28
13 5
0 41
4 6
2 86
9 65
5 21
16 10
11 80
15 97
13 46
9 36
8 115
16 3
5 21
8 64
8 107
5 74
12 31
4 93
18 42
7 28
7 18
8 96
17 11
0 64
2 102
16 7
1 11
1 90
14 34
6 41
5 32
15 84
7 109
10 52
12 21
5 17
13 100
9 25
4 28
16 73
3 77
4 92
2 64
4 28
12 96
1 24
10 105
17 27
11 45
1 113
6 28
6 58
5 84
13 97
17 40
7 57
8 104
6 8
5 10
0 43
5 96
18 84
13 34
1 2
5 16
2 92
8 111
1 102
16 98
15 11
17 4
17 104
6 93
16 54
6 73
1 40
13 93
5 2
4 101
15 109
1 27
9 41
18 70
17 115
18 47
7 74
6 91
2 38
6 68
1 57
11 77
6 28
6 37
1 30
12 48
16 22
8 24
14 48
17 108
16 15
18 25
4 6
11 50
13 2
8 7
4 75
3 7
9 52
17 105
9 81
2 65
2 55
18 45
13 12
15 27
14 98
18 18
11 100
17 52
18 10
1 105
5 22
1 44
0 37
9 31
6 13
6 53
1 95
0 62
16 61
14 19
5 68
17 66
6 43
6 62
13 42
14 39
13 59
18 23
6 64
0 59
11 103
3 111
3 59
7 15
15 12
2 97
6 74
18 15
7 88
15 63
0 40
8 83
5 77
9 36
7 27
3 51
6 74
0 83
5 47
5 49
2 64
4 42
5 17
1 81
1 112
10 36
18 51
7 85
0 67
7 81
7 17
4 101
18 60
13 69
12 86
13 71
14 105
15 15
15 44
7 38
4 100
8 104
17 79
7 82
18 108
1 8
17 93
16 62
10 4
9 73
16 85
7 91
12 99
6 38
0 95
11 77
2 1
6 60
9 98
15 107
7 3
12 108
9 74
7 88
15 60
5 30
9 3
18 17
0 19
16 3
14 59
18 52
16 24
2 54
14 8
9 30
7 51
15 25
7 7
16 115
18 100
0 44
6 101
14 73
11 105
2 18
3 35
7 98
9 116
7 13
6 105
6 33
15 53
10 27
13 0
17 101
1 105
18 51
3 68
12 97
13 79
11 27
12 60
10 83
5 76
9 41
0 71
16 16
11 73
11 0
5 3
14 68
16 89
3 52
17 1
0 77
10 77
6 112
14 29
0 111
1 39
1 49
6 88
1 84
9 92
16 88
2 95
18 108
1 10
15 17
14 23
1 18
1 17
15 73
12 72
3 23
8 72
3 107
5 91
18 28
4 80
6 79
17 91
13 74
9 10
11 33
8 21
16 50
18 103
7 62
4 90
11 35
0 69
1 97
4 66
15 63
17 94
15 115
8 104
11 80
13 63
0 81
6 102
6 7
17 62
5 26
2 111
9 108
2 85
3 41
2 96
14 88
3 110
4 43
3 95
4 65
8 76
13 93
18 43
8 43
8 94
6 82
17 46
13 60
11 114
1 73
0 9
12 42
9 81
11 95
13 77
18 82
3 96
6 113
17 104
3 84
10 52
4 80
15 71
2 58
6 62
5 6
14 25
11 4
17 48
3 94
3 11
15 95
5 99
11 54
9 93
0 73
7 40
8 83
10 70
5 3
10 55
18 38
8 37
2 34
12 17
11 25
3 89
2 57
4 49
10 111
11 53
4 39
16 80
16 24
1 41
6 116
9 42
13 57
5 107
8 79
6 24
13 30
7 73
7 90
18 39
14 107
14 45
15 82
3 44
5 64
2 28
10 23
0 49
15 87
1 21
0 56
10 116
11 97
8 66
2 24
5 87
12 0
4 107
17 107
11 105
18 33
1 18
6 97
14 63
3 92
15 24
3 45
14 37
18 77
10 87
8 101
15 115
4 72
0 68
5 112
6 49
3 109
16 78
11 55
4 97
8 9
6 39
1 58
1 113
1 23
11 13
16 2
8 13
6 61
7 59
4 63
12 54
18 49
16 26
8 3
15 33
1 71
17 85
6 97
8 40
5 38
6 104
13 69
11 80
2 2
8 35
2 66
9 75
14 22
18 55
15 8
16 82
7 30
18 33
16 65
12 108
11 108
7 6
13 51
11 60
0 32
10 56
8 52
0 106
4 0
14 101
12 90
4 65
7 59
10 42
10 90
14 97
17 61
0 44
6 29
7 66
10 42
1 73
11 73
14 58
3 60
2 3
15 33
14 78
12 93
17 103
7 103
6 82
17 76
4 41
1 101
10 51
4 94
16 49
8 7
13 4
5 114
16 29
7 13
3 74
18 116
10 60
9 2
8 112
13 71
10 52
0 94
5 31
0 64
17 115
14 95
4 113
11 72
18 28
9 107
18 91
16 112
9 62
10 88
16 2
0 39
11 87
5 80
18 85
3 16
5 94
15 111
9 78
0 78
17 42
6 5
17 36
0 103
7 6
4 94
18 37
1 41
14 40
16 25
6 82
17 18
18 111
3 38
13 50
0 22
15 57
11 78
17 36
17 23
11 34
6 17
3 104
15 3
2 34
3 91
4 54
6 79
2 41
18 26
0 31
6 33
0 115
17 60
18 65
8 58
16 48
3 108
17 18
18 37
16 103
6 74
15 36
4 42
15 112
17 19
17 19
1 65
2 77
2 1
11 61
14 2
1 46
6 59
15 76
13 54
0 67
6 31
17 45
17 24
15 12
18 3
5 97
4 114
3 45
0 49
4 111
4 45
10 76
6 44
18 31
14 17
14 66
10 37
3 76
4 35
12 77
8 78
1 23
11 29
12 85
16 14
17 82
7 91
2 81
15 80
14 52
1 91
12 94
15 94
14 31
11 11
15 60
5 97
17 58
15 100
0 16
9 85
0 82
15 16
16 62
9 96
5 52
12 68
3 111
12 6
9 29
11 61
4 54
13 4
9 72
1 60
16 43
10 79
1 9
2 74
10 113
2 30
18 6
16 2
7 34
3 29
8 20
15 103
14 114
11 81
0 81
6 28
11 80
7 51
17 61
3 24
3 82
2 86
3 76
2 93
2 113
2 63
10 16
16 18
4 74
16 5
8 20
13 50
2 89
3 58
14 70
8 40
5 89
17 23
2 17
16 86
8 72
5 46
14 58
5 103
11 105
10 28
3 58
14 98
12 98
13 95
12 78
7 107
13 23
1 79
7 93
15 45
7 85
17 87
9 96
1 60
16 109
0 68
18 77
2 28
4 91
17 101
3 1
3 76
12 84
6 6
3 100
6 46
14 89
1 21
8 92
3 35
17 64
15 98
7 88
15 60
8 10
9 38
11 43
1 92
7 23
4 45
15 99
8 77
4 25
8 115
12 43
1 11
3 25
17 4
15 5
12 53
18 94
11 68
17 92
17 114
12 111
7 27
0 76
18 70
8 11
10 48
9 67
14 35
0 12
12 62
1 57
12 101
1 110
5 83
9 6
4 92
15 8
5 62
10 7
7 26
13 84
13 20
1 56
14 72
5 106
8 46
6 65
18 10
0 37
4 116
4 34
13 75
15 53
14 97
18 58
1 43
3 0
15 56
6 114
14 100
3 59
6 31
6 1
1 15
6 47
8 20
15 17
11 94
14 25
1 65
15 108
16 18
9 28
18 58
18 32
12 108
10 11
8 13
6 100
10 89
14 100
13 64
0 102
7 22
15 115
1 109
11 48
10 33
16 43
16 17
3 112
0 25
12 13
10 32
7 5
6 70
17 17
9 83
10 98
12 87
2 103
5 75
5 14
10 39
5 1
13 78
6 88
7 9
9 111
11 21
5 60
7 39
18 52
16 17
10 58
1 30
16 91
14 37
5 86
10 52
6 9
7 48
12 110
16 40
9 15
16 116
3 60
7 103
1 65
12 114
7 61
8 108
10 22
16 25
2 61
12 87
7 111
4 7
12 43
15 57
17 80
1 51
13 75
1 99
11 71
13 44
7 1
6 3
5 52
9 91
11 61
18 19
15 48
8 103
5 39
3 54
18 111
1 73
2 108
0 70
16 37
15 38
14 14
7 5
5 96
12 93
14 114
17 98
1 10
8 56
12 44
6 11
13 107
18 68
4 54
13 35
9 48
17 2
0 113
17 17
13 35
11 71
14 107
15 86
18 34
18 62
3 7
17 86
2 17
15 23
3 3
9 89
7 58
9 99
9 112
6 94
9 5
6 103
7 113
2 42
11 72
9 112
8 47
6 59
6 1
3 102
18 27
16 73
10 47
5 110
9 58
17 112
7 116
5 36
6 70
14 99
13 97
13 10
4 103
6 92
13 0
8 60
15 105
6 41
2 82
8 16
13 105
15 41
10 77
11 52
14 2
5 24
16 116
10 77
7 97
11 10
5 51
17 45
3 76
1 32
2 77
0 2
13 100
7 45
16 104
14 37
17 102
13 116
11 102
4 75
9 37
18 9
7 40
9 30
12 94
5 17
1 8
2 103
18 9
15 1
7 31
14 67
10 70
15 46
15 57
3 69
13 26
7 85
10 53
12 65
8 113
18 49
0 34
4 74
1 100
10 8
18 29
1 32
9 97
15 49
11 44
12 52
12 45
13 80
16 9
15 99
1 78
0 72
14 77
17 65
18 58
5 50
15 50
1 92
0 7
8 97
5 64
8 32
9 55
15 21
0 54
14 60
11 72
0 85
10 19
2 35
5 46
18 67
4 7
14 27
9 36
15 35
17 79
12 21
10 17
3 15
18 103
8 43
8 49
12 58
9 60
5 8
17 32
0 86
4 98
16 22
16 44
0 89
12 30
7 103
9 105
10 51
13 83
6 40
11 60
17 17
1 108
15 82
17 101
13 67
5 33
14 104
12 99
13 37
18 72
16 91
3 115
17 78
15 95
4 89
10 90
10 71
8 109
4 65
10 67
6 13
0 42
1 58
12 75
12 84
1 28
11 113
16 115
0 49
15 0
7 66
14 6
15 17
0 41
1 92
5 27
12 67
12 89
1 23
18 58
11 21
11 9
15 115
12 9
6 16
1 60
3 94
3 114
4 64
15 97
1 35
15 89
10 59
17 90
11 1
13 10
14 90
5 93
10 45
18 101
3 102
9 60
6 114
3 6
18 16
4 11
3 0
17 99
6 114
4 19
4 27
3 9
4 21
7 69
10 67
18 99
14 109
2 40
16 9
0 69
3 95
17 79
16 116
9 63
14 55
7 25
3 63
