47 58 187
8 5
50 530 80 457 589 1203 222 378 2236 927 1325 395 235 804 2190 814 533 721 2317 2556 2550 2681 1928 1438 1553 1128 1476 240 2403 55 2347 1081 1071 2342 2212 1939 607 243 2536 1349 2006 1291 338 2149 1958 2464 2557 
1797 1302 30 369 2008 766 1877 192 512 1649 698 2605 1313 1529 1131 2135 2562 1745 1775 164 1610 2589 524 2535 617 2613 2064 1045 2376 2122 491 2702 7 642 39 867 1604 834 1729 1883 1489 1013 1101 1355 2390 588 999 
88 201 1348 453 1792 998 153 1646 370 2297 759 2510 1414 152 542 1761 466 695 1759 1459 494 2193 2184 1769 2672 2270 2540 1322 476 1361 1486 316 513 1817 2492 1530 1379 534 1679 714 1733 2308 1633 367 1542 1456 207 
1219 2386 633 828 77 1056 1425 1959 374 2348 226 1910 621 895 118 1626 363 681 2689 1154 600 1497 1987 1100 1030 568 1827 868 462 1637 489 2336 2302 1935 244 1837 1405 2109 1046 636 1564 1327 901 2597 658 2591 1510 
204 1941 1834 933 310 1654 1094 602 2259 1864 500 2251 44 715 1781 271 1461 985 635 2661 2704 2424 386 2204 767 272 2358 2395 1717 2714 1202 2641 616 2600 2341 17 2651 687 416 1152 853 129 2025 2284 1197 592 1849 
1236 892 154 1424 2582 835 2224 2232 2111 1584 1329 838 665 1619 2287 2525 2129 2375 1402 209 594 1436 1183 1214 2627 1375 768 1796 2419 356 1865 2249 1763 11 1411 2051 1460 830 1694 2636 2438 102 992 325 884 1053 1978 
2152 1811 2656 450 2177 851 567 176 1257 2644 1768 398 349 1693 2594 394 702 241 1172 2590 1779 1937 2201 520 498 2470 279 837 1253 2516 1289 2456 1390 2433 747 1519 560 2700 2422 1014 1251 1869 751 2298 774 2646 2682 
1783 1884 1234 1816 2127 2697 1744 31 2454 2478 2028 421 1444 1057 966 284 576 1186 1336 1364 189 54 110 1288 1415 1276 599 1127 538 138 634 630 519 2677 1826 73 479 2713 659 2473 2272 1123 680 608 2385 2360 1155 
2581 2710 2461 1915 1600 1189 1088 1353 113 106 485 806 2694 419 1464 2166 2673 552 389 1114 506 1547 1446 2223 2288 465 1560 1933 399 690 725 2215 163 1582 2147 1620 554 2351 1347 296 1615 2070 482 1255 2276 2066 876 
2138 2585 38 2041 93 670 2327 652 267 183 643 2067 2137 2517 2059 1508 2611 2399 2675 615 1650 1111 2283 2626 1293 2631 1664 1169 178 115 2157 1805 1857 1534 848 2216 1312 1049 1930 2568 1116 697 1307 645 2180 1055 1432 
258 1084 1377 749 1554 1 2545 581 1996 1156 2014 2115 291 1010 1282 993 1757 2049 2496 1179 1485 1957 1613 1609 303 2508 1945 719 1921 234 2019 1724 817 818 709 1814 951 1927 948 1567 2084 2671 2429 852 1986 2022 1097 
2586 1015 385 1212 2173 558 1008 247 903 1522 2105 1573 1211 566 2174 202 1525 1076 1194 756 84 1960 1267 1872 1113 978 1341 504 1701 569 1356 1188 2282 1920 1756 1766 1651 2182 313 294 1278 1801 1059 531 444 1943 2134 
1237 2518 550 2103 254 2326 1686 1669 362 2624 937 2632 586 1812 1570 582 733 32 2165 2484 1238 1110 1286 372 1538 739 2580 2634 142 1266 2640 94 1074 1004 123 195 2354 2391 2480 274 1880 564 1279 143 1835 1292 1685 
124 1386 1488 1453 1894 2110 148 2097 1437 1828 1423 2575 840 1840 239 1847 913 1972 1807 2400 2724 875 322 1585 2457 1040 2241 1406 2466 1344 2601 793 412 2144 1900 408 2363 2509 808 1870 103 448 2383 1706 2392 35 2058 
2271 824 1398 2133 637 99 1736 1754 535 2142 1383 2366 727 886 2485 943 1991 1776 1555 2571 396 475 1283 2350 942 461 2316 2092 160 2685 361 1035 2629 2239 1673 1746 1657 1448 2107 2720 691 2086 2514 825 203 696 42 
1450 2388 597 1366 262 1683 245 2548 157 1208 779 663 2493 1916 2683 2154 1418 2185 474 1800 2687 1934 1320 598 2038 1929 986 2374 2381 1318 1319 648 97 593 2183 2062 2315 765 2676 979 1645 2654 2265 1942 1893 1577 1997 
2191 815 467 2261 1394 2543 228 579 162 517 368 745 1608 2361 490 2645 1112 420 1103 1833 2167 383 1823 788 2240 1072 2293 47 1727 676 1993 863 1334 1911 1441 1677 912 434 1881 67 885 1352 1002 812 908 75 259 
2628 2029 2486 730 1478 2260 140 902 1806 1665 432 2371 1199 1011 59 1593 2334 2331 1061 1892 2554 1953 2555 2467 2604 1548 1562 1165 626 887 1463 755 1422 987 422 435 1136 995 1537 2045 1419 2408 2244 2352 1912 2431 921 
424 941 173 632 590 1918 2705 1345 1146 339 1363 772 135 403 214 2218 1247 1550 906 1936 2005 15 1137 1774 2179 2528 488 1147 2048 2264 682 449 900 1725 66 46 437 351 478 924 888 439 1126 1907 1612 60 220 
1919 596 1909 878 2164 1580 5 1818 2465 2526 24 57 1382 1339 70 2060 565 2231 950 2439 684 144 1875 1007 1445 660 2446 2561 654 2333 1526 236 2573 1563 769 1656 89 2667 1122 741 861 540 2078 949 427 1192 230 
1844 1426 1309 1401 2716 2462 1543 1139 1433 2055 2278 1455 1475 2082 514 1948 260 1758 2330 1357 2262 205 257 1222 1389 1751 1899 2227 1362 675 1039 855 661 1739 352 2031 2035 601 2618 1662 1248 191 1125 795 441 51 130 
856 1666 472 190 1949 198 275 718 48 2534 2567 2471 1879 1157 1977 890 334 1052 2300 223 1447 1308 2378 445 499 26 799 2678 850 2524 2450 418 2447 2512 1999 2250 2171 1006 1723 775 2686 1730 1854 2415 1204 1180 406 
740 411 1772 211 1435 797 2576 1561 1753 471 2670 1549 580 2095 298 2520 4 2033 155 104 2016 783 647 2440 547 2500 2533 2168 455 807 891 470 509 2638 86 2593 2132 1263 2665 2312 952 52 1904 1404 1449 877 882 
358 68 1975 1611 1867 639 2206 947 1295 2630 447 1387 1520 1385 571 925 1897 1259 1135 1200 1298 708 388 2610 357 1808 2648 1922 619 1891 780 1143 2145 40 1391 2253 1207 953 2255 2551 456 827 79 1065 1343 2405 1058 
172 1400 975 486 2547 958 915 776 965 2069 2091 1142 764 1810 237 826 2527 1671 2680 1962 1132 1092 2542 1224 2057 1109 2658 816 2169 2228 458 125 2155 2501 1695 1000 692 327 2472 1951 1181 1524 1829 2455 180 497 340 
495 1841 1193 78 528 311 1243 2404 1294 82 753 2263 484 673 2322 551 2076 854 1923 1639 2407 1820 823 518 359 2175 874 1480 2248 711 896 1275 25 1586 1159 810 2172 20 2723 1596 1467 1716 323 1213 290 1314 1606 
1601 752 1595 2237 2003 782 2233 2148 894 770 107 1403 299 2279 150 261 2161 1210 1086 2578 859 1187 1653 2417 1981 1924 1509 58 1037 1408 2394 2579 625 2718 1980 1621 2642 736 477 910 208 146 720 1120 156 342 2377 
666 2226 2531 2194 1565 595 1468 2108 862 790 1668 1360 2592 1229 392 724 433 809 1503 1095 1499 281 1592 561 2380 1784 1430 2410 940 170 1583 688 623 1020 2208 1629 2515 2549 2449 541 939 920 1514 1952 1350 1340 2340 
1902 278 1149 1206 1492 1395 2225 1227 870 2277 1479 473 742 2596 971 2199 2200 1574 2621 1688 2125 1598 858 402 330 2633 1569 2463 1743 364 1974 2291 1378 1963 1862 1410 502 1001 1785 2202 1079 1765 341 570 1576 2234 1836 
2088 671 1333 669 2699 289 2345 1851 984 2198 841 2572 1047 100 2513 2717 182 1588 2460 69 1605 2126 1268 2010 2387 879 2089 2688 2365 179 746 1764 620 1150 516 1025 87 1789 717 1557 1721 233 511 1416 1221 787 1602 
2369 27 1641 2114 1546 2539 9 29 365 431 109 2136 1515 2668 2443 1590 2587 2588 13 366 1091 1965 2220 199 655 794 1830 989 2093 991 2156 529 1670 19 2690 481 1988 415 136 151 954 1328 1145 1119 798 1068 1552 
1638 2301 1163 2639 2364 678 577 2337 1107 1170 2674 2657 1887 1710 2625 973 43 961 1498 743 174 1690 1712 417 1033 1376 1454 572 1326 2159 277 2599 64 442 292 409 2529 1848 1108 2024 1141 1173 2707 337 2721 748 694 
377 344 955 1296 2481 2146 2128 935 1617 2098 2053 1614 1261 2666 1073 1299 81 946 1973 1832 2488 346 1908 1254 963 1019 618 1966 657 1630 74 2176 1036 2096 2532 307 1931 1029 844 1369 295 522 1970 931 1176 1474 134 
2001 2323 1285 2210 1121 857 585 1581 781 12 65 2494 393 1228 994 1067 1500 1442 1876 2083 1655 1023 2343 2054 628 283 1882 1133 1042 21 1618 907 2497 1017 1652 2570 2475 1777 2116 836 1428 2099 315 2356 2256 2397 1517 
744 1659 959 1225 2421 1718 1031 2036 574 287 773 1868 2303 839 451 1692 141 1066 2603 2437 159 2566 2398 92 1269 2451 1178 1484 2426 1890 1846 2295 276 936 1080 1856 1676 2214 2217 376 710 302 1064 2009 1311 1955 2211 
34 930 1099 0 1696 1226 2584 2305 231 1272 1726 2124 1518 1715 147 308 2324 2490 1798 255 583 2101 2004 2414 881 371 1750 831 712 1351 1502 324 970 631 1906 1381 2213 677 1732 1380 10 373 1845 2393 2583 1719 1264 
2660 2719 1195 175 1714 2474 1277 1171 2285 414 737 777 2030 526 1306 263 811 1301 1616 1185 14 2119 2245 1027 1752 1368 1117 1932 454 612 929 1627 685 1044 269 2655 1168 1303 2012 1321 2693 2396 161 348 729 784 928 
98 1889 1494 1134 754 1166 2482 250 1850 1770 2430 1532 1324 505 919 2619 704 1667 2553 1235 2043 644 1913 405 866 705 2434 1539 1220 1917 2042 33 641 443 1722 1495 2653 2080 2052 121 1523 2163 629 2382 1421 1954 2120 
1802 1316 2011 2649 200 1681 1472 1062 355 2178 438 1575 2565 273 2150 2094 883 544 1699 945 922 918 2319 2100 1026 1016 111 381 1233 2483 763 1050 2413 2459 1465 2050 1737 1342 2113 2017 911 1860 1749 285 1886 650 968 
2205 1482 468 1603 1579 2068 1748 487 2221 2368 1578 1628 1968 2230 761 114 2695 2106 194 218 1240 391 957 2131 2063 2085 2027 523 2522 1755 2079 735 1672 1420 860 306 974 1969 1371 2266 41 897 1106 1680 117 1434 1346 
738 2090 72 2637 1623 2379 2329 336 1740 1184 2679 2359 2353 6 253 2595 606 2320 2436 1124 982 210 188 1903 2073 2692 703 904 133 1273 2032 889 1281 1028 1852 1731 556 803 446 1440 96 1190 1635 1644 2335 1104 1216 
242 1250 429 1985 1105 1231 1330 1793 2712 314 1458 116 832 2635 1043 2560 196 426 980 2252 1558 297 1773 2445 1070 1632 2321 1760 869 525 1258 1374 543 1720 1824 1782 2238 2304 2469 1196 916 8 1822 1469 2013 2362 2181 
909 397 132 760 1148 1160 2289 2722 2104 401 1335 1060 2418 1358 914 1885 1158 1624 604 1118 382 653 95 2487 934 898 1946 2197 2423 786 1535 2499 49 1738 1365 1331 1246 428 578 2325 872 1230 1022 353 2077 849 662 
562 1413 932 976 801 1310 492 624 1741 2442 1138 2023 2140 1217 137 1734 611 507 2130 686 1842 213 2046 2622 938 843 232 2075 2286 1944 899 1795 343 2684 463 321 2268 2406 1956 2420 266 821 1998 964 3 2044 1566 
184 1819 1994 126 726 224 2402 813 1926 1762 2541 2020 197 319 1129 186 1198 1153 329 1209 845 1373 2081 2117 22 1788 847 2617 2507 2598 1689 559 1087 723 1304 1393 716 796 2608 2002 2663 2409 171 2558 62 1771 1622 
501 1417 2498 1516 731 1540 1175 1678 605 1901 380 1513 674 864 956 700 1323 1483 2257 2307 1315 1491 1078 1859 2314 2207 508 1708 2577 1709 1713 2468 2235 286 553 977 2643 1407 503 2339 656 1115 1218 2606 1705 664 120 
1861 1370 2652 413 762 350 785 822 1663 410 23 1009 1090 2609 229 2563 1940 61 2299 2401 2523 2344 510 45 1684 1162 2219 1707 332 833 789 2296 1898 2703 2158 983 548 693 1735 2659 2521 1182 2015 2195 1477 2725 1024 
1661 820 360 1642 791 1786 2349 2435 1747 1167 1990 1367 1388 1961 1703 2452 1372 2141 2476 1527 2292 722 1512 1767 1873 1443 1473 2061 1232 2118 1979 1591 546 1634 640 423 452 865 2162 1332 960 288 757 672 1429 1831 515 
2026 969 2192 1271 1787 407 108 728 1384 2074 2087 981 1262 683 549 1018 1815 1504 128 610 2273 2495 1992 2021 537 459 651 2537 819 545 2458 1164 679 1490 1274 1242 1241 1964 217 2709 1895 557 1691 145 1412 713 1265 
105 1506 1205 1528 893 649 249 480 2047 2441 56 293 91 1427 1989 1239 83 2691 587 1466 1280 1338 1130 1698 1493 792 2243 345 1439 1501 2506 71 2504 1809 638 379 613 493 460 2294 2616 2416 1905 1976 1878 122 1640 
2489 268 264 1201 131 1660 905 177 2275 2569 2222 917 251 1687 2102 2007 1223 469 2696 1399 112 758 2310 215 1290 2034 1682 1452 1297 1925 1658 2160 707 168 1702 2425 2332 1245 2280 2511 996 2355 1093 1317 101 181 1855 
326 2139 1462 1392 614 1359 328 317 2503 2274 701 778 2203 16 1866 1431 1144 270 1971 1631 2306 2615 2715 584 166 591 926 1559 404 238 1843 2242 1594 333 1599 1507 2519 1571 1589 1354 923 1140 149 2338 2328 127 962 
842 2612 1174 387 1871 252 1838 802 1625 2491 846 734 335 1284 1778 1568 1021 2698 1697 1191 1853 646 1451 1643 1034 1505 225 527 2037 2346 221 944 167 1300 1244 165 246 990 1780 76 800 1177 436 2153 2373 689 563 
2357 1397 1098 2614 37 384 2428 2706 1536 158 85 1700 2170 622 880 2254 2209 36 2367 2290 1938 2530 2502 1896 732 1803 1874 2121 256 1038 1597 2112 1675 18 1215 193 2 400 1794 320 2564 187 699 2412 390 1069 309 
1096 997 1089 1063 354 2647 1544 1032 2229 1041 185 1051 2313 1471 2664 2477 305 1161 2607 1995 2246 1151 347 2056 1704 1858 555 1983 1821 2574 1556 575 2662 2711 139 1054 2040 304 1967 1647 2620 119 1551 2186 1270 2544 169 
2311 280 1305 1487 1511 2267 2559 2372 1470 2411 539 871 1572 805 988 1481 2384 2018 282 1674 627 1457 1950 2269 1984 1256 1804 2708 1048 2071 1742 483 1541 972 2448 227 90 1587 2370 2072 430 1813 750 1636 1260 1545 1533 
216 573 301 2039 536 219 2318 2650 265 248 2427 1083 2453 318 1337 2538 1082 609 1102 440 2309 2189 425 1914 967 2432 1839 2000 2505 1888 28 1252 1409 1003 1825 1496 829 2389 1791 2281 2479 1005 1521 1075 1077 668 1648 
2188 496 521 873 2444 1947 1790 2552 2247 2143 300 1396 1607 1287 1799 1711 2187 2258 771 2623 1012 212 53 63 2123 667 2546 1863 1728 2196 312 2602 1085 532 331 1982 706 1249 375 2065 464 1531 2151 206 2669 2701 603 
13 38
37 15
33 26
30 57
31 43
27 35
13 35
29 6
43 36
14 12
10 28
17 24
33 38
37 45
11 56
17 42
11 25
43 53
27 15
18 23
45 54
39 31
18 40
12 19
9 50
12 15
42 9
10 43
0 42
5 17
26 18
21 34
31 40
12 52
24 43
42 26
34 11
11 56
24 27
8 18
12 36
32 39
19 35
9 29
4 2
17 44
6 51
44 19
24 19
2 26
20 33
30 26
36 49
16 5
35 49
26 41
19 21
20 55
39 35
42 46
0 48
24 42
0 28
39 22
26 14
41 39
28 34
12 22
36 21
39 5
20 46
43 0
2 19
15 48
45 46
46 36
29 31
18 38
40 10
17 50
12 7
34 18
33 16
11 50
41 37
35 25
12 11
12 28
37 37
18 4
38 12
44 9
21 33
2 53
45 24
38 5
44 16
0 18
28 51
35 30
37 25
36 51
3 31
29 26
24 53
6 49
23 33
21 9
37 32
36 21
23 9
6 52
30 9
14 18
38 35
24 53
24 3
11 42
26 36
16 17
43 50
43 19
31 46
15 38
20 10
30 11
22 16
3 57
0 20
2 32
17 43
11 4
1 32
40 45
16 50
3 5
41 0
45 8
5 4
21 39
15 12
36 21
27 0
26 42
21 23
9 39
14 29
17 27
36 55
14 17
19 32
5 19
16 4
5 4
27 6
24 6
46 19
30 40
45 15
13 42
5 16
20 0
25 21
29 21
9 17
8 8
14 15
18 42
12 9
36 21
24 4
34 29
45 18
10 14
24 33
3 51
34 0
21 47
35 14
28 44
2 33
2 5
18 54
14 41
3 42
42 36
4 55
