4.2
107.2
88.6
114.3
25.2
9.5
1.4
2.1
8.6
7.9
-1.0
-1.0
-1.0
-1.0
-1.0
-1.0
-1.0
-1.0
-1.0
-1.0
-1.0
-1.0
-1.0
-1.0
-1.0
-1.0
-1.0
-1.0
-1.0
-1.0
-1.0
-1.0
-1.0
-1.0
-1.0
-1.0
-1.0
-1.0
-1.0
-1.0
3.5
0.1
24.0
0.1
10.2
3.6
5.3
0.1
5.8
4.3
0.1
3.9
12.5
0.1
4.7
3.0
28.5
5.3
19.8
4.6
16.9
11.6
5.6
3.0
0.1
2.9
3.4
3.7
12.4
4.4
15.5
41.1
4.9
46.7
21.0
5.4
12.8
3.6
0.1
1.2
4.3
0.1
3.9
4.6
11.7
0.1
0.1
0.1
9.6
0.1
4.4
9.9
18.4
9.8
1.5
0.1
4.7
0.1
0.1
0.1
0.1
0.1
0.9
3.3
0.1
5.6
0.1
0.1
3.7
0.8
0.1
0.1
0.1
0.1
0.1
5.4
-1.0
-1.0
-1.0
-1.0
-1.0
6.5
-1.0
-1.0
4.2
-1.0
-1.0
-1.0
3.6
-1.0
-1.0
-1.0
5.1
-1.0
-1.0
-1.0
-1.0
-1.0
-1.0
-1.0
-1.0
-1.0
-1.0
-1.0
-1.0
-1.0
3.5
32.7
27.7
22.6
21.3
21.0
20.5
19.5
19.0
14.0
9.0
3.1
6.5
6.6
5.3
4.2
5.0
6.6
4.6
4.1
4.8
10.2
5.5
3.5
6.4
12.4
28.3
3.7
15.1
64.2
54.2
17.1
16.3
4.1
4.0
3.8
5.0
4.8
5.4
2.9
3.6
6.0
3.2
12.9
5.8
6.0
70.7
116.8
99.2
3.4
125.3
9.2
3.7
14.3
1.2
14.4
9.9
56.5
5.2
5.2
16.3
15.6
6.6
14.0
6.4
2.9
1.9
9.4
21.5
2.7
10.6
9.9
3.6
2.0
5.9
9.8
2.8
1.8
2.2
4.5
10.1
3.1
5.3
2.1
3.4
2.8
29.9
2.9
5.3
2.8
6.1
2.9
3.8
4.5
2.6
2.7
2.5
2.8
3.7
6.5
10.4
9.0
2.5
2.7
1.7
3.0
3.6
3.0
3.2
2.4
4.3
2.5
2.9
2.1
3.0
2.4
2.5
2.8
6.6
2.7
2.7
1.9
3.0
6.4
2.0
4.6
3.0
5.7
2.9
10.9
7.6
6.1
5.0
3.4
3.3
3.2
3.2
2.8
2.7
2.7
2.6
2.6
2.6
2.6
2.5
2.4
2.3
2.1
2.1
2.0
1.7
1.5
