436
507887644 507887856 131958890
487611875 616550132 813736812
508527200 508527284 254918401
842262307 842262686 673869271
499854661 656764056 255376748
374796140 374796250 42389105
552270613 775652490 737348508
676869297 855816803 986445968
23415213 23415360 116749845
28414407 345062296 196417982
510315076 561857979 481272883
722888187 722888599 147445642
647300697 848669131 326215935
872692182 872692304 987693779
45121681 45122170 343570955
574930713 742252587 806258126
90643090 692542004 219037175
396314245 396314512 947557842
300928588 429538899 230740930
250374364 250374725 662293098
885947611 937106967 854922796
438905362 668736785 994845372
581451045 820173840 379242192
878822024 878822283 710250623
191555508 191555737 994155834
936770041 967968380 262302908
246678983 246679328 590250507
608122071 632187511 832893136
94681723 94681732 22956653
79355026 79355306 256736819
623856556 970712421 44535379
383945190 491101930 932640530
967484055 983580013 925730463
355341726 355341879 371686647
338066353 439222198 794933096
282386492 877655778 944949156
873502727 882630324 454434773
243042311 426590514 614659753
33175425 33175514 704039570
232017023 232017089 348417893
661756624 822639807 486192117
464124772 666718321 778582128
788529326 795266433 286796047
689558696 889891960 74083046
842330708 855580119 646443670
191080858 191081352 69584158
975470461 996719642 301298725
164722859 164723252 621869406
87683854 87683971 453180516
526231842 526232211 128202536
475522044 562918455 37236095
511374515 876015356 238825690
989136742 989137055 773247428
875238046 875238508 82437485
900931784 949364066 388131077
147575885 956554922 836472396
507611272 507611695 213205650
725357696 725357997 536793285
18631052 18631300 585171036
921600180 921600472 254619852
202913073 202913302 90976355
242810719 244035844 539556754
446999784 447000136 325316228
607197768 663924890 286650688
829440164 829440645 349046613
95497208 181492356 31133913
149878498 679722263 601128883
438321159 640882750 280270364
458106778 458106797 22255984
775458477 775458750 496135548
125921397 125921832 169078397
613598095 613598461 454191044
317412415 944387784 156157126
45110718 45111084 986163916
310607798 310608265 821411508
793044099 793044106 279995067
118178902 118179250 102558948
302282141 629932860 935707217
507873145 507873203 303866215
897732851 901442186 883335384
908251300 981163833 29226459
156875993 492463128 923340917
832810392 947892931 409022920
718965908 718966131 63322662
119600676 119601046 541806518
414031981 773849110 16700980
708061915 765183127 539484450
105520238 558955584 346215699
627186511 919942624 846271921
565990457 880676992 145892107
697128361 740910367 532877232
40585799 340194699 487614476
441315936 469319712 942192352
696798139 810224058 592679281
100905951 555285960 742261680
250065943 250066001 198347090
736186563 736187007 736404938
310879113 805821071 112242721
385088440 887998223 506849536
513558099 513558410 278783968
389254927 389255174 85005145
817775194 817775602 390127974
989110716 989110743 920413491
798932516 798933012 329535992
45354335 45354804 259141572
212741236 212741698 849893990
297020111 297020508 56996020
411365002 848904936 366089038
774696577 774697074 185803739
823924349 920723053 740076388
126430267 126430525 556060343
938642445 938642558 262888522
608385147 850528171 653775517
180539983 180540391 60319986
959547345 959547548 247486266
92418083 92418381 351355005
702163035 988157331 977906069
93510607 93510724 25361905
298457423 541845787 33962516
146795473 146795968 337188358
503136181 503136602 254641520
695418209 722644328 644382800
530906567 530906959 673549371
200151279 200151507 74977114
872749992 904111285 651193414
457425160 928091673 15271564
811376935 935262980 708556155
472812996 747961540 642538622
693103611 693104079 190331296
724764714 724764942 131508178
140893029 296830604 193968803
283158019 283158423 960886398
660770632 660770919 355038781
777176159 785308328 289259728
75783203 957612722 699302520
107115870 952539914 405020812
59254948 709209647 91393568
250020268 933560953 95671617
672930173 905859424 872851637
85301929 85302375 123513744
351741825 351742101 324446582
270338817 805223790 430624947
746283305 813021851 579238847
863668903 863669368 843235354
643046332 710570823 424509606
419878423 419878622 408348453
860829266 860829518 269480743
795453229 795453353 892220968
932776313 932776626 621569092
408727447 408727932 943187145
324572062 324572153 830989584
290053878 328555851 226865330
489897595 489897637 38086327
324679193 324679556 316110530
363357699 363357751 197187217
986169968 986170311 117733703
694994927 792777420 984442405
188130886 188131091 377654953
709696212 801374970 872888290
872758940 909428726 53575505
750342670 750342927 366150694
176645658 809987282 404622865
146642361 146642578 213595486
734910887 734910910 321451946
828494728 828494998 311362181
718162733 757888721 224720152
837117445 929120246 187816221
893144212 940651004 108511957
429324372 628128620 378880674
799813191 799813423 172401752
409506787 409507126 538151088
611954599 839124303 977227103
32002969 532708632 33825800
128385286 128385419 543087849
891884463 891884572 285590166
89126238 680074382 83638332
5908801 5909077 196250558
585884412 585884529 765671313
437094644 437094881 64484625
347757078 357657099 39350134
158192118 158192361 392277773
873204173 873204304 873715812
783758304 952471927 684899704
148177069 910219138 484963908
263935959 263936221 604771362
169544553 169544945 636168254
710986957 710987403 174892729
327489285 327489356 525822609
968359006 980454099 547497208
926118756 979275621 376115910
200567531 330624346 148861134
320198168 372191470 846226193
500374440 609796219 941950335
710763901 710764304 708129772
673258266 673258637 309998789
954339878 995360693 171450415
379195608 379196076 748547840
569972111 890363388 290787506
664306186 956748385 955340246
402888563 402889017 240583080
786192605 786192646 369612007
96966317 667239316 67123563
555976915 759867453 240286982
858461841 872383626 940942202
118902283 118902478 809572811
340246810 882277323 389978302
440663082 440663525 847431630
772428688 772428820 51911541
895652072 953128982 545186727
688801363 688801396 180718232
811850712 811851187 712009967
571482657 571483048 736631158
984197269 984197399 769640553
885827876 885828329 359207281
575334361 612339428 232142863
244007637 402665166 525702644
128757098 128757187 207850599
11580757 659192936 730734415
620256295 620256463 437204762
560530423 769656782 164079839
133556465 389781244 144399926
232339229 302874011 994285522
394060902 756352091 821822527
395320547 583973126 263696973
763518508 847951164 282318282
750535065 750535209 208857639
147739688 147739806 81741413
111175240 111175685 435518831
774523439 774523716 751781165
150727335 643669592 86348495
307907910 307908357 835098837
426198204 668936957 774561697
49900887 49901313 865555161
87110003 87110296 935152675
717315933 744393662 516754383
333978042 333978273 322984185
94775562 172507612 942543667
847416833 847417304 281649221
180701480 180701596 459472494
651185176 899834017 248367754
667359338 702890596 481649884
648768328 864765305 115569743
119221631 571468286 450015477
23560862 23561221 795173235
693667599 693667868 530430164
761755609 798916041 148716291
364569617 935618863 60010684
701586125 701586550 599932538
676734774 676735249 205357965
555744759 555744979 771464942
975706525 994529367 545800848
361109306 361109311 262559033
522451485 974362208 450102074
598917907 598918185 771581011
726036058 854470556 431514604
644637030 644637472 121705556
921201130 939046576 356864556
852548457 852548688 447608584
10702390 202405461 422214901
393417058 930822536 839586772
767946788 793088333 749533921
655166578 711143760 561849319
927479004 927479490 868260055
39657835 39658062 970567305
12296748 130694764 947307636
293852578 293853042 417679525
102038348 102038772 456647419
697526718 988019365 853209043
261146454 261146851 793283209
404663341 427029571 754200384
679762455 679762703 299102465
10429820 10429894 794298255
107794278 599134180 854954915
75942265 75942700 231758104
183752601 794124938 809710298
218212222 305867407 625285266
719782349 813877209 255015913
971108060 988554886 266036455
737860758 754146427 605172742
550798240 722628340 522244322
778634140 778634338 154857373
936444812 992612840 117558878
112277314 554375909 1448302
80246810 80247210 734293522
592162636 890846569 38842821
106265412 106265842 60826881
351654498 351654759 292215398
724932378 913703395 503169208
121108142 121108267 212067164
406815798 406815892 492911736
734967187 757928354 889463127
669153660 819895102 495269227
977918569 981730595 717597276
918374390 975700299 205292133
133144054 133144230 906387390
917993725 965647353 314270637
826459942 826459974 743536076
540828462 929272496 79078150
25842889 65888824 343561393
862115979 893526288 507792695
141298956 576732886 903675922
730649642 869192437 270562668
21352873 540095160 810439648
16424496 16424807 560571043
501991984 501992352 397568656
711705737 711706110 233688094
162491806 162491985 972449853
910177599 981074275 397804811
842450136 842450579 548181682
277059924 861271650 482782900
301379587 301379797 689630220
287428394 425180392 55475051
637047628 637048005 492229758
46631272 476284928 901415110
567240525 610238159 350415044
488277153 488277471 410043099
17129356 17129742 639813583
170977608 170977714 936382247
575409892 675969547 597592731
23764630 23765095 796157541
773713644 842631596 106883773
536094954 799840339 183187110
388318692 594305404 347208637
110281519 110281764 671174486
430982951 447732817 205348775
116970861 653827596 888754578
177044811 177045167 459671367
738640077 738640327 749972416
182483911 182484237 949582143
110288728 844417921 257043618
656569677 811272315 682915338
97835544 97835663 40669378
389025552 450992751 761613628
422914842 422914999 790861291
192663023 847714318 899387916
193880982 193881449 208425194
248271243 969578244 979501270
695083009 695083365 21441443
514641385 953502491 211283151
705210699 937409973 61977672
199202360 419078842 964068683
591615092 591615269 376130653
704325478 704325543 249034319
902892851 902892870 55780329
264541653 264541767 747915786
829241712 829242208 453093561
764414680 764415116 693118446
711291506 871205601 222841391
253116536 930553862 871396214
899111971 899112198 127251170
331256763 834191513 487224108
746194105 746194243 140517265
789395551 789395960 962873135
53393702 53394180 163420642
239431230 239431701 769283347
773705965 773706102 213442356
302661578 302662035 157496108
786688457 826964466 775982931
10677015 66901488 234086875
245840522 245840825 96978044
960921761 991409893 25440550
465369806 716944398 945238923
46344410 165533484 344411711
925879743 925880155 275534054
280238804 280239146 426989660
281891209 281891490 426353121
763820822 975883813 168283437
527472652 527473039 787191750
49794217 955810999 178400771
285346344 818903106 986211604
489033721 489033736 871284955
167745540 167745577 277089142
916094471 916094598 376754803
82393827 82394292 561596071
584971653 657630186 43679418
429071903 429072132 264801879
608798562 608798698 192090874
881456882 953853753 48197269
712565908 712566156 980544824
459599457 459599572 89221063
7555555 79840785 614992135
683663106 703866923 48759256
449945943 449946058 425231077
899623862 899624008 99127322
238900934 659683942 793634469
896659336 995872317 339574576
226750271 226750743 900993177
304133751 304133803 873642779
732611445 889234215 415868456
538484749 782621138 625686720
750206059 858909130 467821987
80187421 821796471 119508463
275470700 275470860 942531446
895220462 895220928 82325092
627353790 627353882 400074246
743747681 743747901 77351344
18260478 18260788 845887101
922061044 941373368 424603009
984527177 995265201 42414504
875511878 875512181 857799580
412816787 651590429 864511897
26896866 42138961 136721292
698216826 946665215 859065005
5294482 783735446 944198106
105136979 402744637 711477633
2989392 2989557 326086467
257018827 642718519 719189313
846648451 846648480 586283403
303393476 303393707 187454884
250433241 250433461 921544187
99974848 99975007 610133019
302092719 302092853 981990857
886298262 946148636 284216574
451543076 451543421 837215391
256331853 256332031 938556691
422361848 839110803 77409654
433908270 524269066 854168341
833895369 833895634 581649698
716791697 716791752 200471537
823712706 823712881 732142138
446523293 446523415 16763014
912419850 984452251 18038526
39811890 281530946 652052488
303612497 303612888 407449811
559831404 813434074 825314833
601327513 601327715 603616167
219770311 813927769 63767893
269755651 269755749 200342059
952506891 960126347 156921034
196049191 196049321 669543897
874404300 948147643 720989746
158913994 158914292 723094886
643934296 779019590 730952186
827687281 926966152 229356051
581564175 581564303 677620907
595516130 595516208 746537295
