26
284430014 284430270 385734174
699818639 797364279 102382537
424307889 424308039 618712382
172462251 172462390 210416160
428863115 428863533 182109537
257366253 257366393 182771871
140644882 591438811 671347677
404288328 404288617 968078526
900902750 900902863 971351321
801628801 934086320 862951628
22164405 22164721 674760750
831733015 831733352 8254687
583222238 605766343 637222490
919053817 919054160 553847877
385202968 727267919 182840880
721720708 721721198 751526697
123107233 123107468 225166464
561990759 561990803 348568851
661289525 921995314 428800131
275908065 275908395 810491264
79509694 261019940 557413485
990757375 990757568 858659727
411338972 490017288 854938152
906815650 906815682 342607101
525983095 814212834 167649937
181298506 640876526 985080877
