20
722267783 773012656 771335731
509804762 509804996 664964273
131058619 446478199 685622240
329847759 329848186 567590148
357325880 487986937 251784497
2892276 2892605 673567371
547314456 713514668 616338268
372171747 831049751 221392381
67681365 67681693 499480665
708010724 848337229 109665926
569213393 964421491 646927231
231295952 231296173 810466222
395803090 737536826 246988671
98464606 758299923 346480594
344541512 344541852 933745539
401264286 401264721 260927820
305297093 572749135 206347082
377691096 377691164 402605450
680478529 680478965 521837127
335204861 335205216 371932528
