19
49050933 49050954 133523540
456440365 827780728 925491546
222419239 823897057 956753653
401230171 513154756 156663405
488701769 488702022 176863446
741495099 741495250 121366417
553388880 867130796 494143832
745459702 745460059 223572974
671330870 899965169 108413251
817998294 817998351 708662820
756026008 924930473 633422536
609943231 910320125 81746272
89698195 181098611 748299505
572625208 572625291 300328455
15684282 15684736 839219837
175612423 496391477 695309006
297407907 942218120 121661415
299307038 299307212 72108365
957074251 961948901 727417764
