20
870868456 870868585 495258903
619672254 732155087 582300396
325510005 496714610 903242009
902861304 994557684 429603896
124989228 124989409 563202137
7425375 593543454 255684167
597009586 888106201 815140073
685341793 852705136 226271551
666172673 970263221 771317012
919556495 966861496 25251601
588828909 843659780 605610808
9630525 9631024 142908499
217887475 217887793 993119936
70831300 70831673 150134274
192710497 377927202 984217297
164317000 641352132 304729347
654790191 988396564 125026887
31745845 557028997 186599308
514461721 893145219 32031291
443263447 443263506 536709753
