36
921106580 921106996 160610272
574377494 574377770 108763307
957615526 957615869 787921610
648755220 648755590 164363467
476105558 882401942 85268851
919682873 919683309 743110985
366944330 801843548 360213931
268436806 268436862 660449361
502786531 502786867 371820768
335876372 335876843 84300262
126747915 126748209 98514462
764586062 764586526 243071313
120838632 120838640 318823897
4526784 110876084 527159098
6186216 6186532 92769385
455390165 455390610 294580218
734970215 734970534 313369525
632249675 632250014 837598202
833618848 833619177 594682577
981259370 988375647 785479530
563123292 622380028 614533455
419331135 629539089 339732727
238550100 446386969 282591189
276446077 640583907 168546751
684645686 864174287 162062385
121965167 960002693 843160826
962655561 962655647 247591165
918565578 957727656 288042376
767288548 954964040 12303935
322921031 737348126 926863761
63121472 63121848 892335485
300909971 682979712 616126730
496648489 496648638 765147971
23919321 23919329 499347401
494088247 578453310 26612649
748234010 772153632 757066701
