17
349403592 729460646 386388889
623560107 623560223 720478369
131746930 572979445 744968759
336467112 336467414 901878731
269808703 369095466 469600595
675659633 675659695 307893066
181957158 570797664 300190100
109470444 109470758 661778933
755524307 755524539 968691787
773161101 822066650 756081702
424690102 957070387 795136922
431360073 556758643 920386171
648618625 818033523 57533674
21554532 854703367 205764880
248253799 385500028 404169302
158355948 817910763 448683497
139405889 582583974 552720034
