19
821263905 821264079 916641424
69119827 69120322 162397682
616416600 616416628 533378842
484666753 629461409 949042078
289369019 605630931 420987329
410491655 723440630 399767356
959311797 963363976 942024913
55683182 55683298 475785764
3862891 15199529 294715023
869801455 990124561 341998204
591603648 591604080 371458400
925870193 941715837 20285547
714127482 988060457 306713736
92028121 154548707 451650887
995568691 995691781 937956219
276550843 304415658 319725299
62197282 62197605 18955802
844170798 844170963 680215936
376112988 376113285 3468060
