17
129199233 129199352 603929103
451846998 921922964 165696091
781401856 781401858 199794286
746720675 940141158 646180090
353181753 503581833 7878056
525419368 648376365 922447286
237318768 261968917 706100947
32433923 32434056 306394848
412412859 713880014 847340372
754709114 754709506 498360479
367185120 949436283 96745713
626249376 685585255 655406742
395369330 504381633 591957415
739438160 944212943 882197219
533412264 533412745 289665799
144522386 435204134 435290777
756721206 950722604 877728623
