52
913546361 913546714 740053698
115184044 961565804 377839824
970380272 984461241 29962404
665520978 851811940 791663954
353231342 353231464 819539616
291713866 291714364 54291511
903374586 949067716 189142380
677078969 677078973 649830043
271444964 271445221 393553697
836328173 836328599 906338985
13463007 78927066 118303822
29309261 709977468 434267090
464033082 936622648 610261833
620115439 885854282 129812511
236070123 843919624 158023399
856233185 856233441 24692369
237224016 427175475 36845414
175558380 175558729 798719974
731021717 731021853 201336578
623580314 623580629 589667866
658388729 905303154 600063077
547480457 602361944 541695974
149889544 149889578 8069498
913752357 996864256 889991608
196574046 196574111 353070935
509608616 509608753 488437773
236932858 289363602 675284084
46382221 426720577 52033235
555212617 555213102 713288147
368621667 368621964 953860004
191106659 191106704 977610220
227459646 227459864 393094838
184038221 202287655 679166366
561729051 995143970 427412762
995414659 995415109 205197856
462492580 940574318 271750861
791795240 915913928 355113310
938262563 977086467 283209253
646167077 757204143 214720252
244735089 817713205 413870003
964709025 969771354 396023628
255510333 255510613 582632708
80856943 618514508 665023305
497318142 531996218 377725499
359009766 359009782 158701677
108851862 524178512 653189121
40638260 186392919 612596520
479619091 573484011 597203118
136727878 136728361 180981572
600905589 600905931 510587847
477537342 477537696 76996062
29568879 29569249 669322577
