63
306315235 417126543 618652958
462986092 589535743 804261151
193448088 340815647 49494126
168546049 758080224 206833936
390901346 663196597 773112249
781501700 887472117 188926496
978326242 994653871 88818586
372069372 372069487 180122014
968969306 968969348 108001716
928158460 928158854 718035498
649349649 649349789 707850978
259888029 259888291 318353911
432951714 432952097 346384958
73753826 73754115 273528342
976776820 976776978 746367909
967684221 985403487 800425571
7686105 7686222 103632671
175549211 520305784 757686292
598562038 668011133 368056717
765732039 793574333 172689518
103015185 751018273 961462981
106278291 330985737 141234755
368426946 368427346 504668310
250633088 250633227 931679178
918787536 949896030 814791683
9116998 660229176 888375137
326967026 455195354 71604532
267080857 267081305 42993343
108871480 755162750 819359257
697036884 940364779 105950720
680346656 957444555 965632744
564392562 564392590 75594257
274738410 930037181 387557859
302799823 302800157 850436316
325653393 325653848 993159967
686689086 686689296 222739037
584948011 584948387 824660171
246354534 283580336 843184309
835965578 931977501 37904676
928920738 928920932 925301252
856056037 875209340 610970464
686187413 967591290 666052436
196653520 196653812 785060314
308904863 588596718 417309406
421444120 421444455 468907984
773108310 798562115 584111144
122697379 676246898 303803467
981449648 981449655 116322866
651474747 866421544 884862429
557237476 867457885 491531001
753534922 864917642 780442302
502696623 502697072 548406855
192444188 501488549 941598261
885019280 906407950 108561851
40521260 52414335 157789992
224604491 661510950 243264340
32025606 986016971 619106090
43229037 43229421 688552402
796386041 925949375 471273626
222806222 222806565 624955064
407380385 636936800 175425529
226260012 577099876 162389729
112465073 112465137 73430449
