42
914449288 916579367 994942177
11699358 11699814 677185321
830720246 830720338 420864948
714386207 958668399 836348826
269003279 269003313 488525639
229219612 229219659 837977119
262041648 453450712 569599893
51715121 51715539 204395851
246056150 619810161 583976383
664654480 695063479 712956402
102237975 102238471 919550476
901602355 901602724 927480164
387557303 387557433 853593421
904454299 904454759 113429809
606891062 952785060 370263887
898633911 898633947 45149603
638852336 638852491 484465288
977025807 977025970 417670820
206649336 206649407 804565332
582127453 911674881 297293171
830976824 830976914 393080633
103683780 955981646 877883458
343810246 343810653 116932934
184953097 870728390 597358879
141187892 141188284 847046690
167367823 554128961 418076587
311999449 311999487 878849596
598012082 634693955 479693953
894270635 894270756 327109515
871514496 871514989 249857615
959219144 986828218 122198062
143461113 444158516 956077667
644872424 644872567 943579883
768632051 913882291 385248798
267020906 267021059 501242524
40697409 515301955 542300220
27437206 27437466 815277129
579320715 579321167 730420219
442184137 611979980 588022630
312007139 452016744 688688946
23198736 23198972 731948840
821635861 821635880 297538715
