94
544324783 811086942 385790648
956117154 956117210 343029780
97875054 97875464 993162592
375687452 911183138 813841819
507858325 799737643 248812708
229019695 229020109 217479107
705083792 879061294 700584230
835372455 852099245 389556135
901829242 920726241 207933276
198017749 892625100 398526688
206134403 414008160 647657164
216255265 216255711 713578279
42181585 824869900 763664647
431675105 468437080 463084960
169015833 474493850 543600375
215650768 529117842 96841600
497101787 562182979 663744647
626421568 661831785 405678248
586868782 592967986 684212571
16809556 728712576 299944384
490239924 843293440 289802702
185129045 185129280 572091859
584962489 584962643 414236086
208659306 208659497 276660735
746909390 746909443 301113427
984222659 987049825 804252853
283414380 283414822 711630118
549022495 622960076 44404494
736960812 975017596 538362051
739809870 922972913 356860571
107222602 107222695 518888953
213263089 511540453 538543691
36426697 381350030 206773058
57274504 57274737 240353723
703427569 720730213 432985359
221697186 406760235 258523490
679433392 679433517 3122917
446730317 973746132 873492418
94787678 94787904 278047104
664043468 664043676 408286476
566736244 971586810 910008220
332075 250768290 590811694
116918634 749647177 110150490
675092012 736753032 412972808
802561561 802562009 663773812
612280966 723859281 349024137
915120897 940512762 150198635
801028675 820465361 475646369
327149257 866801186 504900599
590260504 674721114 142367076
65997179 227779482 709185689
359321663 359321932 613311292
77987234 811118234 599627851
19254155 205066465 360406185
761541562 761542023 479507727
74882332 412818902 169098186
502627043 846125764 722298837
437167476 484739627 303609187
73818993 73819469 273053836
758572448 758572766 301126948
140465745 140466028 856009105
368834746 368835067 2189960
956324981 972729573 103441867
365547734 365548167 371317452
204986546 204986814 487724128
376038209 469141250 167559337
804750397 804750834 601668373
792581718 917015728 509776998
205704042 205704227 356157699
106744383 106744665 601533714
396192876 893184792 424434523
683645138 683645301 62165595
329666848 329667091 285851159
828265963 828266123 488379860
431696213 431696620 676415382
20625733 213318441 295418933
184144627 184144629 325768864
94794397 175427867 216716257
223710251 223710747 524825816
507936562 954737932 159541822
118643988 266632688 508356557
674862578 674862823 257067909
476313159 601341506 965714481
655567863 965371106 201083145
132186966 581553609 758527389
273934252 273934610 150313662
339707993 339708340 889765796
301570083 431841795 534136442
76161314 76161410 337222186
244617577 244617989 934784820
547134229 875651947 316024694
953465749 953466058 457242689
146688041 802012613 472618959
305472633 425884467 260891286
