60
615499897 615500087 459917818
582934976 582935086 683888921
437742572 437742923 384422135
299281888 845342675 518486764
715540523 715540640 67812739
352421644 352422093 273630791
629587633 629588066 749007693
552434280 552434745 595004474
249393862 249394253 414072581
849060018 947177085 425639356
184710973 184711227 513384966
583269709 583269830 230036173
771624540 861022317 776778535
478477267 478477553 575661340
721404656 721405148 827342806
858986235 858986453 824408962
683207695 963064175 355696191
190348427 994167006 523733045
864576816 953626358 721878182
324054191 324054595 566050919
24268605 237781893 143141847
811311472 811311578 996484063
11458224 979171082 22216936
93084664 93085082 108570711
970754692 996131549 48497477
281198696 281198872 495298353
434772874 434773142 828524833
77394975 339191143 245489865
606640020 606640223 799969073
274287874 358492376 265504331
30864728 65870344 1592489
559305718 752672598 137692341
409964716 409965190 541206187
968958530 968958694 115629961
792173888 792174295 166570315
825810217 951966534 422491681
251181550 607915586 401862592
324429090 324429512 969417786
139221458 581021760 355907904
725636373 781178570 254639959
28466273 28466730 494288184
11104814 48552643 2130123
275579395 275579720 279691905
170383264 633300472 870639387
123516598 573134080 969222942
316533205 692916737 973245845
976293617 976293974 772658308
968748874 971558849 837911023
211596919 211597097 723005746
101394701 715458386 183218674
795483651 853633937 168014089
353178988 808171711 748330663
620380264 620380285 289259637
329809806 329809813 43144624
587131313 872094382 508592514
20869126 792188689 758081018
937119537 937119786 235381367
153348150 887654380 275758815
158643689 962936015 75316971
126224496 126224592 410681452
