64
498411356 498411854 501627433
527438752 778973490 253396688
802053211 802053671 727828783
296886903 464961692 471065318
397506273 397506327 602763466
316131619 316131823 173468213
17154671 17155139 163415334
857913888 888405415 956974287
898798723 898798898 600443992
731646043 785085764 116946961
649922097 649922140 679244970
979130309 979130671 164834401
41509544 41509936 442275037
947410140 947410290 78787146
243704072 422992747 697996719
498007900 983982909 12338914
40683842 40683884 9140067
90610168 219711437 98688779
41503959 41504017 702046601
566243909 781879603 826699556
445865944 445866442 676779250
945892901 976834885 252361038
814320951 814321231 758925232
375700163 881627218 935198597
604602810 716582043 877891283
68099858 320320790 803032044
984436467 984436934 302456148
801633665 801633973 135609026
434744680 434745023 690472461
879307513 879307763 670537017
144431190 897856019 168740804
729999595 729999725 291551874
825869608 897180594 657158002
877004008 877004015 259152062
725032294 838586653 273054064
579886421 579886515 652142009
199273498 690970194 599178539
80363759 80363789 173499370
601184082 601184376 627045415
239857650 656870829 903982239
376996981 376997277 867555496
191879988 191880460 593566214
267712135 287024673 583108920
874162032 874162331 517377533
767781415 767781422 44645778
658009453 658009926 562788460
154347442 154347874 958485577
172430482 172430558 609161749
449025561 449025955 793396704
874842863 874843161 509430334
592521460 592521463 208535193
162043418 162043702 110794773
663636620 714242331 830510210
767387992 956312706 543325941
80583488 569322385 286162752
427664787 503813114 429489207
729807308 812175165 295012643
97029457 97029699 419660399
157763864 667189176 210021286
647002378 647002469 776321944
427106278 427106580 811479983
95115498 95115601 5779975
234853017 234853081 702889755
332713055 332713244 390526835
