39
318716574 595695995 247478723
891440559 979738675 936835471
403733351 403733556 643820682
420815479 420815751 85865797
151681366 151681778 923640872
14518233 14518694 2329842
264326897 264327227 211336334
101790013 924093012 554877474
861020542 947275966 380334912
296209057 416188311 163955179
262003543 749348732 777408585
848473757 856042143 9391538
345951395 487423720 376013002
210866378 210866417 712477040
170695846 170696086 683725953
354761337 354761745 755697345
112052713 112053122 905151984
58226817 988624207 932257030
633289317 987340412 180649403
286315534 286315852 969342760
262420475 262420589 286025053
696233401 928678014 250813025
728792673 728792818 610343857
585314732 585314748 215035345
44855518 463720111 966946598
801231438 801231851 230412785
805258381 805258720 140948295
920396899 920397288 706088071
158664863 158665149 951657739
176850803 176851016 972705066
765716786 765717271 510929393
706250311 979418754 537649656
172428329 713665165 176882196
633064159 809869693 925560053
763134362 763134528 407841563
973336948 973337297 262498839
76503275 534974766 268084336
728952941 829228830 853173739
46414029 435786344 925074402
