57
657610543 827659789 352588482
981341986 981342323 987733987
587239571 587239887 600494072
389441114 437804070 56055109
348280035 348280261 927260269
357389644 939618378 591396635
61013947 61014445 485429583
630537472 775706717 699116027
152682636 188486601 354729197
95218938 563429676 144149816
134572418 162028971 328282075
469976940 804689650 970487306
735923845 934610592 173695331
539056336 583037164 538748725
353757480 569122351 118916890
798118353 798118553 297845525
332526096 639397884 64048749
507517470 507517876 264876143
368842201 474492393 139659997
578043210 578043570 130721213
725457961 923771092 861235321
435816935 625683325 595630323
969861930 975107430 160604036
158538352 158538512 661299039
137450828 137451185 287739655
287308230 287308511 27071199
754768977 930552075 958570288
907470675 930894818 56076517
109449649 109449684 838209585
601841602 923988056 6505905
49342960 133695539 26565726
406599718 704764104 890043219
230508377 230508640 352293841
294907006 294907491 780330222
737841810 739093123 307524277
257775469 257775747 7657509
83102731 83103223 290355001
563772402 864409644 47563779
749061638 749062124 591107447
201272925 201273306 353849298
714320047 714320540 338705457
734405307 734405469 632308783
568354421 770098612 647808848
731626855 809105653 439608607
850870690 850870734 380806516
15585197 866194204 642277344
32201849 32202181 384684386
444652525 618411765 803201228
994466530 994466835 110272858
811660635 811660835 401427476
783730382 783730659 550425882
48351839 736668156 58318809
518146597 959936374 61965103
629081073 948275935 680816322
754438190 958399581 133639075
481826015 481826168 56074764
320138322 445622659 337536401
