52
977507697 977508043 844628963
454089086 824521652 954263486
706447882 923428271 649632740
441649969 441650407 773597692
485901462 485901666 143443511
782055586 782055615 570525087
635067978 983286216 247017770
241130285 776959655 160067427
78717356 332487054 229819360
929690505 979449311 216750310
692522646 907335892 188196633
981257412 981257447 24798590
234274655 234274915 352356029
620389941 620390014 321395348
263345285 467692802 156173031
474713682 799149894 820535179
938899211 938899213 315780383
980764888 980765170 932423384
327794793 877088286 736826701
185057216 450495218 918371031
263901966 263902257 385608717
656820881 656820956 523935719
486031512 486031565 162557637
890573389 913770488 364452578
404915594 404915909 320991708
424276202 424276220 183089305
855302990 855303086 52061945
662978843 889404276 996397223
903314486 903314737 844431454
310758595 310758733 374604238
851845198 851845654 455050243
416528615 416528989 424454740
517098347 974929773 608029232
95276225 171876069 351894749
233296054 233296349 565741570
696186697 762193564 545408302
19987456 430223568 651715658
334388392 334388414 138663013
509529501 509529592 685233578
367222129 589185427 143805745
732657610 732657714 962649572
859693821 859693965 24283168
512157768 512157913 224850337
256675501 441054948 133377946
687617153 687617598 254653229
915979682 953466034 375367461
698058016 698058083 69759834
645681102 645681588 257695142
600211665 600211908 162954392
960604814 960605193 172938389
522915579 522916005 735619860
222821112 222821300 42729102
