44
598247466 598247771 358563700
963484561 963484592 660780116
995798854 995798869 497063335
793122934 978277509 292795158
196526581 505619390 289944960
815484797 815485237 211964733
98328104 98328490 855144313
165482689 165482806 9195615
237321138 237321525 565515191
821094131 879670143 588953428
710012121 710012297 212146743
966453646 981560923 193969959
117968090 917987595 974778294
272329803 272330039 762598993
514082723 974110663 534512169
506370964 529321988 804351945
657327109 773184585 567121450
237815182 237815284 686656120
853373677 991726964 55644799
818623180 820401237 840267966
996890403 996890865 861869565
885797359 885797585 607166106
311549786 311549964 627519293
491177986 761276644 958323886
313103670 380830553 872194466
217875136 217875306 634401428
737060002 737060174 132736910
930275659 930276019 928681524
450994083 450994439 36856682
259593676 259594041 847869205
949190435 949190447 49269713
820532373 994002576 903747841
264553289 811176599 131092201
885230086 885230498 22607455
552726111 650439214 881270442
102069791 102069829 71299417
328690148 788423794 786457081
257119925 257119960 96705103
963780027 963780033 563063090
634039373 713553768 254304061
990411206 990411494 154552383
413840634 413840817 187379931
375330631 614888534 723004217
207059417 207059637 259999583
