44
66963399 66963603 161375802
916410095 916410180 883189464
780166366 780166535 333493187
592161563 592161941 813225510
657494199 657494580 479301198
828552920 828553387 662090030
403582759 403583191 236996183
291410071 291410336 677020878
700606437 954990313 947608315
472334187 475360991 360333442
528133366 528133408 786649190
575697924 575698066 711836559
30201735 30202012 908885570
73094983 641901226 418160216
736354144 862996018 300225288
408611847 901091554 315674403
936984836 955824152 173155550
278842810 627842611 972685572
237871346 243850602 780700269
549658955 549659394 785220713
736292429 877876828 279192596
176747563 784541902 249551466
829108822 829108914 575708122
11928199 11928265 680856342
627593741 751556980 423436712
587290076 808851868 379815442
101865776 516141738 940053620
228703582 228703800 201165478
453024722 453025222 526508464
650552542 689039182 213123690
46332573 139069765 521343934
829798671 990246631 309104483
446716377 909193477 652409456
338800769 892718073 928650435
511560339 743358093 79612575
916275692 916275844 787260182
797689805 981906050 869010477
261207265 261207394 46495497
510257277 510257488 20453307
709925371 709925661 359855896
626878264 775193535 794713623
253476996 253477061 135874956
565092222 565092624 11544072
930746412 930746695 915733831
