143
125334611 269362227 470205479
371152217 371152508 791361727
718198322 764626767 990165292
111427474 970979434 92473555
108829921 108830216 355953192
536224864 536225121 687574909
668573808 668573971 209834666
971634160 984161242 598897117
586124190 949517600 344413356
501063192 501063560 282035869
67775877 593509312 130961815
813939257 813939447 439698330
199047285 470764782 277985407
685547343 991149745 170568415
139289679 279380496 588033938
979509866 979510251 138622139
759267000 878631951 948113017
174670203 174670269 199048831
734881713 841255769 716366438
251998298 354359120 875182335
396410924 890394510 572569986
472791705 564518592 641506829
658572250 658572531 819980537
252162211 252162522 241354541
121753968 121754465 73015803
940875933 985222402 450685167
484526804 484526944 492941888
888199695 932850292 806848073
706788296 706788614 289755154
483699415 738595877 197813576
929118721 965959108 504292748
992689909 992690316 375422831
369632136 842030064 616462001
623025013 623025293 12160746
108201238 828700271 22499192
891464529 891464782 627958432
393553373 393553438 966605051
917751875 966599853 33540247
651127857 651128320 372214825
35875055 35875297 806403027
56115081 56115110 133364596
670382469 956091253 102647414
275831296 275831673 620930410
278204969 278205431 87650294
285478530 285478897 671396079
893432669 957132436 596500861
947604297 991904623 353139947
594693249 594693538 126185786
581171884 835786951 596151111
18755167 317916517 364212276
580657100 580657527 693312248
612833198 612833199 501458562
141059355 141059508 302107206
817630396 995256835 453865206
589631644 589632089 348314538
39621166 39621561 372122458
443674720 443674924 669945980
275670806 860046186 822958859
460551212 460551310 290033907
474928064 555068316 470892586
519416334 519416796 141211525
795837094 950190198 629531539
36240563 127967590 291989447
67271720 67271945 82695743
637127242 637127596 691156980
198686304 895948500 509536710
927931783 927932054 310245436
564383713 649545292 446201510
610846983 610847045 766260568
351576015 351576112 149017723
127432367 127432396 111784126
699720239 699720463 41951739
778965643 778965884 789527624
163692960 163693237 767163738
536188723 919071401 162413766
310323434 310323537 162984499
95613861 883982285 980018126
830243987 830244308 272554788
199539174 837530723 409703964
641770296 707354154 903295651
306580703 306580945 838162118
56671501 943705885 381524083
310305625 344723641 648267181
210785145 411420525 34729076
250418024 310349135 986639663
219659104 219659556 617642093
812348963 812349457 296374848
248419100 377570679 395292100
248052125 248052293 440111155
39837058 39837513 558043251
513080812 513081181 302328565
953183183 953183668 809476606
144665414 914706258 194954828
231982587 231983078 118683339
763087713 795285812 790612997
201047182 490230520 112394244
456267688 456267955 196415779
209972772 209973017 458569673
223917672 223917788 167531679
883884324 883884632 394097108
346508799 425158484 68618551
358931178 358931339 192941312
467305765 467306118 6148527
662274168 833466425 886849006
607534096 618277572 447944838
974491985 974492161 837262991
49172863 773594443 172602075
97935569 97935884 889761228
811486053 925290616 826206479
9770681 376271454 124755825
762684940 802023668 373374657
186248189 450268616 345181622
994256229 994552331 486288831
312050535 894082748 253848704
706363088 706363232 144323091
716132044 716132093 352991221
412281319 591084081 862127761
114945514 339237915 850960417
91928429 91928920 301689397
953758513 975391488 889944858
689345950 781320629 567041237
977342753 977342980 283552459
689202471 689202623 72071578
849529362 960009324 207223382
834538225 834538373 786506663
304982249 447148847 657431692
321859196 953881734 310301154
616662130 616662483 933476071
458902463 458902712 220137639
763283532 953240939 21258681
34988985 34989443 634735661
6730096 6730304 553180516
528917954 587654035 133190071
142060192 142060590 18055414
230197540 230197880 764454296
7609826 7610270 125476538
863160347 865389653 108544650
684007413 684007780 816537197
657554898 657554920 78333208
309106272 309106506 915868890
32184343 32184404 125689970
780397263 880029370 863959981
183978663 183978717 963773165
