93
705675299 705675487 697270460
822397481 822397837 213834227
995127648 995797478 161179397
912479882 969054045 756704607
705440452 744912060 189990611
224442093 224442507 241935865
966393309 966393380 803543621
606552460 606552499 14079871
916780031 916780040 96217792
277122633 277123040 757022970
657171634 657171761 727922032
185631453 185631913 189028178
674655143 674655378 803823586
766631087 766631388 20136243
464396970 464397266 802646329
728477907 728478397 967861946
281151018 905105859 966650882
951746483 957144478 218249942
850522027 865280151 487680921
47095467 47095946 772898747
332967167 332967295 318234635
752565663 752565914 493709296
113682362 113682601 783959980
875491834 875492087 253100823
285608887 285609024 279504922
814126383 894648211 304121933
797132754 929151989 29730426
844753835 844753845 805358706
87946266 87946410 948381562
478554304 523399558 307240908
376893312 649605989 176797501
546403476 736686214 472811053
630293404 808138321 302254630
142450612 142450703 389603169
916927346 925119827 292779517
916315481 916315654 818617659
39788870 243092263 134756097
499795351 499795555 594206200
368780863 368781181 777237545
218498989 218499411 543519812
197220646 532823271 248658600
519395252 519395645 354083395
70141427 70141800 676685673
746853247 837059161 873651709
543017009 761069392 525481366
994126805 996569931 705035897
214105629 214105663 468267068
676529302 716265680 923483606
430200043 430200509 623778779
524408263 524408629 854069754
505635318 505635566 149584648
519516505 519516656 125905913
957758100 957758255 514939319
589054198 589054361 104686150
970080619 990187928 917121740
199597194 747763843 61471966
601507946 601507950 248268624
733375321 739918796 612662964
121454555 528747013 178152513
47867278 47867567 721321370
241437267 420654971 240339501
787361895 787362334 318128159
8002358 8002379 287874334
351128301 616758475 529350986
425182933 425183256 511365936
246134963 301365470 563668408
812832275 812832465 393021622
153976644 805321871 946103553
363833710 756285882 162252178
141432625 141432856 934425103
1964087 583239602 226150837
664918840 664919174 601940630
112102017 860092370 77491857
111003280 531745877 968906729
632096355 949781194 476067151
169615802 828597672 695329909
607706337 731471954 158173532
369083885 567879286 549834899
564372771 974213589 956565436
29913453 29913455 206349135
370440368 370440438 43904852
266141020 266141099 398700248
750739856 750740044 359908256
444863146 792421950 805837223
543958626 630661967 599922407
182352748 919175164 508315368
491305369 715322476 223254497
932304194 932304536 355613627
644056903 644056968 990391252
927968835 953923653 79291279
231839055 911148094 903399969
900417785 954579389 938716887
892262618 977910188 522692987
