73
17541200 816374309 300470892
166932853 166933269 332296224
45556310 45556386 58319573
50625788 50625961 165888669
587435830 791600082 389416180
813189549 886461927 747159997
548447847 897642135 502222016
700427129 703486829 572931443
962926548 970569499 730371713
870734730 870734892 15322140
163438350 901753618 54705040
788815471 931329146 843005359
534642872 959856606 271868
523793320 775795039 129607023
988171282 993142867 246143904
88245434 856301947 663518643
191145030 191145054 483647071
878272952 878273064 429133965
838632826 838632939 220442072
28990596 28990976 341851328
416390666 416391153 649658777
358216737 968741543 365966731
637851835 667071617 536471609
26128611 26128993 39300330
651215794 728037761 575623549
823315348 823315578 386637449
659626591 659626859 423101071
399027336 399027800 220616271
332092332 332092664 672645000
281399271 963880060 739123746
100787897 876730327 557449278
247458690 944847678 973637230
143761386 143761411 904512166
544372280 740194634 179100531
252060623 252060877 611367334
434908301 775463813 900228232
78863961 78864264 254935251
849406810 948622562 88151454
106950162 106950510 433966169
54867547 630213244 660096132
668660162 668660480 604401883
693160062 902292434 287604139
642233328 848336942 202011407
116228055 116228311 434924406
615373992 807914917 597015587
422538267 949148975 825691291
663043477 663043949 386184192
447456911 743097527 527554298
153218510 228847191 506778755
76447977 76448470 287723905
747233332 755956756 442048019
147761866 147762302 858538892
189429883 251250834 603903902
422748191 700832291 866263024
727241461 727241702 797176372
238713274 238713506 435788320
644139726 644139773 85156898
809640491 809640719 496527315
858692065 932993876 680278131
674140703 764137924 925693413
936044809 936045142 608384862
95184783 95185204 863701747
153559838 153560144 557068202
551121017 551121437 193093921
525483048 731866325 763109212
120362220 120362476 179353823
354917277 354917768 523236624
463423734 570783550 660928993
13959807 13959926 664566918
249822600 249822886 966977262
168590757 168591173 615369999
225484978 225485129 209647040
202305860 202306341 708930488
