58
301550115 503145393 749511370
521385479 521385709 480814636
546082601 894471519 62767904
476744469 476744809 748607881
378291297 518388052 463903308
459842048 459842380 559393695
684745054 684745446 140174381
509363578 978562313 634090483
187235591 738259426 92916234
20796110 289290337 557311154
846014472 900314218 123087210
776140651 837714738 777545734
668449766 668449955 706031502
201446730 201447229 35705699
29169447 242686068 687898904
400669098 640241418 971349667
186391008 294477944 881093335
873231940 996068834 653588172
448362155 938424080 854396557
723757261 757535216 73652690
705916850 705917161 156578028
981269581 981269909 336618701
18428701 146552713 241427756
226764588 226764914 65108453
529378538 529378965 820774530
700277988 700278335 262658479
516697456 516697569 945562462
877880086 892727082 821699221
112813443 699079791 897446440
646195663 646195894 260064072
958108581 958108776 553756243
632710390 632710882 534349920
138977440 855818388 124737095
156553275 156553278 61787438
366597166 897003869 293851025
695705468 880135113 29608090
381084644 381084758 984856863
596959811 596959968 492082364
136174493 136174732 831700099
125936841 380931431 624489601
90807392 471254699 731461655
37497670 37498122 247199498
954163852 954164208 454645154
193908999 193909323 673546238
927507438 927507591 894030873
334745714 334745834 262701214
893100006 893100484 524399638
615962099 615962560 98873574
177584967 177585282 229659038
190349222 313553147 136723252
135735451 135735711 597040646
231026816 520254011 309960273
213556624 213556712 236143562
914049589 914049998 635902249
928474593 928475046 713930083
14565972 14566076 856645991
951841324 951841660 5222668
540094731 540095219 55231962
