159
840805324 840805602 86483801
43401557 179904468 92431907
494775061 494775150 276861806
63815290 620562950 832072755
473030204 924552233 372553048
41349451 41349937 491343358
744277030 980640854 427484158
122609956 641235690 80394815
280715247 803493983 911873168
116643003 506563753 429801649
585762374 966476827 708749083
771237135 779845020 198429092
146530580 146531006 737587273
950139985 950140231 521049157
107491436 502312827 973996609
791217897 791218011 668766645
402315993 402316412 356461140
301121067 822393623 611756377
618411902 754429903 302943046
254411320 812177320 677673614
183708649 183709045 519520179
204868121 679320390 106969471
957642848 957643087 172743543
380028116 380028224 327088789
956941810 980264459 405813025
975455376 975455777 996855615
247920270 247920444 448067704
564191642 564191823 13581087
907884425 907884494 116766705
30420388 695202400 849265136
840404120 840404439 950348722
640658049 640658442 4641204
653189330 653189632 610861759
951468338 953587322 717162668
209224737 285139595 264374098
819046242 819046345 514440514
762870484 765277720 175843466
332751007 332751498 497085095
321455356 968616856 266611210
598381612 598381858 366107989
330212105 330212511 169726938
123975836 123976252 453727542
525848674 525848998 812904985
402317827 402318000 835617343
898191261 964350294 12497670
781412430 863726511 106322344
246145727 971888954 303986564
257874553 257874914 35078272
38865435 38865910 798851389
864797846 864798192 608930743
562516427 562516462 141043443
608858693 608858856 355812862
668817485 817593033 828854266
973818912 995505577 708720021
888360532 888360855 800108170
239166043 239166117 604587057
165092316 165092767 20325649
886446029 886446231 539599968
724874490 932900062 711664882
993053371 993053475 824433496
46310970 916506827 287203238
609294045 739598534 472610352
159911494 803550634 629448601
141599556 141599637 23631229
31049126 31049450 27330857
425990032 913608985 936001010
809950501 809950573 176232306
114890503 114890783 571225443
801322842 801323007 46746140
446008084 753088620 708687661
430045584 822738918 597294840
981094799 981094890 318146669
707629053 707629120 543946734
709394788 937740111 709312237
216624941 216624987 483747142
683347205 782682138 291522831
559472007 559472479 41707184
708648404 939242026 890585817
780701133 780701585 447061156
189122446 189122715 691285901
850328549 850328634 569220048
319271501 319271874 134292793
71717778 619581589 990994743
153338276 153338359 553811658
903854877 919957425 520465343
944126393 986207231 160231823
1461268 1461386 807021378
287258223 464118333 524394582
780536372 898014348 465576065
48141728 48141993 373376253
326564227 743615571 569081956
588880512 588880727 376377985
798300512 798300546 875722279
236328583 513932134 898653327
558966222 558966511 391685774
706575777 711228964 792364161
653340385 923323228 138710235
744118537 744118641 409636914
623807910 673471901 344129557
412358834 412358993 447412983
718243825 718244202 454079308
29516570 758617092 381593012
439930465 818293086 547772101
513427957 513427982 569909234
703196524 834995545 783456284
343931277 926865062 25902421
829753899 894488381 165962346
585075140 975285300 743903790
234278585 644605041 596120238
131928617 131928865 382383078
476666509 476666844 588812031
134698518 339363486 271396031
577744627 942808089 901153275
72663798 814816258 598952203
45207424 964088583 579355654
517505023 517505032 657694998
169631944 169631991 884201271
64428534 64428934 729098793
7875287 125577089 520639915
41477980 41478385 78755868
288300714 288301063 607628659
624923159 819744512 835829236
127022850 127022972 26907502
682629524 959846452 424074471
739339215 743660904 977859755
797596390 797596753 911475319
787355743 791121076 796139008
346208594 346208747 665688350
610163390 688645456 467022811
96412925 542545063 51985601
731597291 731597310 101951635
749333612 749333627 772729422
841520010 841520265 350506523
605703034 605703298 867018466
517105950 517106290 844589937
552606586 689827286 287180322
524311914 524312326 144700644
889289397 889289868 783575437
774133941 774134396 532038980
851783642 851783869 338158909
32442917 32443103 652752979
492738703 492739034 966966742
170469925 561741609 222646077
254501845 254502343 48761986
315089503 877678678 243888422
967884869 993948079 9041207
245041412 276571376 332391267
850110334 850110653 37823997
404450833 404451169 915557942
992455901 992456289 5884163
631349914 631350197 881901645
38463037 38463044 793745411
543747411 661040494 373279291
688515610 688515845 264462516
767317922 786132822 491289018
170562431 502610028 241554840
884435361 974809883 961902747
198942262 918606247 92656217
88637354 88637529 862302329
