20
47559345 47559461 524019199
563639565 670188565 707492416
327157621 327157858 83627608
108888887 132957099 616567611
440772401 440772656 768341124
291208516 291208724 520303380
792197527 792197744 551032891
50123729 300592718 915600632
354949878 784614651 581384680
265153770 414802490 268512459
638092864 766524702 943153298
944188488 975324514 826048456
436100439 507473042 518630785
968255586 982244469 950251873
620863416 694519342 223999344
323836949 323837219 850685328
429870249 681229280 217694254
57029777 320670193 953176309
409548521 409548797 803480695
406293103 590243195 132591188
