184
826705325 826705434 959235164
367772917 876242564 64489681
251316228 251316234 800884746
430162297 532069829 295249047
464352275 464352587 375135009
487754414 487754689 781164797
807600963 807601033 334917893
763314664 987078311 740715231
12799110 22094184 367576687
931042533 987957105 664811644
297314826 297314950 951768655
310395839 310396220 645990123
595009264 977696512 827088248
927754529 954606460 853989391
606929881 606929982 896085654
601013614 725351495 147820143
18866650 18866973 144458913
576988461 920916207 221013413
515354370 862450616 628242049
99146031 915301527 235432187
706679593 706679614 627602292
150382258 150382637 65514310
411541099 411541442 34807314
780061200 780061512 14553386
157440427 914396559 396594695
164715027 164715451 394134615
931699970 931700099 245725179
216994933 622852050 3095101
993339213 994826220 110282496
283500065 283500157 127061299
976262095 976262458 691840737
628124171 628124393 869336360
670438713 670438955 866278047
263410843 636879713 551505644
303217021 620288098 641166565
739732178 739732665 618338738
225017969 225018046 9775143
725039905 802244399 213674558
994637737 996613466 617591306
649333669 668640984 311236619
817618976 871279452 456438866
267457495 267457814 270769931
862036531 874049743 391626005
152821659 152821883 74924911
396565680 438446303 674269765
183009908 785467616 982850522
511338191 643150396 82508738
286394576 366639780 725781419
478721406 902193828 112161461
245159279 245159585 611726741
917808908 917809377 121213367
647246003 698201178 246134297
442066833 442066875 280453364
213258237 326309868 706917242
748471550 748471620 759384580
256860254 543283153 467964381
39385872 376832546 127782915
248191773 248192118 33888412
697212670 985932575 544792726
207546521 207546834 934756742
461980256 461980688 590385435
527064346 527064398 626251043
307441226 358206207 723152636
121687313 429872579 566900954
17018891 307234705 239993564
541444231 825819043 97726012
135562881 255787167 887643351
261183389 620017943 364474535
935614875 935615091 169970072
683827242 683827377 118702906
229905033 229905263 274247869
679882185 953031230 837170125
219857388 410807243 757215323
620402888 620402981 977473664
371444419 919175332 465889934
603116857 603117106 966881582
149873709 461742153 222305383
951666135 951666370 336477865
556222404 556222899 704972877
262497622 815218942 443859743
861495097 996447885 375749663
71896872 895972027 214902354
99723191 99723514 996195525
458177752 458178184 498900291
159954434 939727364 681389519
847350715 937473477 211044853
477633668 477633726 291424428
11944710 11944810 574808792
217579291 316413499 700649917
363137890 869233899 667755074
786851949 786851994 365195361
800064891 800065235 756328037
196671189 196671596 705413460
67287369 67287856 789730127
949283232 972214183 791595405
158952322 158952489 796818190
184962381 184962425 823870317
33266183 961675464 438677337
717572498 717572991 95836744
510350037 541178624 753555680
707177107 707177537 438428284
184791574 398511504 689160924
573711252 573711583 418814634
222986140 222986572 511198411
489637743 489638193 310099879
46630579 46630911 329020167
469556351 482135588 754330518
112871589 112871816 777355672
222135746 465629198 100012292
15793 132802641 294439745
962007698 995961969 804446955
110771800 110772135 215662842
28266559 28266695 226115557
930379070 930379392 539396342
983084156 985514325 627387619
3964050 559389316 742253541
461211607 700620566 792827437
592700956 592701180 229735748
144458569 261949149 303256385
803187501 891065996 497560931
776855262 776855695 807934207
755349692 755350135 854955668
567432709 567432941 277598775
165350627 165350940 296255643
458179647 488734911 357771320
519779486 519779579 380946117
285030937 796388052 59235928
302560289 302560766 284762441
399812241 441758845 457252146
742223962 770340539 215429532
986550846 986551241 645110378
275178174 275178328 385139880
950297252 950297579 775162055
38191306 38191320 217467788
27676745 27676829 746432023
244929761 244930060 68701458
680610461 680610475 259981826
126661658 126662043 605651266
345178208 345178283 10626764
142044990 467777356 159129935
974987153 994545553 330865981
104987889 104987955 647279785
977668421 977668648 643612882
263283087 263283227 730888887
790688304 790688622 51034543
299094523 617089584 834138635
53011753 53012189 594049063
847022725 975323859 724684294
54716112 54716137 842251203
256386979 256387050 781195084
393877225 393877291 374844438
331365933 331366166 451624307
183916195 762691958 31954459
177328507 177328894 726759940
306496723 306496993 792545671
31327492 31327775 751192338
713360201 939436857 596191762
247528372 793436148 821004010
506025867 506026013 963595839
311540373 311540693 642240441
175253429 175253557 522781367
980438004 980438357 277380338
644015443 644015876 558028804
823274947 823275356 402907742
464286404 464286575 340575171
460027781 857627675 559100174
89084798 350285883 962421478
642665904 828833039 928435431
266030739 266031148 640039624
373365 950305218 844040469
678094753 678095186 651806193
949785261 951973501 232055220
37711944 37712335 975989656
26416797 461792200 942374391
621580788 743080499 261471765
107348782 489523210 103888840
569991606 569991710 43689922
954857340 954857605 832696600
139807314 139807535 13862547
9455930 90842946 513429746
758049040 830292077 32258578
914085698 914085855 949097767
122428289 652309695 945764351
456599161 656083079 81068674
