216
298601044 298601363 216502731
317229974 917645572 81776378
803945038 915672865 235761032
481419125 481419523 825236351
855081872 855081997 41905160
548223110 548223478 599904665
284391302 284391799 503000124
701971476 701971658 222546351
861527320 981313524 639557738
28540608 28540765 654963315
570307818 633542099 880815732
732023122 732023464 421747721
12203412 12203584 282931191
146339745 964022057 779981483
374869647 792978450 43578481
49583668 49583739 572518466
256229724 845926012 611160106
571028702 805972016 681125754
353764361 353764380 132940704
82483439 673563796 310528433
362888331 685270218 500989539
511595029 785883462 918371191
928915977 928916465 372624266
95145667 203154247 864132391
9530409 873216234 923718243
119868130 296877292 761888770
4486547 519089302 226451549
522670134 627677543 204400573
688665811 801207118 531468854
432806169 732243423 247866658
972597898 980529717 865400596
603580888 927106198 7107543
49981556 49981983 288038245
611128676 611128715 60362472
219547037 219547317 63314439
142231075 792864733 83602503
298696822 298697241 363801951
417036074 417036086 66804958
503132466 503132813 680053857
661019506 661019799 132976177
752615823 937649567 120850093
343573302 568658507 43571861
970831570 996844681 603190655
818140085 978160694 330320462
234068747 733565381 406320226
256562167 677607096 143689456
709198721 709198935 772386695
476131600 476131916 993961603
193654358 193654803 286780938
241737737 241738219 759191074
676919874 723567253 555434491
509797647 539590902 441417066
404568198 407256446 858779196
500705188 500705416 499828
25487508 25487690 103112290
186849006 186849214 127493758
876242432 876242574 249752723
399916358 399916815 728363506
466940245 466940290 76376933
656567686 656568043 838901538
191677184 343739677 684686795
306982450 342626041 414644936
690288441 690288647 846672209
138449285 138449554 92158136
556584847 556585067 781978769
162127647 496909083 48744338
254134200 254134257 585726311
544524498 544524931 119126083
524151153 732349166 857971523
226971821 226971891 532604062
645148640 645148865 177602021
8858337 8858720 565709032
812064348 835509966 883380462
84513598 458944917 515000805
182803477 182803865 655243021
974858449 974858903 664263481
377523605 377523971 255406116
141780143 141780494 357348206
97493619 97493917 220537779
319269967 319270274 594384641
518786060 534379828 646561490
959434547 959434722 848709490
365965300 365965752 201423282
769709289 777466576 566872990
362925547 362925716 282804762
475180544 600666750 265855865
239237616 239237679 516630614
82178623 82178690 333210073
143235817 143236121 806828677
310393754 310393931 482919220
628674188 793677109 624777539
13798672 13798756 46157602
894535130 967674583 176741299
883685603 883685727 177798997
851472576 877545717 51623751
17187394 17187504 226231782
678987687 678988100 650215343
113998745 113999118 531836874
574650356 948278685 560270689
643574651 643574765 560298147
868184029 920200880 565089977
466954368 480068125 956147072
427444124 875247079 423975047
923371686 980799520 204919348
17290861 700096477 6545867
157042139 157042250 441385388
671782363 961663288 158486211
177724775 177724786 844499123
777628158 923052281 10588958
84885063 84885186 584304503
402520559 402520744 599659683
127932325 127932539 140621252
207194128 207194163 907223470
837172897 837173316 142095387
746072708 746073196 944766568
539589377 955137983 613677215
546381462 560991739 938745755
920866224 920866373 149842904
394239573 934705653 174809764
888114073 890757499 465491353
976573656 976574026 329677222
254039423 254039876 211520007
247807355 793995291 926979855
283982808 283983231 746915472
226737979 226738145 837905126
890231283 890231584 192907607
607153342 661180186 295694128
455257617 823420685 762762197
177351108 285168143 746744948
548704339 632375876 132880485
685080891 880507118 545351785
650039289 650039425 922511288
753122868 753123019 858444078
969870695 977069726 86734172
346410487 691665435 938180655
170642249 170642689 199853987
588468581 659912240 120024139
780485771 920754094 584268753
63987128 63987132 309418825
335258470 335258501 971920619
5382260 771173631 402620844
753897304 753897694 549345064
283731293 727964177 544201849
410755014 473382207 428194399
220919107 220919217 782679761
234314702 234314864 390965801
952249081 954926199 35393306
312298491 470536996 642935504
349153981 349154364 338425373
891642701 891643040 788518960
197475743 197476051 157386149
397584177 457916362 577293033
377701212 548798498 416894455
284845732 284846205 962417609
782394016 950029206 202550985
368036117 598695940 150389509
907202158 967769700 433432211
906346964 934463385 797017380
31442937 755213903 56422167
108494342 937140124 172477455
291427765 291428219 812583649
790784034 839641313 465728681
381421 173712822 818895645
635464599 635464975 927935365
328381793 328381950 749950732
636087651 651252814 757474020
741257438 741257929 32720669
788874921 977891283 490475732
497074451 497074676 509632876
572268100 572268120 197573788
4147049 330432053 155455896
435537791 923139698 76030841
188289390 428177314 156473307
888300378 964597080 32404080
181948295 181948408 806532063
501500624 691160299 755994022
29405637 29405915 465032463
815107480 815107956 337923117
735746132 884185001 261778595
44219677 392414186 541238402
482946917 681487250 659216263
120751866 647395305 783770886
711510004 795983455 184308360
520635616 920430284 432494798
63931621 63931772 423409575
938551849 938552096 334159541
150016673 558828312 399730201
76430193 76430393 17056126
301524504 728636948 859159130
164210891 164211295 790179962
220512894 981228029 630723626
97054674 568415584 111147478
680221217 680221301 89105195
647257749 647257919 104144015
953946758 953947056 180521148
90199836 153177785 431893930
168057024 168057048 841135695
29765552 610184611 630328069
550221547 550221589 105466672
470209549 881821323 331013882
18791397 18791686 563935133
699724805 699724880 116884986
909388742 929876235 366545286
72993892 72994061 137195312
86122807 86122865 228455379
251933103 920606345 206467064
225605600 225606045 554371257
821941771 987572029 711129761
113361233 805758914 941758870
975112776 990083856 642713267
859926102 905858465 499340871
988304899 988305051 599849266
534012981 898986497 646631196
735535951 805078416 186799608
426946236 426946552 564757132
728212456 877478241 290859819
