101
33226216 320865714 842749834
16636077 16636541 736354681
463674095 463674150 956171184
753684766 753685113 370544829
133825247 802336991 255186380
367662116 367662340 212430015
576433067 653711885 58236854
519741208 908503408 285602033
19282857 19283116 283817082
236566608 236566699 647127205
368830309 368830644 223180096
231547188 947557993 97532317
723968954 723969172 403333778
703863969 703864181 744149281
482100932 494131552 147972880
280083301 280083784 905944992
107476591 107476964 264333074
872409588 872409967 681241489
487606384 957407896 935294345
128669057 128669127 282899593
538188453 538188799 665214234
530054723 954416173 206103309
729956716 729957081 848118875
126499335 767723188 515504562
221378243 454603577 664383227
954362845 992454884 757771554
583038960 777081336 21923959
40598108 40598551 277198822
597133240 928895015 452164961
406477088 409079620 903002997
572722138 572722193 949940063
205672621 239971865 203765034
104856168 175165667 616841386
31064051 856605096 623305435
376518661 645547159 267380265
389358103 389358447 178121446
800489570 800489597 211159510
566547372 976643483 340171711
89222638 868442916 869832748
685736861 685737115 727010147
598682928 634547695 726405044
643227984 643228060 716010594
826772963 826773186 370425659
365843991 365844456 898677339
90258198 90258223 27079083
526916444 908520413 338004860
639175689 639175783 142083308
367585283 372435761 69196913
995642499 995916817 116131392
161975948 161975968 553046767
100898272 100898396 354250983
660099543 660100026 574525464
368833847 368834310 41229461
372309054 372309394 417289830
940394874 978948853 952324927
146598931 146599378 780797259
583998351 583998507 571619982
257953351 257953736 710638991
406775550 406776039 247590082
332347168 332347570 841397729
859525346 880947294 108122619
271595189 271595451 992188574
651571870 883999782 166938647
22211497 22211839 843763851
610033601 610033688 620157786
222327669 830968165 161185793
850589188 850589608 219688215
609570565 609570591 581436673
368069217 368069455 423818119
694295308 694295480 91956631
352060271 450820297 768576428
366482910 481503441 898829467
267401186 267401529 881703852
86332534 825305342 42030382
38704063 517990961 117317071
513411611 638044452 141750279
576976314 781761434 162032795
24948224 24948686 406062545
728455551 728455581 200695617
109195626 439905701 601953412
182337397 182337607 251949003
387588872 387589053 498365666
604682952 604683256 595052338
846513305 846513443 351883190
867165564 964119539 202837635
189842688 189842782 814653738
566572835 566572935 827401796
716984161 716984419 629693941
857602982 968613432 464292368
133404222 653767821 90487177
113938302 113938592 822658007
743874581 872659267 446724724
740484180 789262175 443568112
972059420 987319222 21013700
410367875 410368115 367092873
102020054 102020453 284653238
354777691 869249050 86914280
506570022 602835855 14630940
858949283 858949713 77631121
24403335 785853468 368031463
704051778 704052086 211623557
