51
280042374 874338794 490301627
50682111 209215148 72086602
704294356 749550372 924129004
960526684 960526900 512033485
234007684 607221990 841188913
255278947 295555585 836718343
478387596 824599588 138541164
144272634 144272871 252804241
163145066 163145227 79749720
476678240 889460031 615433706
55829419 55829852 264837922
478382874 478383271 996444661
384843237 384843478 6685247
59585687 751490595 862978874
67273788 412671427 181991943
980825303 980825489 696226793
938562416 954076238 915614047
836669207 956384251 136636887
125820026 125820137 943493263
106416331 678137548 951682886
12976742 99755372 161006196
6932414 6932490 762881539
666477395 666477552 21434171
983317741 983318149 924208327
312321639 879258103 810449757
640449752 663746894 143192128
376636471 376636500 523364404
447418288 447418392 951161885
480965192 938230321 572075528
32414301 547949397 668341074
203726232 203726460 208288810
501422290 501422348 693563516
104727013 104727194 319870607
24280318 25363480 357531902
865854576 875179888 130746183
271729539 271729956 583805718
963262955 963263310 19824273
838488412 920334070 966039289
47880156 601407028 319950222
58115965 567695799 809252796
548836417 548836840 299018238
610149736 873916608 210800325
701186448 701186693 696911587
727286146 727286402 228322331
665451170 665451580 152078298
845615731 870646104 35278398
561094194 975017812 847503458
741062006 741062226 929308273
637585112 829894678 610031888
501660907 501661043 401148668
162187137 162187167 305890375
