248
1690827 1691215 942864396
461112306 846889200 793467351
374512364 515620264 557203353
150861010 345081004 123912645
462214086 462214212 726852400
134756709 134757098 918340130
372752306 372752498 681336196
357654804 895045385 18829368
950000937 950001210 767104855
496928635 726395202 532926244
836038897 901511048 114685279
164576563 164576764 890069701
475464204 475464476 253403611
759399212 759399302 889312857
662267861 662267912 429796123
252431973 655989888 776509274
878241796 878241900 49537324
918581632 981496734 802114834
711538810 935443662 942978838
436416884 436417180 760166585
68009939 918481181 249423408
178509643 943797809 147959458
257431340 490063354 637713929
692246962 692247269 161865189
104745363 104745664 26967479
960873706 960873896 53654744
869708114 983699898 146025465
353916795 575701945 94930559
204698006 204698486 85765562
67116009 588230742 96940795
379348236 623914811 289145385
305519625 661970721 976972293
926615100 967552766 81243453
580589565 580589843 369296803
163858636 294534437 890094590
678291612 678291614 165807177
739273543 739273764 563038179
496449222 496449520 704495376
122376009 122376409 790763621
448562897 448563334 240719907
913378807 933384293 638425966
329139626 942568876 445932936
144464541 144464697 111772330
230595677 230595813 960718926
96272135 96272251 161787943
949377938 989528265 231718103
163069628 163069793 296634952
684141619 839024988 411192382
417849507 464220729 291751639
520150215 520150577 258413157
444117561 812427211 744260889
281576081 281576292 918059175
808576968 858768485 687805653
493430696 493430869 172222033
177066149 840353453 185215548
513302654 513302814 164062403
12338104 40257773 53812537
81872704 818598266 791190153
88842629 88842653 835760403
163494881 343244832 634931516
412261130 412261197 938191959
794229940 794230334 74718300
722647862 722647898 765092283
325847593 325847965 256715649
656290434 656290899 859762301
237239994 426819796 242559194
904384173 921047887 428092032
678630168 714159107 285701897
333715680 365830085 978874995
128432289 128432490 486080084
262542338 262542816 129776502
650602734 650602904 237315783
231801348 231801359 544781216
373660749 373661065 812741138
677235430 677235843 370235845
99271790 99271970 439145690
746372103 784732342 153668171
971755181 971755325 786826875
661222801 661223009 270566924
712599104 879482521 233566456
168938415 527162243 77898061
530254410 971492739 343881167
983400352 995118979 142547016
526298898 882388906 594702000
323176337 761618911 605190070
704844593 704844764 953225025
807138512 807138612 334290572
266356581 266356588 85669065
977033265 977033320 806144685
150796449 150796703 401266033
533263809 533264238 39612755
204329160 222385391 886588677
891775032 946163936 645435723
857117071 876060784 607534395
869307774 893165807 189376832
660937915 902433167 318466382
137116111 181969079 569156598
762461622 954038793 696181235
52641240 52641487 533640826
120243887 120243950 165359166
704403567 704403664 573868523
28880888 28880945 115292690
271398301 568252865 451262806
410178881 410179241 654207262
785586671 785586830 738333662
678282348 678282769 983409793
298129157 415844248 363484682
412987759 412988142 852550139
875721426 875721860 362892780
962940962 982602666 825000238
910645991 910646339 608253914
477073909 839232815 774686348
135440706 135440730 597765277
387808157 387808617 65109565
213724625 219468475 335224280
304594414 304594731 13693012
60867468 838647179 282396608
211895312 211895326 916006977
221607866 221608191 10574832
78897797 841069726 689434441
642877492 808711237 911412864
921151067 942917490 293324112
416920978 416921156 299381987
758349077 977100734 675763673
959848517 960835578 528789418
487042935 487042989 279529634
160846150 160846467 823511942
883534998 957633969 910218240
702469167 702469567 356350079
761965938 761965998 623477747
96396830 517208920 359592052
124044809 560400179 475063986
946453112 946453604 103639160
626273466 626273965 523394249
94264280 94264759 966955072
229404348 229404455 224301324
35414119 35414407 114183274
750505211 781799092 21844413
372058536 574967862 233703305
805646568 805646879 394404005
51222294 586067807 920624669
686861267 959296065 897355735
194939263 652641237 620251912
960663959 985966982 632746313
390318739 890494237 451269207
7285528 384042412 788250437
242223097 477160680 222105453
357658508 357658769 482527168
823699478 823699785 876408383
766905077 826811091 58852724
640119398 989304407 108099937
146727199 146727682 819333281
317063271 319101675 503580820
341006485 341006711 33344684
254380654 821207635 762506817
447778635 447779078 171227209
780162029 912370314 989531542
846937603 846937712 769528865
572659072 707269522 441411449
572702475 677621935 967050221
567485751 567486218 471029776
38807209 38807668 215287840
799731019 829495717 171479359
378906915 430758232 808860452
525981560 525981804 556545628
791705157 963100472 584437896
842452412 870726258 29051115
345933719 391501068 258129985
503947102 503947542 204706946
57704419 918326011 264366739
145047542 145047722 744245477
839022442 839022686 635070701
113443775 435347032 84394687
660409294 660409663 933390651
534877924 775926172 616413063
96879379 995535766 87305910
291164384 291164783 391132592
992905631 993540486 305114072
382428166 712803739 956093112
885432076 885432512 786843649
800980565 828693577 62024728
770751665 770751830 197069168
418157287 522618267 881883094
263414715 263414980 174442477
990794997 991963514 301182524
605917226 942233415 135199492
127664008 736133333 799511115
215529920 215529962 475280467
95055116 741199058 311951524
220189378 975513596 41277385
671357492 671357509 705680957
583859464 793202216 995070726
41939128 41939552 907076336
174487248 635885999 757337065
48589347 48589739 578994402
600351753 600351978 668388794
214380964 428063021 426586127
881210144 881210150 497049110
234318469 981735153 898064167
391148173 584118221 132000824
406848069 669407968 485492925
638960031 638960236 237724778
751238017 935032746 991456442
572828932 572829284 353025522
29627827 885652002 786404817
84269578 809963530 585753086
929733709 929733828 723374671
5629634 604577864 381822687
354378041 699525804 994459942
44117233 642491046 893022978
662951252 724539852 567814421
135290739 135290835 544430860
77573828 77574188 533598536
505130299 685045916 433501804
44486871 44487215 658311661
72263304 72263308 210026591
593761339 847756052 74347003
243525162 269704182 431735159
544689625 544689672 390980018
406059005 940772069 369320310
139015792 922163294 261524309
585021782 921053194 966047743
642207554 699404226 285951676
37336724 37337138 352015733
377451976 680494273 40305929
728481671 926272130 70493488
283614168 971129779 143393842
120729756 120730190 92186020
450853855 450854069 196154052
147695659 147695726 275859894
573246881 573247193 50721703
406791032 664763036 632550102
251208861 251209309 557926034
604209893 871105549 861139771
41970302 717613917 264618454
696458743 965605439 422380619
10388413 10388566 864194617
137546768 137546908 284389660
224774653 536094964 991118364
806880237 907504182 365343424
512603744 574768958 143484105
448482610 799529642 897187438
469014368 591437781 31956956
53743926 53743998 236680012
251476176 251476350 469829164
320216870 640844686 888725164
994656038 994656110 715496269
348161664 348161919 995666804
