196
618195625 618195928 329194538
192092105 210432747 442642676
716083202 716083458 445169
156519462 673028120 245608863
478242701 478243000 844809033
437391792 437392180 904747210
798310535 905791817 820883561
207731397 207731441 751855093
590182742 590182844 792146305
537254791 919858585 454267286
126241262 795833137 409814117
411785546 522700131 296060803
7651436 415379173 684420175
564061926 564062063 337308071
192407698 192407731 93360303
498903652 679214762 647785461
59487765 322510857 115152463
907820098 907820383 25355826
752001156 965169508 492597482
110487936 110488324 357882580
82799320 82799692 981681841
911144928 982612065 825241085
111442705 111442924 136066025
880721534 972841256 372326699
867251367 902827517 988105165
702165988 804191270 992524127
572549906 630544796 980885971
99211424 99211880 869144292
20192030 633056305 205247590
811993298 811993429 75043518
300494846 300495336 658779986
371204150 522571475 223087103
928665268 994840564 492143176
119298186 235872524 380133528
628567115 639172095 294295585
908346690 908346731 393032393
374022908 983927194 903082600
674114630 674115004 547004217
497725020 902405906 207551792
978185657 978185772 650604145
728959056 956744042 513648067
355047563 355048057 715326901
648437628 648437967 134267543
570874733 570875036 205473181
807870023 848839380 644917827
42794093 42794239 406821277
609610976 942387420 269729241
68338986 68339481 111254036
178602283 178602433 708532988
694935458 694935682 483998007
102722593 368828868 552672487
872693373 872693516 427977047
132808508 132808664 850768842
230640976 707863869 628087723
51078621 51078648 437955832
716958991 781398808 236956937
338101991 338102023 818736787
296918632 692702982 66032039
365280947 365281073 482039734
92467850 92468285 537830253
960260552 968980923 224479526
282100995 282101324 928735453
626486389 934578448 268004675
195564629 195564983 691636495
728980421 944122836 75304279
412577979 412578396 599037088
177752100 177752527 474852462
7388369 7388426 14144644
554370328 554370591 202622047
652234291 659793983 235813318
261020590 804943338 224075720
915554351 941748782 20691773
5136175 261438218 990846286
302442681 556112739 414658059
795077663 795078052 265659527
44321988 44322242 180879321
785892614 785892854 558354801
440356688 440356708 516825974
842948538 842948744 597708817
837415564 964044828 654502028
312640029 312640455 118110211
259251835 571095567 276615761
191995594 969526660 623112821
290649405 290649812 289554642
906425383 906425623 988192541
97375256 897509988 859149672
831371416 970569869 406032733
683696974 683697381 80266772
388425285 388425328 286452585
713779466 865253255 15924507
807437082 807437286 385640410
331475337 972130852 92873540
49927598 523076654 287955612
53114641 53114847 294595266
22589370 395208630 548963850
175545746 175545781 355604678
151923965 151924180 549078517
4697765 15104298 86845087
474044999 799276162 711829921
501022694 995230386 797874629
512536084 512536404 266217003
85737110 334490987 766777244
94010402 981413021 205192865
498548505 498548752 612255976
556604876 873572936 803729935
14462558 798367399 77739287
817279659 954394257 83885629
75007197 257702596 269496760
188237077 938300428 154123613
186915976 186916260 722513978
455118389 726601493 486198203
77470952 566120816 526644013
734790202 734790698 308731699
342067085 927223183 751297386
834147530 936422032 454703771
327593791 327593818 919455399
419363902 419363920 522356011
552436509 917220838 70342778
460156328 460156795 431183477
574325817 745119888 93312633
267850057 803724659 532050520
907879420 907879640 400161601
222691156 835632660 185907933
167521947 167522239 320927134
638604306 638604432 308338670
337035632 862039796 918784520
644762866 746992264 126519626
219268358 219268774 878503197
232481414 232481491 326161273
394961133 546647741 638431045
60761360 665275983 136865403
508447644 572961735 903756277
533663268 534153851 139826232
457302683 785861450 985148444
407531804 407532088 11589477
269442218 494749846 730023660
777375881 777375925 332174135
80246416 832061255 165465974
949333952 982591725 303545453
400493584 796568232 655349394
21296904 440611092 633917385
535383852 535383971 868959210
539330080 850540653 199226094
327340626 973861971 990064918
73745257 73745707 283231549
804230280 872107189 254198469
579409465 579409804 306313880
258509744 258509788 475540505
103676981 649538362 206251557
235472134 235472173 171287033
409336850 409336880 581710313
397794234 397794545 660198028
677247633 677248001 796973965
987476754 993679266 274132223
843635686 843636003 128442063
954571440 958039416 53752249
439440869 439440996 17336786
201436199 201436365 43768286
822451464 822451561 584000785
544202843 544203049 111566719
326207809 326208239 359843491
730305242 857021206 141756302
92317666 772856203 302157432
868635568 868635814 169403773
822571968 822572262 862437425
357270120 565326667 724269838
530608086 691697307 6341934
973208407 973208560 716295201
923889927 963747146 141491782
468836975 468837123 365017180
267878077 267878447 52043275
54915080 54915319 85882353
650964878 650965131 11924582
569647543 569647865 420356427
576280180 576280457 60178518
583936934 583937362 405004759
561065052 561065419 3237980
92235279 92235633 341179784
568611826 811707682 847869760
402369994 402370457 695772982
351651137 801950652 310188650
510635903 625678407 978118437
990771430 990771749 50799735
331308050 331308078 180680048
786368168 982174358 765994063
212503528 894616120 55720940
851282471 967733536 477676769
10526991 72827316 988162578
562849608 904876765 147857235
904336970 904337046 745080254
599318936 665891571 983892796
439157357 834006938 723586150
155617425 155617883 239592944
826641935 905776577 499144351
944401031 944401225 15878933
108338551 436174027 245066263
