150
924303756 924304210 248100501
992536113 992536137 438642246
142664774 184704398 474871198
73747051 724902608 592426307
329362002 329362245 603859244
893161074 897748464 379532811
59645723 822657063 2885803
155787236 155787316 398118229
701668986 799831292 531578119
952304253 952304676 1513512
856021500 919309105 453780871
403630723 882461522 653113026
569031932 569032148 585920093
99450910 281853461 996363020
789704643 950323229 789765237
494920708 758929045 48456018
58710935 58711301 566250792
14852144 14852176 427951112
470041393 470041824 174305131
446751919 446752257 19663244
299399376 398322553 225565597
172914099 172914299 701355717
459524241 459524722 373432865
788075293 788075612 848350385
457900857 457901250 520198147
100704330 681059831 193197433
367650107 367650119 139654442
868344202 955373667 174955861
470252605 470253040 933736108
867763952 867763994 75798689
826823871 826824130 559867596
813161435 851052405 656060938
835446167 972565456 774787841
244792474 244792666 1725716
645225879 965392419 311403122
187876734 609829403 124384506
756226004 756226412 677014594
866612857 895361632 345606994
673254613 673254917 859643074
273511419 273511848 515399595
206420253 973469927 834308618
965672698 965672791 426306636
253956882 253957364 159183208
226817880 768045568 641317203
300196746 932959352 604608722
77994739 236376767 287357465
446520911 806735382 323746210
579603631 579604038 950168425
718599541 718599958 691344725
393493584 393493783 203762559
796172514 983214746 661539810
673144567 950608622 162223219
22347201 22347233 209849988
629793309 629793457 394222406
323244765 366569633 202756308
132145715 132146129 862034683
146976369 909282945 163865480
332936635 332936931 956598655
270551330 270551436 91496989
145926578 145926861 55789382
263242158 263242481 401621389
669247775 975853122 690660876
872170981 872171385 964088587
185029438 185029692 843358405
284166509 284166787 52998126
784625318 938873001 173130518
937037319 937037680 737543797
201305394 494492604 560627542
24809706 455156375 396162437
196205122 380013187 297501780
107603405 582222633 269342096
566091825 566091832 378908994
212484363 451244081 745082620
175669591 175670039 814253293
739274562 837421970 376123868
839572497 979504799 216546772
338352347 515501207 132821059
213634856 946746620 149402897
126211902 141315314 501130316
258447126 293017138 821234797
97334098 97334120 143925665
197535573 197536065 255217609
331227166 331227607 719197304
474889024 474889469 433049719
383950715 602356913 12333952
144584817 144584902 137826017
873603183 903088407 339970526
495491062 495491257 169504240
705801413 802996794 672777263
161983975 813916208 244281236
892686165 928133792 873700446
308234595 699763038 206943740
294818025 781752058 224922974
596551411 914226754 109491815
648308634 968432184 347129099
917662003 917662256 332986681
947104461 969111813 416475796
830024252 830024586 449146234
972703549 977464732 562931408
39551873 39552309 705063240
531918144 531918186 451839586
949355912 949356386 384030669
890435483 890435607 30082866
257574873 257575007 430532981
993948166 995494485 370828795
188496818 188496820 630095922
661211860 708110333 330817579
393182258 555487591 461655029
731632629 813324314 136963360
957275494 957275928 854001760
134221006 134221252 12342654
187365813 187365884 35121963
692671429 798686784 791850910
733086122 733086126 573008770
949537174 949537609 741343279
480215976 480216375 69432226
330821615 330821854 809755926
369714928 444848365 241083650
277573413 426330718 760332040
483666964 589775750 6085326
850459862 976231834 249643257
841637810 863866937 470304545
194116491 786836713 733713764
930267837 930268319 551210680
446198246 829760801 837013628
45356408 892502471 11819818
172671442 491552274 452499404
509294692 523384096 835370245
972411909 972412185 134467054
29453561 29453830 9291906
702893411 939392433 529051808
632761787 964694699 35293134
138402680 942393835 529845466
604586128 840851740 908606425
929402133 929402145 429331035
534574580 534574979 262197105
125139746 167906683 655342270
430722196 557009311 29987568
872122258 872122644 913337036
287831161 287831513 366877565
460971469 686152328 875209783
822041717 866233209 651229465
309262395 727458137 876388658
827271090 896500326 535120470
461304289 461304738 852933967
245277524 762226973 572264190
583661210 709756065 150246656
273898727 386403078 863173115
428073902 726013295 789339366
138641859 444203082 84198886
