110
100957808 100958167 374176040
807904338 807904587 404244596
946678290 990609912 215764615
198852697 198853058 10548266
111266993 111267348 876942932
16175790 16175952 728852261
83370225 83370566 622131592
971131551 971131856 951592645
291747523 291747978 874846782
446061679 446061825 31281195
448775967 577667380 80121570
471041876 471041970 890647701
526443315 526443454 374898497
255750129 952584858 94453479
666020635 879838745 736153676
881687020 881687115 826036615
76413107 76413514 14748242
786567350 991802507 13049917
224836873 355040154 570115276
562136 816201792 752969191
236066476 977329605 832605375
344294189 344294434 905582072
14297189 14297327 890263164
639599725 722321190 63168705
663939844 663939967 139106840
624633118 968978988 953167551
543781458 543781828 295884666
440577940 440578085 933660881
186959801 481700657 969908600
100089762 100090140 75816967
295147945 913365995 563362816
450193801 518550990 629501860
793480620 793481101 72181003
882415861 882416068 843563030
563100490 563100615 277305538
187941267 187941616 828980845
625972827 896758519 163015004
368336428 368336781 302895348
959374652 959374888 357872029
501178749 836706399 480035552
240486533 240486713 242692527
864532737 864533093 59673220
185125956 185126195 22488383
677320428 677320574 136382193
517029714 517029895 122689702
216196372 216196695 451681725
54792830 498662775 295222231
169344684 169344821 4880558
958841696 976307342 979815613
591265616 663453498 116010417
934971256 979856366 471188771
825028714 825028864 502977851
340814498 890319532 195920796
110316178 198908040 611743806
772712459 884734309 426750531
70531667 70531860 502843597
988031608 988498940 701238535
287349938 287350278 17766685
98604106 841685210 296232562
17675905 446624828 329479591
100257514 100257897 388829442
284883560 614859176 390425205
548245471 548245829 215025845
812604346 975925252 263795522
361220296 361220630 6611478
423311066 713010899 723877518
345155080 780234694 569432867
650162227 941095215 109269314
269502534 644848371 629955549
237305969 560317056 744630108
509901720 551157863 919896275
841638765 841638867 396518444
1204588 1204714 857392800
21540631 169791736 762261286
517920183 937386213 293783733
789196477 806956800 367056622
251352766 775507600 218153754
108895404 108895807 727868379
597178076 597178168 171859236
815243777 963631817 168626903
996270193 996597557 258680839
946687643 946687903 486848595
663811574 904525929 268221867
185452656 967917960 203461918
752554385 797791135 395527286
302138029 302138492 867460360
42872529 42873014 420188729
724843121 724843271 276357040
469814232 469814581 31317441
207248019 937101065 439732361
273220332 771011476 258723501
701094290 701094355 340887543
798747983 994192472 810477839
656553398 984122922 177241327
65380235 65380710 213947626
857818237 979689355 378015488
490554515 617548571 293884968
845705010 979227715 560597627
492350212 492350379 347907108
377453680 380616079 779929844
891238511 902624661 638006784
129775977 980473812 17667027
540422441 540422796 277719237
269810814 269810971 782927139
191906838 191906954 117246940
901209456 901209631 920799404
973138448 973138484 463697678
260274943 581458530 2424942
609050463 958336903 610415493
891009003 935899473 827909390
