111
142625384 142625402 192517547
804199269 804199577 164330609
871988477 871988549 772304410
854488524 854488790 869598320
182027259 981537282 8190068
99811429 321448665 57717678
518342078 518342427 902667567
753386623 954654746 733560240
843152751 897518696 717475280
259406818 259407176 162833881
608510750 803451936 143169985
296979307 296979522 573202202
461689924 461690261 616232114
146650033 979469263 556717979
929472574 929473072 845776136
674155562 674155699 430883639
67653569 67653982 140551222
894222494 894222826 17136991
844746211 844746276 518070997
117407029 117407097 370934751
590902716 590903018 792434795
382886626 520384238 310157824
531252371 810191241 274649212
73965672 73965690 654179615
493157830 493158034 329328588
514932037 638261500 469641277
118533794 645966081 695102824
891342647 891342682 620718863
193506709 440543674 618237388
946919505 980442957 956519732
111878430 638798903 217414905
492963361 492963821 804678244
74790358 528744815 270161323
124376556 945536074 469497624
712078007 712078143 480325848
602363874 602364214 268525134
571074776 571074855 665669062
741306498 955437160 638329637
102654981 102655276 608776632
711188188 711188235 779417623
402070135 766092523 36218155
792429492 792429635 278869700
221990512 221990596 813104239
4197634 162262069 830688582
184522657 184523137 74779661
765206833 843018158 523626842
165993187 380955265 635754802
200189534 200189644 971225774
42864157 548219178 983289500
245010093 245010251 195577792
10351856 960092879 562062329
605679916 605680406 820222497
167726247 726979042 400079029
206666923 206667406 582218916
24243013 607222199 45114738
625581628 625582077 319099091
59595577 236009361 661602394
290234403 891559178 130035721
599906720 664224940 239330056
278706690 278706750 510471584
697858861 794318841 456467347
959402627 959402660 583471923
58974970 721954693 299782641
734941178 960002491 329177212
737848371 944243158 259032248
787481454 821473069 425370172
672218796 672218933 623338862
36837954 994433589 203569804
644214438 796604695 825491063
285519528 285519892 173121126
248431280 465540278 745876122
693283227 700021065 521170400
59612359 329104604 502648413
409089711 505786281 753127
285090473 412638641 493788561
468544964 468545229 659279252
189100218 452617156 162652374
908176008 908176392 560385139
882288598 882288717 978069596
155244343 210892967 61265751
641127685 899911569 174858679
588105484 635990192 652468616
574188833 574188975 807228183
76285037 76285232 889950879
572725907 572726319 911430936
14552011 14552311 244610420
675384050 675384525 10090902
824711241 824711335 621765152
283329982 406930796 620622808
527815025 629919848 300202367
694747566 694747689 9175090
171990005 171990480 925539570
213150960 213151156 406735076
60210180 133795047 897795033
109020956 952068720 395018523
22958834 22958978 699953303
79808562 79808932 859044878
147483226 147483354 118275030
704703257 911976135 765959860
508959474 508959912 919397063
587889402 587889456 171501071
623808081 623808373 224707788
166069668 166069841 528898975
865897042 908429840 343731939
635665204 635665583 913358871
105465583 557858867 755281101
162009947 162010387 682853396
438760167 543344423 566425971
308629288 308629597 114533508
869670761 961152591 225912156
515780361 592396366 607179797
