181
189071257 189071626 315595161
721102326 721102659 927389238
485313265 485313482 474180943
533169673 729447459 739975092
486004818 592260999 76293251
245256380 288002427 406102406
385860938 853318658 714129180
952994495 961498957 143443189
616461683 616461986 508979326
57487118 57487292 863191616
12595161 623483673 207907611
668063454 714226947 741166786
287274836 287275084 476792750
912493601 969896195 370313187
896515919 914367303 949962746
694721537 694721741 153950017
124524796 501048084 105796772
783743250 888288587 27504831
231372226 231372707 883861515
467592143 593098533 772329458
493350464 709293859 762460957
315764099 315764592 310427801
557422421 805983096 522158187
984784900 984785260 942380450
916063777 916064230 373689970
771891366 787217684 562484445
140928340 238056690 626597808
213953671 421656968 2220441
464424166 464424598 36884707
230772095 230772465 118842484
555299400 747902730 583205298
958004486 958004983 952802948
274892030 334945818 453875664
767236994 767237427 853511183
346116586 579874662 849105931
279153765 751974486 613739538
760313849 765711153 376848430
373801884 373802063 110749209
116698610 116698642 797140437
124142603 124142936 348107510
883726554 883727023 331722209
864521983 884238086 917577003
924355630 924355901 663861140
865856671 923080339 149489493
91927455 372641095 158128896
490046902 753960298 556442863
431995494 689553370 520164375
304844101 304844127 663752570
220207329 220207729 32784435
810734926 860490654 175128855
378530151 823179183 332307963
476734874 476735166 520052641
540153613 802428796 814392533
273759304 334818262 744218004
645269248 645269684 33808634
582462751 582462945 415810427
52310088 52310235 457068990
497378675 923198093 755720488
193458418 193458825 200369770
590414308 590414403 846607904
11667304 11667702 326168376
621833467 621833573 109045135
951595354 955743237 699220043
986257695 995173847 973716824
211025539 372935014 247726850
381345235 722863458 150882081
411565384 960482563 51763327
479238994 479239166 149582621
790766794 790767030 695660159
489590322 882770891 100703647
635775722 889801869 870962276
161845765 161846109 895927177
160750673 160750693 151999473
561004514 610517258 626652199
900290865 935922839 474521052
531439840 962572713 57201236
648037609 648038079 528253087
606571813 606571998 50794429
292330910 292330986 84145729
207254153 207254499 996368599
218216895 218216997 743639367
401542067 401542424 543396241
131717709 269792148 86311946
838816986 838817237 310554278
709259225 709259670 101916340
226113986 356660652 520000293
339280233 339280335 60705541
339178267 339178753 932909550
982969793 982969855 124095648
968978675 968978709 626165325
780271145 780271625 228822495
608844066 608844181 234737371
608405318 804037970 64187163
852147621 852147707 225234599
813597426 909846213 192272945
692262660 908598601 929555238
133395525 334511521 851914285
194934860 275103602 378749321
211243923 306161934 229242937
263668886 922218317 890016269
51747368 797120153 39464258
768085939 829837235 248999360
948087388 948087700 361414905
121405957 699356107 381251116
672679261 752000791 342415328
529402358 964508162 830389412
368480482 824391506 188857415
324221516 324221610 471822400
714315939 847483631 274930795
374613864 374614051 756537326
274161159 274161455 534384362
106609556 777569656 459063752
247847795 247848227 870957208
393870208 393870575 938126713
401477574 401477886 890921137
35719437 796178958 494121707
854254098 929307002 160203996
449896299 853171197 720710269
499011528 499011551 265360214
91109943 91110259 236305262
652321480 908866465 733101021
372699928 482096132 783419205
868268947 872361493 295847307
20369495 425871549 54079528
166128419 166128627 390952258
976362818 995353247 667834637
529804663 857388325 548463585
83930045 882737994 510815205
295741141 295741261 805177686
881055474 881055887 36607389
121902230 278576561 235011185
91919978 372813220 815875437
794260218 908828923 1610709
822214406 870295062 145618526
249948049 882716878 352232992
613051497 766563710 956388629
489457809 916810560 150590828
682568511 803780890 259933024
70340724 961689787 824908514
738676784 738677170 271783232
703008085 703008289 920887974
775808555 775808589 677506628
463576278 463576732 503995948
177112436 177112862 50405444
563391842 563392311 579254289
57530958 489296663 883739961
471000572 697644313 403669555
250211537 250212018 25797727
582809241 582809564 517325044
546780011 546780448 691460856
324156497 632423723 393496770
759388409 759388745 136684566
5449800 823706624 813216671
94499490 94499583 384836869
156143678 156143770 413095299
764367114 952977960 433500452
334511616 334511748 135234127
91660164 654222556 62125850
499291425 917373674 352507390
442524877 442524958 673690244
615427550 947810470 965982660
493420573 493420854 292364347
517758936 517759046 838591022
437303736 437304110 615117680
543820198 543820540 802930131
65189492 65189888 384671144
426320391 488014105 41236516
324145276 910491063 605416009
287124926 287125333 124203065
942152436 942152880 356162045
850153952 992152738 191319330
988448716 988449145 223670395
711675995 781000661 376539762
984128765 984129238 444702546
646944535 646944769 697350260
363250653 955576799 744273771
146259042 146259261 329820373
802557177 868369133 902074192
527343250 790393267 189158520
867286041 891236971 905436060
34623528 34623652 623654440
