515
203743777 203743913 851329850
41517608 41517981 681383904
806769830 893408332 511039768
180256369 187598781 575559456
389538035 512997122 729450259
316674631 784007571 769142975
763359433 763359707 548363249
339242874 339243133 728948147
932575547 957199105 514534066
548053952 548054421 572420761
229500826 229500944 904717325
725675188 725675208 829012885
324065731 324066021 538161950
953205043 989345467 346696184
364398679 364399143 738199584
947150347 970056521 115869031
412222625 546055014 908709365
702977183 702977595 455126099
285865651 285865658 329166258
28240380 28240666 835660356
500892646 864910932 390307926
538251988 709961662 340712577
931498797 980494959 777026476
414097221 414097383 477007398
628830655 691931896 251821190
159957747 159958086 331909621
701575928 782566506 223067702
581922301 581922550 759818386
184242698 184242982 457347099
213106189 213106288 338343253
639260895 863231247 264256351
860610672 908925474 850668657
16098311 16098732 223545664
495466946 495467345 752917088
131838440 131838670 115723639
285861551 826384024 698822092
88789346 117264547 919457488
848300174 928899193 637756932
857087760 857087841 723470306
657228460 657228686 442104332
211031149 211031323 592561261
553550367 553550848 48235744
571903472 721311694 741344103
32621798 548810108 262564345
16321429 16321504 441742883
688219210 688219489 345952572
559124539 559124834 815935009
129309590 129310022 446970915
199891928 681239701 24124381
19091468 19091550 158337621
754467936 754468017 565714180
946902306 946902658 637827506
706103558 960561767 102933877
745853205 745853480 560976097
923695998 973621678 937628360
429904738 542737026 608873832
698189591 698189656 210152151
96986917 434825344 949909870
593752566 593753045 939626191
795520416 932721192 953264896
501614498 735428933 715002398
756230685 756230835 7946736
439741894 439741896 871454747
836307306 836307494 159066687
728236246 728236494 132371880
616110567 616110959 818497261
933074705 988466118 51704
501820968 501821087 259691013
825833280 825833702 401645176
177999677 177999886 660510645
392466861 845642436 810281863
885503433 958477768 677806494
123095392 123095814 692109010
39000936 39001256 418035202
517142414 525800395 53267241
822604673 847515928 887169794
648894419 648894891 102013011
48513278 48513524 110821768
167952891 486389861 120461873
492457823 492458263 966905056
773926457 773926597 939203297
672787177 692671471 71861734
199893008 733939964 577885032
319947412 677190438 731901256
659661829 659661844 74371251
147985490 823418172 70236441
571290605 877068325 465541251
519332276 519332619 675555416
505967591 505967982 106064951
790343048 790343545 212791244
603140212 603140666 719342209
469791784 469791950 879397597
52162479 399603539 425351684
837040573 970314489 272955281
520286992 520287095 877371534
810897722 826145063 868962488
713300106 713300602 263803024
559485179 559485478 374461036
317106195 317106416 357800144
510603772 510604089 473398678
984306926 984307282 106278981
773181349 988833919 384121712
203568111 845901040 316887473
902059911 902060074 232715275
977409817 987801114 378779084
767767101 767767135 524348059
173341006 660077496 215471910
505067843 505068020 343420475
627875011 962605345 163284952
534027406 697075904 974964688
52172620 575236779 981516158
706928314 852021599 418910130
831749125 831749334 759873982
93517200 205195794 494480431
854338152 854338270 436241869
397952082 397952516 351667794
85598509 85598933 171712171
819521778 819522268 131477477
962633794 962634067 278114745
860713406 860713567 883941515
172051225 396996298 354397319
261417534 261417958 389053436
838776176 838776317 237513299
158843046 899489912 48713316
60713192 60713432 753159075
510999102 762068672 570627841
2857244 552241619 154209681
205681937 360674522 325675161
253904943 343110074 547557095
831609368 974106143 37971287
290782924 316413637 899652152
288060773 623027625 219543106
130556349 539872297 163929209
966582459 993299128 725695967
679169349 679169779 750672503
638194011 638194413 590756518
940031369 941606726 451015371
600209672 600209839 62615794
198546851 198547327 909319302
899711577 899711613 486206869
635633595 635633670 163705921
162678982 503517142 956203508
942436122 990834214 435159468
578464637 963507873 82356408
790475591 861350524 4584829
186769882 832755144 118605818
950140586 991390821 941479953
541587688 541588100 944613378
952461202 952461639 420870115
903611442 903611745 255008258
117779116 117779563 44068423
189933713 239815498 776449703
436060840 983698566 277054128
876105723 942441199 481707271
849335591 892710168 187105688
850942007 903745988 392556319
753777066 753777282 175373466
209321401 940081269 342804293
27115389 603239489 192686075
552270830 552271010 960343848
646178486 646178536 946654192
126669048 126669358 335467795
785332647 874344384 36671883
235450713 235450752 219151787
763438069 802391561 176174681
718342721 830755215 8358524
996106218 996106666 989247462
132856082 795134520 961766072
158961448 164411679 446905121
381262880 864417309 722912444
931363796 979671142 495023037
868599696 868599771 674721269
870373905 898441450 877788985
611689060 611689149 456951934
206084071 206084530 647841147
638994094 638994269 905687196
284799673 284799820 804170955
802627194 823867405 993397687
583580443 583580729 745899357
615576671 651632587 600961849
502395141 502395445 987578489
995688846 995689261 775108766
958272233 958272624 251194351
695678990 733294179 764104571
338527862 456412671 690715985
711070857 834918629 302900984
377570907 657227030 260288666
926537259 926537638 524365548
923047023 941623172 967265113
839397673 907795203 437421134
286872863 366674792 675586470
809769463 979971180 792706537
133016883 657140653 330170154
824871337 824871785 66364754
368472646 368472817 740003017
944361646 944362128 15517819
16503726 16504027 290088621
419819456 419819666 328659377
60084364 60084862 297062174
990068248 990068696 108560773
232567102 408580864 389161268
150891025 150891042 595475789
396313855 956676326 510019710
796634083 796634171 726631707
224302792 224302955 382447518
216673226 455888641 271604641
671512189 671512225 754261072
980035544 980035585 875125952
31276541 31277005 794979348
652700974 761234284 595082161
556701953 753955705 728338685
40031845 40032185 899940105
748201498 981062694 592334051
807112919 807113365 298740342
339919018 339919166 205694503
764864268 764864493 59987938
82514027 741956009 161872835
664228020 664228446 441915126
908676695 982207780 268599320
225709875 225710104 719674337
589035486 656243970 62627012
612251419 612251848 828996916
543199644 805483495 25868091
326754499 380746007 191285566
465829801 577522965 853528621
613894900 613894954 724773911
987159729 987310246 873906715
666942356 666942371 169443836
255441188 255441451 130352845
522629402 777781941 481817182
482511528 482511621 483816366
662777280 662777374 80338660
255374619 255374640 909238324
238303614 561018658 231701352
66764185 615875600 557141280
910911138 978060598 876396086
280651306 280651724 377216842
783824162 947997882 803305091
954722174 954722640 741233289
196654462 196654786 522032304
810987475 829218620 668156522
232768672 232768981 157670607
950252012 950252460 456011608
267574910 326449907 256171531
126522501 462625403 250097601
832533878 935699484 457932711
120315590 120316040 849466593
604405192 604405521 94518911
898630360 957590630 875265785
154417171 690376971 269272888
478012503 636255562 337096753
916379094 916379102 983206391
412981847 870501667 353829630
617358988 732390952 31621655
843240709 864508166 434869322
961591806 992354616 254116853
541663391 654369724 785068159
85554622 764778655 469306515
270075720 706388778 435646036
790046152 790046488 41084947
300092449 777649689 5316662
253665230 253665629 116832328
703691106 703691580 318222444
524488544 539174351 797224691
677461444 677461723 874176344
699623390 699623408 210088394
873477870 873478216 786934177
493064635 493064903 785575365
379296044 379296243 319439198
31762822 259573178 248294217
91664302 925453621 429921400
677290336 677290788 537453478
868364175 868364446 975705294
639595275 876630109 457723854
432983391 844036272 85949619
966768961 983328588 780719586
343175346 343175485 527855211
279931170 938881111 939036503
773384816 824770796 326541955
43072323 250140813 152620686
450791238 450791702 989185952
193371590 831682162 861155619
198257049 285201504 989938055
543494356 751424344 561818442
635105334 635105798 826299817
619136258 619136511 266457696
793467076 793467480 570892679
107461954 837826325 229618470
700150819 701338697 180262209
117201516 117201929 308300077
958344782 958344836 777706450
671827436 963674953 467124242
460593770 460593859 865912339
477661170 477661414 273312187
612352368 643272560 257719194
939257959 939258117 92173409
318992042 318992114 802373070
229143907 229144091 150225477
328425646 328425680 542235278
348741566 348741817 294069165
332020448 332020772 48261832
462040518 957416184 853331296
68596413 275095384 295565390
491178687 491179031 404837984
227662546 254221851 124124210
433595493 454079162 238133241
779868631 938404088 87775470
573951199 748665326 983048819
54096503 433717653 443852101
963645147 992342179 781472064
927785368 940004325 243628549
623146849 623147281 944594966
297905551 664721463 319495200
682795115 711145443 23998711
501875002 501875083 108156917
46178270 305732299 329754507
635364482 635364761 21401078
310413282 347064277 615841039
215503216 297959635 475944703
477683713 800948249 47509281
313693430 934385223 481038435
102567117 221273254 138990807
352580451 352580679 186111766
474624760 474625052 664800386
809097577 925479417 241799966
510928781 510929023 731492675
100513368 100513805 457996752
142995498 142995547 945332912
291861852 843086969 711087430
760646208 760646224 586369499
908253678 964063721 442714269
210022621 251678216 209792091
112299111 117644424 951585031
603566975 728190816 889290491
252096253 366975373 406469673
761337536 761337970 135466602
20640168 486793367 74536412
144203039 144203520 756250189
822563343 856953962 368821634
868181538 868181965 944395402
967563636 969379547 440689002
58455157 417025627 243498326
226429405 226429764 912429662
985146969 992214216 380233094
201175832 201175908 497854849
828051834 984668855 716580034
277818696 277818945 435754859
445975227 888224351 236873461
46972220 961368586 394176364
759313247 933005616 315746540
955470398 955470448 941628914
782298503 782298936 969775443
793868672 815449079 275843921
776828214 985146106 286360537
925059332 979222207 191114238
639589110 925449737 414021594
956500250 965598620 408345893
138801930 574220827 578755387
757224568 808661819 405015891
966768946 969338444 563340977
246498728 743944278 724124156
822590788 822591287 94386447
597553557 608579824 695390322
666547570 896892008 776445812
378585386 378585528 202635167
853336640 853337017 517930874
542855354 901493598 427171561
760687808 766706656 31424022
502109919 502110350 827874751
449058359 626681559 654290649
53921020 373688350 434863994
747626515 747626977 992077920
570326913 570327043 413723898
938081719 938081840 551975021
894873871 894874291 451166404
720364170 947434820 577128084
361879663 757160838 930404808
683144474 683144695 43287639
255261093 540721840 16570494
332798235 332798368 970040066
466991137 855098851 207996474
50512862 763076066 792311356
741752619 741752973 954344862
312540769 697101609 881233347
623145707 623145981 268970106
358614934 442241531 143776388
160140814 837655874 627603053
6453170 990198219 917027960
475307698 475307968 88633014
401321497 695882256 503809207
248654178 248654539 699105036
908519625 983722379 579579686
436416439 436416615 434044535
563547612 574059789 307002101
54423715 526491176 30266423
226369612 711861324 849977580
765323405 926762346 297141595
702872245 702872462 812771252
151093686 624971919 269065406
223218300 983394803 473271846
294736683 884113024 437750471
529784297 535451888 57462786
965184162 965184500 668106721
606479320 930761312 90787532
908890137 962489087 211409970
263193457 263193837 692923070
54765606 54765739 617990408
164194437 273460827 832099372
842431799 842432093 82631511
938875156 941391406 248134327
663827499 864771594 683308554
613955548 613955803 407158379
130909039 917416903 141988712
468267129 468267282 157970071
902250083 902250224 291537349
16348285 141975609 597194085
652342795 772350844 121121099
681843154 681843232 778753750
210642173 457045070 295879215
838897729 838897802 8596679
515788278 995354262 89696263
863293566 891500703 35475950
864079900 889454083 316551703
74720767 352113796 778644594
202396626 364662917 297006889
774357833 785317685 901574023
781257464 781257915 317743440
778563643 778563967 190886978
469494806 469494982 284948131
251237216 284392640 248845992
735839122 735839127 273678551
889126704 969195455 872402903
343677723 343678182 963627949
797863385 802539417 980630884
916949083 939648896 319250430
700912558 825184453 201488016
456235515 665999827 211773000
926338526 926338678 754242698
137240235 137240685 222331285
39780832 128920672 145318946
753273549 755641503 185685715
946191320 946191341 34473059
971103479 971103599 335279991
927649546 976963782 179525878
182266319 253345025 589406197
794495863 989750256 688773743
48045634 361999406 557039371
448761535 448761570 122106774
238610396 238610465 18648423
985270204 985270399 741542325
158921419 858521820 736515256
85645494 447850635 763770922
428289279 436353204 488052124
87163053 567114879 478901180
890159894 890160052 656075623
451951332 723545517 246119733
681219529 681219919 778480574
857715195 887270293 858352032
289910459 289910673 243641100
495014367 989004634 859004952
156728729 156728832 196017096
249559028 308312367 795989868
273998416 776758471 144053359
299055004 790966251 866968152
903950816 903951185 741975620
79000125 79000350 224519769
985656972 989538343 47513603
924839302 965433104 424208393
941061729 971188710 77260491
956873066 975419864 884037509
329856179 329856218 584408429
935718033 965020959 108528067
338045367 338045654 97479898
583053735 787728131 831023648
56313636 56314128 520923544
205585632 205585850 961968552
464852469 769677928 346340934
33568568 33568963 547142662
490772201 490772546 536110653
452270621 452270701 27996412
343488070 343488120 110939858
538521570 538521688 935611960
527871512 537602757 549816210
382532746 382532835 272406114
783126327 866118910 921393681
339593577 358334638 665858556
574252719 574252866 974693725
275644005 275644051 203082393
270099566 270099836 697646465
705404356 909263342 686920844
947649664 947649850 775126621
193760526 750645678 766455232
880523704 880524067 813506557
854899689 854900006 309463732
718262327 718262634 295161221
410779341 410779649 836577063
851597706 892700817 86666159
251107411 514813269 174201573
44103158 44103367 338914326
743614895 912690225 269595240
502808089 502808304 138306622
133190718 133190786 42111809
555563906 555564318 308504383
93654278 93654610 458572997
287530012 287530359 591088039
46805704 46805850 164027076
339354377 339354637 746372819
987824900 991565990 47362803
356350603 520073054 375194296
551106199 592986413 873838336
168750992 471992700 802296109
227732523 227732750 584377661
826554690 934789224 652448468
886735475 962304014 216308943
919179483 987887186 950458167
