785
688392044 892344137 458190933
834901867 958806366 44086921
499038643 499038869 297774479
584533361 584533488 617729896
474069468 501856348 41765626
160316228 313439153 565568133
610236604 847684304 428778148
218364462 218364716 523379117
910653222 938658353 640414952
381141860 381142014 60527986
669110737 669110858 573746007
692973730 850611836 972651457
178580393 871471765 48202580
341669577 341670013 365311919
832228186 832349918 443072222
716576683 731230204 269955037
175541303 518015588 745747527
281867453 281867462 950333094
12716819 12716966 662109751
507826907 507827034 532713160
312706786 610172124 746902325
751549515 751549582 199784996
750183249 750183346 144225427
464292299 464292590 104095171
628149378 628149690 309220312
167852060 507935546 207893979
7701352 7701530 388575167
551510802 785873057 329164982
647630742 647630922 794711704
608674615 880103771 437969170
196101876 196101902 502433301
486987732 726195259 178426444
230328108 234196709 785557083
563200274 563200615 91672195
815159459 815159680 855497349
431020847 663179885 585829025
255409068 255409448 958350975
720070523 720070984 837584223
502047667 768086023 89271507
579079240 579079689 572943256
529844859 940827058 110118894
252272781 252273038 353512966
168342609 168343053 614671265
514489223 839368866 342249262
25560499 25560946 681921240
956400626 956400751 580299407
127785440 127785928 29751586
320626048 320626305 851601957
530000017 530000044 215395333
858142315 858142364 990705014
437178402 437178816 73334995
951645810 959596868 402087605
792503009 885547071 682387857
965522044 965522281 568249172
513101150 513101516 359489469
100900272 798715811 877160585
923343891 944011924 158962002
634311063 634311425 909799444
33191117 33191353 261111356
306721853 624043108 859928157
728751524 728751700 604265561
416575838 580378392 493805767
529537484 529537687 59609651
996067721 996144963 932575368
938049715 938050163 110688807
243218047 474482788 350040881
669909366 669909487 739688870
825928445 978848564 629220621
170642772 170643111 605960256
277462081 277462162 143754034
99800149 99800179 243580876
65136941 65137261 954964899
392668537 625890852 426499467
915027802 915028226 511220188
376605380 376605798 891588071
672088882 970856653 421690162
224990025 982023744 164230514
544520489 827284817 329066891
121596823 121596969 584216903
765232439 906755189 119474919
284920745 579800906 784686821
635822077 635822558 528952957
149016832 149016911 554679526
188690782 188690989 762513340
424135886 650452488 574973507
696451361 836179311 815362315
331508511 331508762 91856116
837478427 837478915 499433716
43124365 43124643 236446934
968403339 989313404 113372050
387702965 880151318 414224537
575703841 601401856 85054586
19627991 19628146 920515857
189617021 189617380 478909548
13731767 302821616 60951828
458679293 458679581 208791525
389699617 561904814 862458889
121883554 886957018 948328883
963040640 970091933 225504637
236872995 236873381 796686665
886779105 886779581 350850124
346770984 579649778 124520080
923927347 966152981 597770645
29091152 235253821 44157173
665708916 665709073 566746574
331880034 666788643 429712078
205274488 205274779 144768440
299270277 299270350 213754
767229509 767229891 248101656
520785519 520785902 691062835
71795893 71796077 375938336
908818892 908819166 720531608
186875399 214729685 261893493
627831439 752692391 766843679
787933365 787933576 915805052
745222805 745222875 878051943
357308793 906126785 101058023
491381703 491381948 278292462
338485624 459193271 969148954
668808143 668808359 480770323
559830420 559830672 905299201
850254339 930541736 848487582
785844232 785844589 64503137
443217825 443217904 900121258
259097101 259097501 702831627
56929798 56929980 468345636
115943394 115943743 417283340
825762507 849016672 331673658
703779934 703780416 616505109
224232221 512716751 19780562
836334667 928069535 951858387
227937848 227938338 936491463
224882304 481408446 754135955
12154893 12155072 334794250
92340065 92340249 126105664
433148308 512928328 192078414
654044740 868193548 148207433
658957129 658957401 659681624
568538968 568539398 732176828
196509670 380523485 415830016
678682699 678683109 211235116
691659393 910192278 262584734
276641245 849233476 956484495
567344 654508926 547381882
118968338 872694051 689670878
778573093 971940898 428511068
479946626 479946710 252511964
332791125 332791599 870576890
904866318 904866626 405396593
323932157 766689963 30061724
895602113 939006955 108554297
866602400 960352951 936483626
95010792 95011036 6299583
37533249 37533371 345849015
958324205 958324271 806834106
640296972 640297283 137164774
402438621 463169923 531797195
565741754 739680419 488587780
860680345 860680372 10330787
611454055 774164144 665095183
808424891 808425367 181357748
452476069 690447831 229968259
947381922 962547497 103113318
448013981 448014180 115347364
212791061 212791278 802353217
127289805 127290136 841756707
786327166 863258688 938517975
798286461 839096954 911485470
306067257 306067545 157005647
172167496 172167519 448096849
579151286 782697369 427622182
837464399 948333652 806939718
218840640 218840865 827775626
655898630 655898812 321783598
282969644 493253275 778552328
905207324 978521030 857070119
62279447 62279517 499494685
355035404 443752172 396608813
617555133 617555143 596275760
184102549 243635009 138753937
314509403 533159023 838494708
500340953 902205061 751808336
698772770 698773240 650079731
803948346 937235716 613654259
416050367 650307349 840001203
6592685 6593073 349989475
501224443 899799311 113998503
452127997 864798239 403401301
786574298 786574363 371694991
228954606 681134701 463220802
362595448 362595604 965123944
98506166 98506597 909191351
905837236 905837663 314772767
843143574 843143807 351825490
56288657 186043797 513276802
410114877 971190692 280450426
34140071 387809560 213813245
406796141 915579971 175645258
827550583 827551078 116171643
564157316 564157462 129628882
235227500 258548606 517069349
308966738 650675306 280286364
802705846 923107010 773666274
912572038 912572154 928869159
442094963 442095108 938452393
262817196 919190404 183343776
146886514 368921529 864471239
844029039 922885919 803579735
778451372 800698921 167785115
544950448 544950588 512684340
68634432 201140456 72113138
326365196 523702288 830283894
311211736 311211908 412534717
291906985 798167359 637452352
603002104 603002380 674535503
119470348 119470452 281124391
718579745 718580109 41368348
848281057 848281471 734046270
648621625 648621848 939308267
265824201 265824394 297615882
330042271 368413871 368654456
208523824 208524098 421495676
322371193 777811554 375706490
992491205 993158563 193009139
960027858 982045383 39792909
914635943 914636212 444233082
936231222 959337864 551325984
116870284 116870710 75072739
964259966 964260082 877398082
461477879 461478284 487550694
560804396 560804530 643432341
914855726 914855907 768412111
304757876 304758318 205291036
85347195 754019686 17672
743486060 881019516 295856139
111260866 111261362 214544289
610798273 734169106 593039518
336307327 527833398 553853020
649638974 649638977 413221581
645194516 867562746 251402735
787746581 787747035 916667805
114538138 119495849 208640383
896334453 896334938 340133831
176338435 491535827 650855262
532692735 532692967 991521952
460526836 460527324 59959322
746463463 914303406 714766994
212775668 347927130 547520421
871235245 871235402 350377950
794326075 794880990 499844684
306753239 381315756 443647271
518190373 518190563 606244066
258137922 949751554 115292021
710069415 785390220 749829946
873059392 892342968 358068195
924076232 924076358 33449024
81227949 81228062 278314636
201098789 914355933 106318015
661579739 836161259 154778545
406026441 973307890 119280116
680219051 680219329 4403890
704443459 704443604 25286901
432274501 938267103 747423144
972320183 976035550 643908910
633530533 633530961 508388209
104451626 104451994 558275072
375224404 375224586 859066508
272311608 293275264 959376974
445874850 445874947 345427548
73676223 915322622 632864301
142922238 714549162 527248339
854232981 854233462 262658793
427573617 816722159 93410053
191364981 363866045 926112752
149002490 309000110 410974647
858555155 858555398 604768826
179131748 766987790 371506855
112213249 112213746 120631390
687030526 792174201 627047007
27836952 27837264 598760236
219398521 219398765 943512566
409955499 927326921 306908565
216218069 229362314 8652426
648908681 648909047 957317226
390814163 390814596 36400878
489287066 489287108 259977845
793935829 834328040 484799277
235374139 235374581 259915391
567846875 791648084 15027865
742637824 950575779 782018380
188476045 368068127 226735971
331629684 331630006 140232209
122520700 122521161 922674991
799280946 839606245 500073286
797483980 978343922 919395723
211378319 564858482 272443394
500531956 500532104 259490674
472344823 825341325 585913123
605941858 663837521 6055035
353050381 353050439 295856794
200847960 877825657 205742313
253954296 594680001 832985649
906482778 906483014 316520850
19611964 19612394 141974188
994616563 996071142 75886561
237529675 237529932 599805983
889128072 920857495 123242348
517275681 698043335 50392945
846401977 937319080 547556436
211827881 925927720 169158516
613112971 613113468 955757065
897247152 930927588 34022086
226873213 226873403 326222464
30564553 30564956 965975262
154494493 917386168 355502281
175972788 175972809 719285124
59152060 531043055 327160677
160432568 160433029 305112068
256933506 437322598 482178716
708428766 802820860 758183928
412913024 412913494 549492061
186946544 186946848 944401525
61709185 61709411 205907053
483950951 483951429 294273618
884500178 940464207 149787130
290678959 290679340 169353414
806103025 936416144 552884602
36203319 478574690 606562642
864113100 993145414 125954299
488702737 599878565 213483642
595167398 595167461 479949188
252663051 252663156 559110187
195207705 405247849 747721828
817128280 820268102 257242537
533989382 548043138 230775796
550586546 550587002 804435424
133136591 655751659 945293775
883355760 893079235 104699874
145165954 145166123 65024860
816482666 890823482 845914702
142854346 142854613 165884428
474487256 515277153 685638916
74703338 705412684 883611143
761568422 919388393 798608629
708467313 850848023 105726995
299089138 299089205 61203037
617298129 949599907 522871776
506685588 506685937 732439454
844522019 844522504 226449438
182139028 182139329 783362721
541676048 812210786 210888056
810537466 810537657 930184858
245416748 245416893 267805833
427879343 427879804 1008485
796970018 847312305 802036984
143558335 594381580 41957572
660560158 840551110 125544491
982416514 991572852 833281032
623343072 784548627 183195901
841264426 946307179 557674641
756673893 756673957 513695878
89227244 446290870 502263850
210557564 214959469 931992155
691879910 691879943 373084674
848564900 954010830 175215531
967147364 967147677 439871549
44434015 949572344 141371890
35110481 639993719 919344712
99279784 99280116 638574873
649375503 708507919 552723080
47566830 47566924 830737098
78561366 78561444 177533969
645987094 663437728 266764098
563150468 844698553 336805379
623384362 683546776 826188524
89858190 89858269 402296369
970149747 985702144 782736168
814711400 814711451 98083655
804736453 845716664 348187498
899443649 899443790 267108477
609699156 609699310 409863534
40158332 40158400 316234950
648833374 648833828 180665846
73055489 915657534 290007669
258812265 471907471 856953235
753118272 753118492 689535711
313507277 671693509 932154480
223681605 579053580 66495637
839758789 839759028 10195302
335151072 335151193 263607344
497988055 880969477 526099156
591126074 591126372 780357913
970921284 970921566 563638349
964967663 964967794 302347283
116062914 733293855 822338945
879360023 879360169 355946205
875468357 875468547 859541636
260927234 260927419 698500913
201354682 201354737 763236648
794011941 794012294 721903008
702894682 702894872 744978389
470094141 567075999 242432217
963374537 963374870 759642628
92982964 92983198 520490226
816510899 816511133 563966751
651452480 651452673 258008158
787094278 920489113 316955683
789589920 890721467 913974321
304003131 929338699 676430212
798347196 813702348 398996968
797115198 797115662 891842346
826988564 826988875 237496638
393470850 393471261 596586403
276377150 758152053 220836446
691137546 691137858 748969629
559720573 943828304 233888147
996232771 996582368 447627881
181854599 181855089 408841549
497187485 924976277 262356668
185416543 185416701 780197597
79489889 79490256 608415037
76323875 76324232 90739987
436176382 436176874 605812015
878020133 880810893 23485587
16737513 457860393 542434510
875835684 908991318 565807259
477579833 717501702 762484205
326435988 326436203 807212391
196929663 889206399 856774754
725887063 725887202 591571087
869013176 884769616 120805655
973138445 988969341 612926686
65084994 65085133 20077531
702275417 982337700 281495760
996630691 996721683 598484821
89670493 996666769 508127544
930798745 930799119 959014543
978567957 978568420 827040326
268046926 268046958 91298091
258250064 258250523 744193498
648671311 874572605 946450086
448016769 448017076 14097302
382184415 382184902 61468978
970393009 970393198 693324793
555184621 625570467 775762924
80402110 80402373 909847023
953627645 953627697 829913272
31768682 31769033 116373859
797049881 797050373 300571461
410439529 621898655 738705802
365318259 365318715 420607674
797170158 942630266 651372540
938756349 938756817 637181750
721241335 842191028 354788238
368387340 664381758 136327635
141592159 141592434 720925545
291084263 410132368 126106462
737473095 737473316 653298965
21028050 21028187 222358106
870382834 897305339 532987584
683463188 683463479 29685498
43960700 219040959 565951748
323049870 962462094 525087052
55635596 55635783 75682769
612761211 612761301 865363577
44795719 44795864 390068447
116254836 373738768 253667277
453615633 653623510 135388182
209523863 485379158 6415572
517681923 517682321 248326454
345832837 556872447 510143862
220094594 850042513 694586812
109931436 109931590 41373934
580606077 580606488 281559427
643578924 741667061 47011447
810951901 810952257 515974635
537628234 803542244 54827543
128751676 140981405 129221757
753150913 843940449 191567367
357589773 840841059 12358732
582618852 582619209 598412654
906110923 967591668 850661834
838944153 932815455 342199639
118062618 118062793 963732035
682190491 736608702 695733261
386157182 386157230 231766682
247541503 247541905 653057170
980335238 980335590 438528646
325094349 325094782 799466822
599731830 599732249 128890494
441300297 441300648 839778500
814178489 971276605 641664313
68835968 68836001 71561575
226471301 226471408 65841915
453759653 518802844 90767909
807215055 807215529 598978230
163104234 163104269 806894903
236547229 236547443 900697916
288736578 869943565 302841668
471769457 471769560 578629902
874095301 935134519 439990938
885910657 899075878 946734427
202935820 485896843 270470872
434036726 434037007 949326114
303170902 373475727 561893502
437522123 437522619 164243894
119513730 119513918 195878077
745651229 745651699 502049187
843333329 946710491 267926741
45514883 765410185 591241233
229758421 607793607 621991
123634914 645951118 199014722
187677589 814268040 803983328
76466891 251731352 930239068
178635482 725864798 615049521
124984841 306491537 487556937
478854680 491882101 323452020
888665663 888666130 628099123
670298334 670298443 475706306
657919255 666785512 87721217
153248891 934612026 625765253
484436549 983140054 210050924
812759489 834195719 299079751
107971088 926307791 839758193
475872404 692360527 589432040
104086984 104087388 146469466
462557492 462557650 901221684
48019798 48019837 440655389
527106961 931901783 966179571
294262468 294262555 886541750
278510005 278510244 271089633
128217011 822838905 906633758
912967443 912967905 23504832
849979602 849979847 691835770
184265062 487750458 927232748
653535919 720781595 3283685
254566252 254566322 366523933
582888537 582888700 268633499
975916843 986759167 232714249
484566391 854811481 544660975
250973271 512937026 419902769
348278278 348278540 240709049
452484699 705558328 659505993
248964332 248964510 112297267
753180234 922648276 600761086
223900400 223900523 20545565
320604452 320604544 173325937
14243399 14243759 683366533
987077497 987077711 66591868
278485981 278486474 729458944
30516069 30516409 961063429
371534739 371534966 698932017
364188603 482950757 721453616
124182756 124182769 282352322
952048863 952049097 932687206
636512378 986499699 251624751
14527662 504103002 212699621
140559615 298162010 482683660
11964142 11964611 667766079
296263948 827985102 228525434
152156867 152157226 81607184
663392972 663393044 142369481
548736066 592306465 757324905
983099200 986908831 394549562
123240624 630816415 169551207
352209668 706424372 87697987
710464027 987484564 195691525
796606417 828125576 753438077
562811865 562812118 287217463
74373176 74373581 601117277
750169863 750169975 72869876
295352878 610083117 740684407
114064321 560650988 35844953
593485926 994947822 784820813
5257207 730031567 815161984
894176932 894177228 853410291
958355890 958356295 337477337
614040231 614040575 668210024
771725767 936762258 82765296
340460063 839044792 322985547
278299523 381044905 694459117
287554681 287554723 963552270
497017669 832650138 585294563
564072750 564073085 74261875
366892977 366893434 872931715
892495409 892495505 609186873
570014687 570014986 336093207
653725839 653725967 377038787
209380510 452728647 849750623
14941145 14941377 276236850
904882599 946966820 57928109
218889645 587066015 813564593
656906566 800206887 989439057
242730386 725811488 697923339
698485410 744342919 321457832
881093316 922606039 426280705
602292753 602293146 963926651
554833209 932759703 773858945
457187317 565401409 708846850
136072360 772596832 80788046
901136616 968086378 159077558
300030136 300030361 492389420
141600094 991797218 245321333
612233656 612234017 165458709
578584126 732940748 945023732
689104605 689104646 331888521
722429502 722429832 959103594
780644195 780644231 893893402
48161213 97272124 458930350
669921965 749952351 132828743
169480301 169480586 799902925
112612174 173246651 160396449
755517888 755518010 630628890
157844493 157844566 929134357
178401080 178401352 579490484
639291486 929112020 977992498
924941528 993538622 935401723
225921692 939494891 51198979
178628684 941770917 783126359
133943964 133944201 109912326
98638788 341857592 62077873
699818404 956363501 410453127
717106075 737002236 103459952
288760812 935996588 477136551
774183336 939634723 432127510
209877128 209877229 381362683
145456274 457206375 545180035
683929878 805118814 899915166
778802279 898004567 192795538
519861134 519861208 336506636
429589509 429589682 796885072
598275378 650133237 434140346
403380216 428533435 981030148
299041447 299041578 429615982
993719178 993719576 246729859
136407855 136408018 684921303
236392054 236392233 985136999
453818972 453819126 749633481
289993441 954431998 463900949
37268496 37268779 705463124
771503328 771503535 168851637
943402211 986312158 812580252
321192552 413687606 463468585
704121229 704121657 63271134
274342971 274343141 24505220
365468364 898638212 633052674
311118950 771742993 194930450
685271490 796110031 731378066
374627070 374627546 842989030
597018865 597018972 446193237
411321299 411321311 820056890
266923118 534021194 888449252
964066422 971023942 132744234
557393247 631360553 872234307
893230349 897872821 223996002
454179423 991417684 49901739
920913794 965938815 133173321
556050333 767315692 920201411
58487087 730138457 306689291
909659623 939692481 387961486
682360506 682360667 914680012
994148184 994148290 448946739
268228457 451367456 722914508
189811415 189811508 11627689
622658774 622658776 762184500
819684996 819685168 807668921
791186487 884492593 877351154
857336998 857337284 214015814
246400986 358373252 148409939
108517849 108517870 920626075
934520272 953750851 11079051
299482431 299482760 42108284
791449468 791449893 412506400
497593634 862735538 738599721
691214315 731973209 923961252
107604682 938760315 848297099
21911420 956107190 916157260
160234637 751794854 836432436
27697437 27697772 148592137
832649177 904126645 958100237
243527890 243528268 453293369
713677199 751546352 155977382
636277740 636277963 217892817
86382181 86382587 930268256
301576050 460585362 526548404
747200674 890577443 427240918
149119124 149119205 816257092
100962546 100962649 833411130
112381064 339965133 988969902
142320026 278522768 987612871
66381702 66381920 878875051
776809001 846346472 51579049
296015923 584196712 118386672
239459904 854532034 7857010
590551539 590551718 995747279
906489357 906489471 745382330
471679210 471679284 929511542
422980392 897349257 802900317
127884917 127885131 867692453
285001602 943164751 36978871
212919370 212919440 982348742
183618320 183618364 174122592
593150783 593150891 508038264
424871685 978548141 131623319
36235848 36236183 649216757
208009822 632069098 311064951
433893237 433893603 739787731
603813672 862295125 521173242
19773447 19773571 914368952
584027320 584027408 107634427
147066607 147066633 359711947
136550399 136550542 587309218
450364596 867574251 501019017
760697706 760697749 704711016
906252616 946716905 296975902
328324244 328324656 336000933
455750462 727253875 952288789
564554409 831780042 543793489
752725561 807170493 4827757
750947823 967312177 717059115
108585182 108585523 249437132
940794570 975320206 716283430
465677201 752878009 932238994
996375524 996810945 760494151
829660956 829661408 478540577
30254988 847411286 242457727
86909075 86909226 710285035
996196847 996398969 519422851
256645175 256645583 377731616
759664969 882361758 826773515
740188504 842576335 719336559
436074127 436074616 299954954
960277758 990348823 32604088
813517513 941371757 488970650
25488460 127719210 972819146
864612154 864612158 854154558
744245883 967043788 620879376
82138687 82138947 776132136
356194799 356195111 124716733
887383911 887384081 709714487
979977985 996244626 138472115
983613256 983613579 256899789
627519356 627519831 187593383
962853789 986169278 938292675
970273186 991933709 456942256
149854219 149854682 425105860
939552598 939552965 672121468
760492407 760492448 491428215
483203488 835277419 289005756
124509113 553262543 766605833
673924875 895658664 887290714
475177127 819592250 567848154
693276291 955775123 903368383
150596996 150597418 827499436
202060175 202060538 720824766
507160866 507161247 763186213
788292802 788292858 908124141
559954700 863596652 437905678
453134754 453134927 232228622
787685272 787685697 541776218
113966818 147637474 651248622
9592869 164060788 187341555
829838704 959191516 88252821
919563556 958829265 259180759
405120827 405121230 358232339
86553097 805285858 970813348
74006215 638556671 176655599
736641450 736641910 111033080
249388258 913470497 632113192
671988242 794433082 883011413
681656061 795208776 431872105
118859132 118859542 18467168
147065897 147066374 287027898
454067675 462841983 469414753
863528861 925246533 169199296
556737282 683826681 333116274
132726928 132726970 569714429
775240684 775240718 195787296
657161798 758530924 384482485
844212684 844213048 183946999
422019238 422019315 820592628
374329767 722464487 48971785
258302427 720517089 908559020
600640279 600640287 280806091
537495542 537495814 876763942
