251
276868776 382929288 562623727
130749275 130749305 267344510
937073103 937073461 601547115
468415683 468415765 254797412
752561483 873057600 985956383
579476948 579477000 58988161
831788607 886381641 430222337
233754506 913853173 227613145
590704555 667941375 858203618
875044492 875044889 731457018
72466353 72466493 141104717
436367610 669173505 69420066
166450562 166451041 491577481
613871941 613871951 148824890
168617051 168617108 396745082
489608860 489608900 323939074
600228192 600228461 133196481
559848190 559848667 660751144
281991166 281991575 493263126
500082141 500082255 818683376
308015180 981965300 184028764
303887004 738171744 348866461
917962593 980456729 366533447
503805118 534308331 187984351
179253587 179253702 721822229
720391694 841879799 713404875
879430217 903898000 7015383
549292085 923891061 641291875
842215707 842215833 760197383
714266783 886227966 831078313
794249430 989785858 632180799
915690423 915690461 975471777
139425170 472545859 288798254
854678022 894752097 100063892
46601354 46601557 493693560
134395761 821902038 236566558
434257976 741520424 133560945
105301882 725355671 414211844
205687176 205687399 889452373
249989670 527947680 354336425
963122140 963122288 210922905
75441930 317673575 469155869
36106040 404137455 616949653
37102758 241802246 815152229
657497418 850352316 396090335
590157732 590157985 939174639
578737040 578737445 525939889
186440288 186440562 966645899
816770914 890252463 803736941
20780636 20780664 743744784
43046791 191301760 454041705
331310161 804086604 804188561
320037947 504928052 52849701
76847058 313365170 457122202
759847785 759848209 827106723
173482043 173482472 294239289
311822812 311822866 636584751
472603102 819642906 271501960
470585573 470585968 621785529
104783536 104783811 645100863
192085381 192085805 505902778
163480337 956291563 992265475
690806973 826036516 528729704
676169657 744718316 276788121
377235778 377235836 964279433
611841591 969202334 710267518
606190724 748686090 100995456
358005846 358006043 365584611
163007942 863193372 265417811
664769701 789417815 392534401
407652156 407652309 744646005
154287363 909803944 208977382
137069119 137069139 564230317
432867656 432867678 950436640
150482134 150482434 730116164
660080630 712060200 723521367
973130503 973130847 953980151
47143352 936977777 34097089
719040306 719040516 349605283
214031298 258700831 284310956
267220456 869765278 959044414
468167652 553531622 77468604
97625173 413647889 862542254
586656633 957805921 231135795
324564179 324564653 736979442
67081104 769541386 418995683
754045958 754046049 477714254
165030676 697746929 32113641
51679731 327164147 974362993
306867360 306867384 602640044
697905995 857965888 641231519
969677167 969677454 782074090
311866826 311866873 389012691
698729136 698729274 617344697
771177972 933097349 509683025
981118867 981118883 487505942
624595711 722146859 357561839
207367407 207367472 989618526
608731899 608732210 755955486
845842880 845843239 61056241
33821978 33822192 177324057
740628312 875224802 502913234
380414351 380414514 296584571
483002383 483002440 313849453
706126663 718918797 763273333
970794758 970794961 808606719
564240621 564240880 815350394
146580713 722647737 718674183
729792457 729792547 495618472
939931219 979123962 659834191
47464879 47465015 947864552
13069049 203134705 696177184
599902228 599902533 326838686
925574262 925574514 517415413
638721952 872276223 52467989
595432190 692181208 318567671
255011065 505479647 831527240
29493522 29494021 713471314
697050991 879081473 458069486
155422959 155423107 537345194
551301508 554759233 377781470
63680829 699245573 753742979
2119325 2119732 5797730
367190949 367191327 877885787
246907015 985604928 375081663
330833540 558462319 867206774
687570682 784947161 818251117
333032873 521499800 936540612
240964245 240964371 984054475
468165105 599954145 426837451
89405762 492115098 137893259
929653619 929653806 882734816
691606882 825933867 292260989
654473357 774003465 227582265
351934476 351934504 494520402
736826115 816059277 986157134
930756823 965173978 736352701
559385635 767214263 844493805
247997521 247997916 160564262
219617836 785526427 281920761
805345523 917667420 805012323
475353238 911603512 471127811
6785764 860728606 712475898
411826883 467097244 456977850
758030426 758030643 909394887
388618334 388618523 336514064
840284456 842048058 897999779
519812487 519812840 791696828
952664882 952664987 299224421
861051786 913698380 287170224
710304851 710305329 305904905
118870571 483601955 912113921
87751891 87751903 254539484
726500248 805898678 280609638
175499869 175500175 653899888
64671593 92670409 387208029
316052939 316053340 563211773
307410975 308723006 430427175
947580439 960974096 17436474
444173001 444173082 529030761
957954799 957954800 226070348
819198198 966575274 491028465
572936987 622499740 564475872
863566880 993605744 79648107
205636064 541362459 599845829
330116579 330116674 333298506
199614717 199614869 885071193
565268229 565268634 981303673
581358495 788057949 188688682
365173697 673325146 76912823
838305114 994417524 902406349
490896107 676646809 150475661
700951570 785670124 631612185
383539974 383540326 380453441
138237842 180918157 195262442
101247557 101247829 471789028
228350123 491398577 39707173
692652635 692653072 294143781
255648463 255648901 670483009
714328275 714328693 374252687
969610394 969610454 127338306
558247349 695314517 149882305
22405686 115424676 943352074
13253315 899567205 287945991
2933249 284428697 457721759
517388422 803095618 154690563
373083435 373083635 813888778
824847946 824848419 344262419
741892496 933103492 180790194
285303843 285303969 433233498
592094955 954822411 340186007
38252207 38252456 706754783
892226338 931600372 256618952
965632853 976053286 313570501
915000995 915001300 876375833
824870750 824871205 970505819
444236183 949671248 741512589
137888747 393859678 901255788
131101819 131102115 660212070
153395741 829945589 507919337
600995842 715335155 42092333
140637167 885777413 805872412
560112939 733950452 168036364
730486448 730486589 264612024
426795515 981842990 838039365
458609939 929548619 624589709
190140713 329317044 614113416
388982717 388982730 790016250
576945985 605985927 768772784
691955283 691955301 123435286
752448537 752448610 657065835
398564579 904377273 637414131
245297096 245297568 79540896
275469803 719798369 374299596
557993153 677111678 985948041
713067493 768985118 158889700
247194347 425573792 910103406
270245004 327598637 281514188
23396072 23396432 491930718
89957019 89957205 493424545
976383644 976384100 479984372
680982407 680982742 343074957
901737549 901737830 59754119
130972108 142789028 942387819
577287585 611756705 629125012
939594744 939595023 15413287
253424789 253424849 575696768
76552444 76552501 447374503
544668727 544668857 768674327
151395041 151395364 655659177
823283680 970109492 955230552
226482121 698755977 171068711
461346880 461346905 956973696
280934470 880584504 482416427
241716429 241716688 212144985
566820156 566820177 527876829
225253046 317427494 143609996
959057109 959057221 371100382
473415212 611553143 322250892
77845280 77845654 677930680
43633318 260057713 60219238
132206801 132207270 951881602
796995495 796995778 11736705
784152064 889862161 657461494
516487694 516488089 422300838
685141275 685141698 781841929
654545637 654546054 602407643
22459236 22459563 391649606
154818736 956112523 876530764
937212037 990637666 254932860
244414356 249476869 567026712
