586
794629875 957726695 531227591
435798146 435798228 516177203
273862826 859993519 119321353
380903584 469296626 920014282
294992165 294992341 637981528
156299572 156299786 177953848
774446076 774446485 34942005
852967316 962338765 464515535
925697893 972412370 464788352
628765543 628765587 43277094
804011765 804012048 428410895
759902448 921137668 13426389
445829877 445830118 454432845
417189344 417189683 996640851
184636831 184637300 613490964
525118897 525119058 938778204
468218781 468218821 218837565
780730839 857757468 635487956
592081037 843751041 257488279
208251848 208251888 95371960
243478318 938371636 371762468
906057514 906057689 107923870
883892720 967526246 769084407
601809324 739761992 9060831
45518440 45518799 856631439
912001986 912002091 689428324
800203607 910041256 496502383
177524007 177524017 624076433
864141668 864142000 449575169
213855259 496245112 530929890
712556255 712556526 195763110
255660617 255661056 250763247
599285019 772630714 237371531
845390862 845390967 108703156
692965248 692965557 713055628
547310069 706535100 291629870
641959820 641960194 875318492
277842274 277842703 353543253
379111895 379112080 695229723
945753278 945753567 640312075
116110734 116110909 176931223
388945872 388946319 113943271
793844033 982306727 20765697
544223785 544224081 689015160
9391820 9392250 114747555
496915711 930756438 3623250
244129608 823257181 770128266
346525380 346525397 40894150
244688766 244689098 344010223
416603151 416603254 228630131
751126358 751126563 829432994
245534939 553223683 241315507
708951815 708951837 443926376
342688283 690637131 814007867
10744463 378465816 615046394
211759721 940164897 672117683
621556987 744284641 773169262
802989891 894325934 3499339
11120332 11120729 672362020
953338856 953339011 2743885
885945486 970252791 418038099
711977376 711977874 858890013
794512157 794512348 15403212
220683743 452886310 327058391
481806213 679128776 458504828
121010701 732696420 213563781
454780442 960429718 641396840
324651452 665106708 745893812
160353128 160353626 278094398
871389567 871389847 66552257
94264027 542864003 61604519
279702064 641623512 988324366
181353365 886685715 174616268
362868231 702175377 289062010
299816296 754246781 936892276
269161126 269161549 492542051
20155746 904473823 440013076
115357152 378549900 970608342
640461046 640461448 232751925
71766945 919418193 653965102
354053528 354054021 684015767
963954454 963954849 183508116
583265289 681193465 666478523
500239781 500240182 711984844
224224890 226972584 736483415
264004444 616975038 190923619
261153025 850318935 909204796
549533238 687233285 76747607
482194652 561955935 816014594
448976453 448976530 837850954
766953876 917961125 670513249
52754547 52754911 188418746
647169113 647169574 291255520
818428234 818428551 657310085
918155130 967486203 626225687
953116770 953902017 296229369
594333100 749740295 335631542
436818406 786216554 950139569
83038053 98955231 707780470
339413475 960444269 38807156
297653682 297653964 137670975
328705752 891590949 641657390
511171060 575654006 727929523
327410005 969305848 502141447
554778816 636253902 651110730
958756743 958756895 34495418
737873080 954248568 70194586
498174873 703821629 488784361
209390153 209390296 77413781
708889238 885441361 100812801
116837521 332342421 27796776
824896700 928566851 566255358
712594870 957270685 513920213
911128806 911129001 800052973
258578533 743284827 603022425
477793517 508314578 295153456
586279759 586279955 11938756
221144436 842940030 722664250
351092975 351093332 62514006
598239012 598239130 834539899
118826649 249864674 381962076
653176470 653176913 141818860
268193062 268193288 864596871
124264798 252783526 873970465
772361411 807057945 546263069
885126248 885126317 667097111
165181923 165182394 164878307
898702948 964557092 681780455
693423882 693424314 981673822
721917435 946588005 226638309
795221280 795221385 438993025
250685313 250685480 698670653
920457701 972916039 869600151
235578912 317831850 11603002
656093023 656093085 415734451
393831151 816483139 499907681
355949034 355949394 430735284
50147871 359037944 756470699
964291920 964292091 2061500
845980293 845980780 772142958
762450180 762450370 626094561
809347386 809347854 886595598
977132363 986895481 639836635
219817781 894192009 958401233
131550387 198489079 397315867
155317285 155317697 871195515
611987794 611988128 468890958
237851856 435662575 890769496
948727127 948727321 150043727
715535433 721973099 134081874
477459447 675326452 933790611
102658321 576116390 795413473
693747630 693747923 580389202
968373696 981091749 309985195
144139415 144139622 106876496
521309160 521309317 65143247
535571223 861736708 82910162
813547682 975805223 117888238
462509505 490382888 462626930
374560971 656273098 862576030
708774420 708774439 372748961
121538274 121538744 572734781
454089142 454089482 707578364
422584615 422584817 992998182
40518866 40519015 178364643
456185760 625973309 856299761
508075779 508076060 965385624
375897696 456488755 607027537
140693048 140693167 749714536
297802123 297802597 832928625
873195296 873195623 129481697
363183647 363183893 994093439
879281462 879281578 85150651
106329301 127794573 840947404
84573085 898240263 424893371
781180287 781180657 893583060
153976729 153976981 996089528
713132344 713132487 863106340
877793883 877793888 127456344
366386530 641754798 234128318
939301081 939301132 34611703
545946609 545946884 679297240
249014778 249015075 577527174
989344295 989344377 360373329
727223534 975406524 617722262
505185482 925575865 920917570
19766921 967714432 637826239
907814187 993410065 25379200
9321174 738806436 981264898
102044597 589992105 350137542
576405475 576405598 628814392
89792 741386910 605082095
773367876 951320899 192834760
900748325 900748803 354677346
521663628 522444643 314246967
638337534 889900235 6340902
382085877 382086148 893345034
217447993 217448335 102330079
748283561 748283832 549435850
6991638 6992120 823433599
769796200 775515240 791646758
68042981 974942351 683080103
628287575 628287723 386955678
431012520 704471544 569792765
24337283 24337660 121838261
326008287 326008331 874086529
470856591 470856647 954376465
494143484 832556937 255677466
107030699 154980252 907359246
623232370 623232559 464645458
711277359 711277403 284586308
686310407 686310481 79657063
135701241 135701494 995789194
286300788 286300838 60961318
64480820 248436592 615919267
200600673 238160253 690873442
642024368 642024669 719934571
624783220 624783465 221747254
220871843 309510207 467032778
183895426 984840872 231122448
232211372 387029199 981768045
525855452 736882556 922971094
397152773 724198641 406390973
252972097 252972110 254660557
71263045 71263455 702489081
114119554 369948351 79172095
701087288 701087438 832194279
138154447 662213026 695600207
731633452 731633753 14310885
630071305 630071622 785151542
381030996 914194878 412774649
84210148 84210204 377806945
795817865 795817894 283380548
562820988 925051906 629790314
712756264 858055812 64925350
838772191 838772468 207594140
805675414 874390184 726372352
784425026 909400795 72182930
83113065 538071590 792379173
145245015 145245455 483674718
943129590 943129689 545506840
660271144 829313117 61247161
47426771 223976744 572659843
478548473 948474719 916247849
35135985 161905585 762351073
456204732 456205099 500226887
737318115 777027001 609015295
456435563 456435995 986967823
260326263 467577426 456461133
783113991 985884906 136853184
650194715 753744116 506011163
587081297 587081320 557000769
694323610 694323641 640903710
940803107 940803220 690433132
413391602 815794662 506531482
561136264 654391944 811847949
122729060 122729086 944360001
878434131 908535578 568843789
830457430 883386851 93898851
761732837 761732977 819195900
548831641 893272669 286855556
849641184 849641464 382991707
612897161 612897354 305745805
158552217 158552241 198860639
460410112 460410189 765104030
20521151 20521304 915381013
452202012 452202498 180400363
554339578 659467716 51069367
951921425 983471122 4044225
19512675 19512756 606699139
137254093 137254158 686210357
940181194 940181370 904924550
906833078 906833217 338678893
165345915 165346295 983624843
597460140 965212963 758416130
952628030 952628480 510236859
346216589 346216790 716429243
942291161 979864998 62364
364052038 364052194 960131728
903197573 927707682 270864326
883955416 883955515 53159933
633120372 861941296 455101109
390580468 390580849 800549116
957236045 957236102 63460331
579763949 643906037 716804185
354336326 450221548 102973215
935616218 963856450 816162950
389522338 541190811 669431766
917065977 982475158 306454779
106280449 106280848 910732820
283971166 283971275 151288062
317579418 317579456 495434032
760820578 869698395 54774698
370777113 728405114 718785787
754367529 886365247 467865554
112023319 611565837 246239806
310486494 310486910 309073411
760687613 810660329 410553383
537541455 644420349 59005749
856430216 856430378 338279617
616031456 903373514 119468878
465036162 465036185 645943219
57348965 446192079 610007173
744092445 876335127 180253337
715107565 909407589 665914510
111343063 921954316 847147021
216328957 216329122 113124221
210497934 210498388 647219033
681817698 681818038 345158759
238590669 238590954 481458425
204833301 204833641 163604317
391256051 571100310 154709232
559497820 559497920 724341748
56056236 56056705 219186978
450910986 450911421 262753563
911180497 911180728 204543964
820886685 820887023 402289579
321504323 321504461 426989464
211941043 866158885 816072785
72596744 140966839 883242188
895401188 895401391 643941675
382496523 382496667 276262495
222624885 222625254 223954406
975523779 990066502 241964442
971476362 971476388 242085029
971133279 988775931 58237473
976195191 976195686 757455991
521224291 521224475 245569042
588881085 588881136 41054037
586456942 638593518 90875628
623869276 623869503 266195284
463329794 463330039 954313852
829347536 829347706 760561651
263721135 352528642 976019369
775046579 848568673 288135272
97490957 358828354 234350746
479492459 479492492 843447442
270896228 270896396 791041932
306912439 967102473 390730721
889130691 889131117 35566083
984025140 995990005 897852024
927949345 927949495 605788036
510059189 510059426 963497787
213650721 213650956 239235264
960144844 960145024 20891797
283724658 961792470 192654344
704091758 898307766 940859388
16659756 16660098 425713209
765344367 765344802 228971290
280851906 372265202 469573257
812270586 984175273 759687699
27683458 770690657 761538396
392782513 392782627 516734219
936472559 963896522 377129033
687086558 687087051 475966421
397083602 646051496 739488900
633563280 864432340 108159904
403884036 403884303 313831158
843140542 914849813 720689226
627152283 903591683 65512853
121613760 121613917 18628017
201393715 738172055 768382751
130791943 130791968 638710736
625913456 625913869 672107948
53462606 975259173 405268838
258097874 258098204 245214964
548699705 927439921 381979585
632242094 964534688 340134451
123756390 892591211 419998561
673983945 975657008 582024693
787214234 787214645 85642475
758711984 981987360 678130115
726501100 832253879 787201220
189469494 423174384 194360994
583735674 583736133 84347632
457583306 986291138 794622594
215496183 814666665 158544197
68003830 402833052 297896043
22622800 970918432 74463301
614151681 637020377 695647781
125475926 125476357 62678877
885827456 885827895 38253558
403625684 774033267 333929958
865343720 865343824 368354987
283175534 327528423 119901696
48262081 672202293 381429609
640031975 640032257 73160737
952227613 980197503 570734370
548539521 548539871 932363375
100016276 100016675 653968424
982335286 988745723 53870398
668968937 668969092 338656993
275262184 275262582 588555054
257167243 882894045 344238291
15338019 15338247 176007112
857620958 857621295 936353228
172914910 172915227 441171800
154429148 154429193 31834999
324158047 561863632 809463215
304603382 304603724 32886875
454970665 454970746 450445066
137445087 369088208 288354562
462853311 964317436 667057510
75674902 75675187 172005772
415815741 521157847 444458359
131105709 131106056 993066063
527748636 527748718 299464517
811828372 811828757 101396443
445741266 445741743 483709511
439421936 881804424 40707359
736885621 736886101 430805978
12303822 12304265 6010256
24627989 24628365 483656949
84949742 84950036 385960581
63298248 227890772 397380080
81099157 81099608 790606112
372273435 695477384 280173177
634608075 872408904 27762862
837147627 966426093 333864369
826322262 826322414 600796397
796899581 796899900 749038324
836188661 836188798 145825148
653919373 653919634 260795362
578626774 732971746 567611745
122265257 122265617 220330421
688491046 837536454 259768532
366857226 647565859 582880916
819813588 848900119 582437587
853873677 853873787 766347524
621425823 924672704 87632022
205511899 551602129 531180857
594849765 742196875 178690534
390122720 659087532 17522220
972509142 982363213 175286475
577972237 577972679 472930395
127987375 539305001 464481554
696475087 855908964 210990799
715411617 933017623 810705956
280127368 280127664 94689046
492036686 492036815 931145152
949819364 989162893 595967352
898968229 950885331 379711339
649691285 649691528 879742101
938746122 969465124 882666977
379281298 379281714 791898148
673748819 673749003 894244518
836809047 911571243 483008642
323761745 323761829 912398536
377906570 377906978 231436380
151658115 151658227 902548533
172607232 552155622 491469373
529754175 529754293 90951389
68128599 68128658 946058214
482642132 482642625 290503492
538521583 817710413 449310008
722744708 722744971 510815523
443164083 847338309 117743404
157611419 157611458 304262957
24093451 24093702 620045913
628479549 888962867 300907672
709724005 752404964 630064804
625828988 625829230 842764128
825720002 825720273 966057283
196791010 196791335 531771603
112351775 112352015 803618882
448988115 448988314 888540683
792941165 805205534 542361235
354421712 913060181 894693483
228472114 228472187 359739064
18699704 18699899 630501990
457813386 457813467 173077784
902387945 902388401 72480941
253974840 418879945 501404712
418412664 483641330 779989638
358562325 358562346 842569013
175651406 175651636 991859526
220563116 402882026 605554617
374591774 374592077 975731953
646254011 936879402 720004552
168751222 168751712 984828113
457191174 457191437 486393104
212412449 361413921 964149200
935403173 935403508 141277860
968105711 968106063 348232802
192990348 666633665 668823603
729018203 729018292 323655429
132408011 132408131 859241217
510629709 510630173 295083057
207929468 897104383 963328793
719537694 719537765 189679271
339203462 516499619 30020391
71276925 668650625 724322026
469191413 469191583 238665761
708812947 708813179 768741496
907499632 955565454 635217793
588636616 588636983 11067565
455809530 503519028 720437546
135736516 407357769 539510703
168515502 168515613 5651074
916073750 921301904 27775297
382022325 382022435 232545383
939248406 945011482 800372194
961659483 978382434 243166983
189062532 634568735 312283240
263008069 263008330 648741394
824242547 957526505 498947488
53615789 193638334 367429516
541147139 541147177 741345519
735404494 735404910 17881742
605326728 976430263 805173333
217682363 217682470 371012591
318054495 394441865 226989438
207423704 207424016 324812068
404933293 906186013 141205245
266361941 266362103 786531206
267066565 267066980 861621135
297279972 297279997 296256253
293090407 293090459 155822245
245878826 245879042 833621191
520105701 706406131 490213541
100637065 940712269 442083900
329870894 329870899 799653354
116608752 842636133 967329066
788153921 814833899 752895200
591203810 591203812 47689983
199789702 199789748 440388910
488360448 488360480 729419037
934792379 934792759 335884969
906455583 906455902 803115466
885135377 953475521 76185027
211403354 515326635 872737599
983253356 994031869 410896095
480677295 480677787 97159258
278792979 929628718 49487718
260550586 260550688 161495278
894316681 918771672 304548975
271621009 836200875 246485937
764792670 886362298 434866947
185324724 185324870 28783468
587116541 902285560 64708765
435661432 904850144 505053187
254281376 254281584 415041570
243616273 696958485 185960342
564442714 564442761 854732331
58318062 714627846 148951181
637551 987592425 52410033
130200281 212579378 375250357
530300940 554306829 570724122
467238278 467238648 620002071
807923505 807923906 428867543
56420878 818168273 282305029
94934613 537380648 921201029
617811091 617811431 908101487
22099469 199652531 579955034
337929589 337929927 331148407
508234598 742154310 352878904
229234922 229235384 299859764
111505266 825294036 379742902
773304617 773304922 545317048
414304627 416791344 224800950
611104346 991661105 743577607
23347814 23347922 183919623
966391110 996222152 906278306
313131311 406146904 549733156
626388746 687311187 770051532
148562000 785391710 242129899
203512707 203513127 407029137
651711234 754359829 258063919
407796090 407796246 911653192
253280376 253280736 275712165
468475830 719309780 874721109
144957409 144957644 625021179
345977099 345977428 725375934
718431079 808968645 617384206
136827123 261192457 134534179
303186544 303186970 3265617
271617329 271617753 253069389
254359177 321544089 617539506
111410343 111410359 604417704
990036665 994432265 90735190
314500762 314500779 707471316
994844999 994845154 221111840
219776646 649299855 511645367
620373826 620373844 46376882
460609518 650942430 672838738
285833114 285833236 617396781
