232
96473059 96473248 802000844
70901468 952137909 395804351
293282485 293282937 428317197
153737743 960940198 882809090
98434428 98434609 608454360
573992880 573992900 586174265
17035319 17035552 971655327
257408682 570992626 875226157
253818793 552516918 978979107
202186307 202186604 966210468
844652568 844652806 946952537
655946783 655946807 370767111
391157584 962692744 939747919
78502804 78503106 8614789
982698426 982698755 221601122
326780156 595183122 330457814
132642474 769870959 632698391
683702640 867799130 622314341
930068609 930068952 122022794
953854567 967875179 169442467
442295322 677067525 176214403
775051109 857178487 184081611
563124127 796194578 718606847
132099144 204057344 292865662
336229904 441609840 125107292
706133659 706133763 182946099
18607630 18608024 765775988
498957192 498957240 124573104
477228300 934832566 586213604
214841669 214841820 297724897
564595424 564595755 569593381
391786551 391786996 385754073
380378705 860643228 508753253
937814283 940147277 705262981
46533701 484688188 821890011
517806056 947743376 615788759
583860226 989128094 610954279
168623070 951376117 497226980
967459862 967460221 745032759
383374668 383374932 850044596
800678071 905507175 346112629
455608006 455608270 334827486
402332907 968834798 106303914
548595547 977237014 808163015
433216719 820889367 252063651
967515824 984441058 8082858
58636231 860002564 146926086
676486391 676486514 541576671
369708594 905264607 537691077
486548450 899779783 336413906
533721136 533721334 492182341
265450148 265450255 223310993
753408399 827719494 554853138
944205211 950083736 751974945
52030290 976718865 992708689
763236062 861324701 398732074
504018299 504018740 92414783
850141005 983505902 149191702
437729469 437729905 292067635
176117731 176118217 962946418
256822968 642247927 840727123
959540635 994352485 231483145
278027251 714602323 138118781
118023963 233549074 383180823
428272291 629984278 401718069
792305866 797615171 281409306
23518140 969276375 14010602
530708605 530709056 808480605
68854581 68854860 600743757
361613650 522777800 304482866
239392391 239392488 162951968
972776561 972776604 777218296
80947949 248028480 63810556
393349228 393349231 109930380
568461560 716499541 851785074
950583841 992347344 967088056
895718287 943020115 467776938
8678384 515496362 487340712
575306240 575306465 264004184
525125352 525125489 510276149
539061698 951465866 762376562
192007111 192007472 924966060
153970724 207408838 500608600
991095850 992881774 77069312
880981029 979538182 880078813
600671189 600671389 138300112
467606615 467607036 503910687
186752693 186752847 909209448
725159229 983200033 205857921
22204712 22204953 956625959
657234866 657234926 887832149
462007622 678222341 138207350
731426524 731426528 482450193
481383898 732149852 418107131
27855574 27855793 304551620
258973032 258973117 532382727
140574608 544774405 179627924
982915174 985785712 190225628
372220022 372220204 513617650
376709772 965749878 633967505
153673690 900453890 696435776
821360231 821360485 713482999
293622834 293622923 326215847
715130537 715130887 160661856
204504315 204504745 459006900
219044190 977551874 490487669
114391281 114391406 1471546
280644984 280645009 229798845
385076641 385076945 118951589
438185481 438185687 4160151
552565691 936433053 409798211
399783514 399783814 662497522
984682982 995323520 676634153
342437021 342437261 285705880
552035605 603108889 505422905
823882250 979452816 405812088
330810407 330810703 18665366
417541303 518429656 841845145
794203737 890453912 652098641
367070125 367070337 810258515
791539006 791539107 48708421
5077642 722560069 153499107
406030232 962295855 5717841
157357497 157357996 6668708
991870800 995286143 191999180
107296367 107296779 794320275
212400035 553502058 179026033
147528514 732337899 722634905
196133674 196133730 870404744
769980316 911128315 42399294
540574156 540574327 985666472
176230296 825608938 415214650
925201488 948633141 493004321
787545287 959332905 246643451
347533596 887936592 310285863
872189258 966568287 487114919
662502627 802572023 648573426
184502829 249094787 340504761
206391505 206391701 65558024
177783567 302988930 273407389
327594592 327594666 660109933
863078693 934447220 12362785
619475175 883000647 604764068
513375840 746022631 120591326
266383478 910857136 843424542
359759698 362816088 299700011
860719725 897188745 796091414
404907610 404907899 98371291
179941289 318790981 616047775
335848138 335848583 129417033
812259167 812259641 857158944
330032343 789232988 857651677
670053014 817103359 691274845
131444933 341681141 82663741
687322452 687322838 52272291
418441026 418441201 406159999
88870903 469588152 326170995
635993229 635993352 674815280
953885056 961973389 343230329
42734044 42734190 43567804
32110877 32111188 973167888
303273249 303273492 105075079
896649386 896649862 429721629
218968316 218968518 771762950
246388644 246388945 982982332
592349330 689037651 589001393
173684053 220498261 562747471
408068709 408068984 204464008
492961691 576329571 459448926
889823922 899642185 447752252
304015588 951305677 362395025
137287319 210842197 679448606
953408222 953408352 161327535
489409599 489409618 40269715
265873349 265873819 151950464
819041456 899951566 695174635
822548138 996775154 287357378
953971347 955193358 243183178
449036289 449036624 152066514
471353676 907347232 967981653
458269681 458270142 265369219
768268208 768268542 792644343
240778461 240778961 396443024
533101518 533101952 690532147
144264914 156564680 861069897
755547545 755547609 945976645
80543302 119577165 178545630
13042899 360489229 573706502
45957009 45957154 357735496
69476040 69476310 105887952
711594538 860472531 42191847
474312436 474312722 911834431
767253552 767253558 368466427
544849441 972030588 285673041
831750890 831751358 660599224
181712880 181713370 370692367
705699491 957900576 994921175
975395448 975395496 937074402
683643589 723489904 471377757
832040601 832040890 310704115
381668601 439460518 589269734
17591948 17592216 771470625
194494050 416527922 751027037
643200269 643200287 242116030
115352607 414983041 709157057
100537940 100538365 697674731
549635422 718159227 503830978
827119662 827119711 820828871
213517001 865666219 179637342
470781609 470781869 684005089
352488164 352488568 448277967
116682544 116682756 929559582
55947662 55948000 392806632
731284226 731284359 670006254
228992195 228992350 666715991
862903559 862903966 174067900
492459889 492459968 438132509
59358810 59359250 320174496
545396886 910451420 57461646
200910742 996817259 791734806
601592591 870695964 70967036
888662621 888662871 72097192
301580142 509507939 685392841
313002788 788113351 685865514
13490380 73062632 153249947
647056781 946877168 148937309
574009028 872208915 405202176
448771159 448771623 570551968
378719328 378719365 932953320
731339455 731339674 631765792
677118357 677118627 78132664
142524450 142524740 102353217
