76
793079106 793079304 137364136
338892300 338892337 461933094
910910935 910911072 43537237
846500615 905157654 271682662
320838715 732450831 272341365
848312931 862203899 246464889
371386783 371387170 133379534
674087196 674087608 909439959
450345069 450345308 277886769
74570154 74570638 78712817
54966523 54966813 628822009
125579743 125579842 545158041
295634288 562258004 160905407
834155597 834155822 151714382
960772483 960772676 852195584
461629855 957341044 406320325
939428750 966357985 791032421
605399653 672066874 66480013
86834873 984125808 842344964
127380690 339979975 841745219
562309632 562309723 68676195
241374213 680605079 213150316
776116632 901938361 823010358
938381960 959499104 628217823
680671309 964885812 74272106
550836520 699645975 468207559
710435448 710435474 419992074
255184838 949261881 841178899
928523220 928523309 540286418
826030571 826031055 703142264
236774431 236774736 606225316
712848922 745284668 284039397
245347623 245347754 863066741
645791186 645791525 373398008
489987829 489988114 380126916
392200169 392200239 350418771
46064072 296784621 452632458
925486895 959288926 967859672
583079516 620436691 297626183
611500132 611500562 659102699
283874734 283875107 746401543
363586673 363587091 80006854
291044144 317026805 684208183
294102652 384727145 412877874
10037084 983699870 982687865
457411942 457412021 264397240
704229776 815967921 544911590
149615371 720392743 284390374
63608771 63609260 810760315
326678696 326679145 859137906
299294248 299294573 777655671
165809231 165809412 256089419
154707199 154707585 43502549
679122275 679122464 466782463
195138781 325074895 187451949
543606036 543606385 107182824
142163141 142163431 984087925
663552301 663552585 270758462
247777338 247777565 759129442
571023761 571023894 195918774
881712264 881712376 832343367
79490198 79490444 78733929
135171220 851836894 642802140
686842220 757804809 512995393
653611524 653611823 194351662
818392647 818393006 23062786
393062878 743706094 503556334
453463799 543878706 237850098
329879912 329880134 641012041
88288607 88288718 121689741
421811015 887438168 918966117
42266382 42266650 68356306
288608008 466286523 495710116
321881877 321881902 181770396
675185124 753386809 377926405
130191723 130192109 174821742
