146
283290853 283290891 789387065
590597736 590598129 340685777
104633310 473382848 167895966
58361558 879580865 835538814
862200914 862201408 628491847
690808478 706166176 811091004
581221079 615081068 213706863
629220466 629220797 618769844
596280904 596281343 662945835
231445552 231445861 145650689
119426733 119427073 163646166
739110682 739110797 869939069
813633867 813633959 9031882
349491456 349491570 875306003
181801590 181801592 48950399
394133793 530967824 597165762
298481540 298481848 956755704
645104136 656341551 577741025
24565286 24565696 684975655
332449543 332449601 183798959
475109145 844751242 721492827
25552532 857342372 741963156
907937069 907937310 209622807
628973983 784850421 291661405
165819480 165819882 496134271
556887403 955027296 175067877
499038117 669561954 712551204
314557574 314557753 935890366
461795996 924662428 473858539
908000115 959753342 130309698
882125825 882126189 538183812
38071822 619683398 239808704
102361238 102361679 607849634
154623354 416956583 267921504
896008870 920771993 825109377
229106384 229106761 293007728
108789324 808042459 234284554
53356705 53357198 984966743
395749058 395749361 107394882
885883313 885883729 74362161
347892502 347892566 665782279
213130709 296273450 570598367
344546968 881932795 771659991
650992187 848513575 324307647
848923065 848923451 184893361
682634463 953892899 295000101
274189810 502846756 588010744
227149613 657238382 498125426
264009820 583956456 883251576
851825174 869879244 723699499
93977814 93978037 787958540
310331654 310331798 921259543
353111980 353112300 698703609
478452906 478453387 189231289
131217914 131217931 241363984
80013162 682150623 676510274
232191883 351824127 157032659
836537854 836537982 36440997
274365064 754935458 223029497
596185435 596185582 470057125
188003907 390265049 113257013
306330447 307290085 275274812
839969881 867587188 145908301
203286621 203286766 215211571
161921803 498954229 920481030
965311172 965311638 230232456
455843127 758842633 68770547
404992429 404992488 346975644
847310847 847310993 37625508
222384299 835125094 66591049
686795356 686795842 932482958
350817407 961330265 53376746
737694022 837435472 70693407
774031316 886257102 740218743
910033801 910033844 360907350
13084684 843813500 522545967
263713272 408642152 639544040
236669153 236669598 898740733
474171411 605186757 660941111
537195793 593422504 6052874
644883159 644883240 874925081
632702741 707774707 173671349
637030270 906114104 323640510
514452421 514452499 684149366
926409166 926409295 762724764
636008414 636008439 466846051
871771118 871771513 697636755
1421274 538799561 57002762
112000436 272395634 113298696
39645873 39646317 377416758
217677660 513163186 570946985
355325089 878371747 139263893
737831698 873317603 424573411
138881209 138881274 128215390
469404056 469404369 641550186
493256250 721713870 730760348
657434869 848203139 495483885
282666631 429888704 992328301
995097153 996242818 147477992
331493188 439069679 96375466
238053027 489704533 284198580
519664357 834719896 736804605
390073161 696290193 611693573
841751467 841751787 510602682
356672373 356672831 400625692
229226150 793135273 569368803
636997398 636997856 994450244
153551525 921481440 31310698
936978626 936979025 483145733
35653029 923719932 34275151
992218715 993986583 96993054
539363861 539363968 621218645
118746857 400533469 395705234
809364755 865534483 798997271
104283064 104283084 11717856
60222301 794624336 956481978
660782347 832908483 459290487
461128867 718912273 854973337
873778719 881037406 518268512
10226824 290920320 504270608
769379296 946839607 112711564
879414395 988673220 340671672
786808184 860232048 560147031
902313399 914726238 757581244
849813145 955976900 84432450
469777543 469777570 881285749
269353132 269353224 47807363
887135161 928274575 7091576
187108060 187108189 50567814
580995792 598680970 168235096
815648573 825531690 818524276
982434776 982435064 435016182
983823069 993413276 200627977
675762748 675762879 598058317
66037412 66037841 983724681
728569352 728569624 667569756
371209869 371210317 815222046
493477469 493477787 962815093
784213639 784213908 902822982
180241254 712115016 146987246
307019012 307019427 199177377
346956702 968232348 890294315
843425043 854250674 774899931
132221834 132222226 735825324
899661618 899661721 437761345
46973036 46973282 32359059
