566
950883000 950883451 509151807
644755526 906775222 373964082
357194279 357194412 505755507
73152792 73153245 617690677
638343443 638343594 96107804
705680977 859351021 764517150
933898920 933899117 637463159
63907588 231745278 742354740
588163158 588163499 203933892
663396804 663397158 135658907
824719767 824720011 477785109
441874973 558294425 59319939
488589624 488589975 206580999
189198822 418187392 449751475
282681440 840950227 432519446
440607646 821642797 664785870
230181782 230181790 665180919
106160248 106160299 6732003
442625160 647928062 11865584
260371594 260372050 53663540
127493073 127493486 181771756
669595584 821440220 750428890
939406151 990623635 141647927
525919726 525919753 325903706
2079667 979757500 931784015
816645925 935441795 860256988
232202249 232202664 658280214
114166212 114166712 198851374
157727770 157728086 574282175
339609820 643497906 415068927
508404141 508404625 826974876
37772427 498765878 424944786
468476061 934308594 732384736
448868782 448869007 139123205
547498043 617071210 5584062
36861989 36862130 782918947
808736146 897990960 435367606
984952841 984953047 849897348
861851736 861852114 64166680
315190795 315190878 600370125
670270277 670270480 448002104
245898639 245898966 608903991
627998597 862197212 437933113
613669767 613669861 86760282
703944861 703945171 858841298
636252585 636252625 278164174
338474599 338474633 348429557
741905690 925995945 202215466
513477485 513477520 944843357
372504479 686163317 948418126
576317501 916519804 256382703
712391575 956912205 993413455
184260031 184260168 173756850
565816561 737584246 171961103
698820606 829033711 811691270
984149639 990799099 630723046
888364922 888365334 409899403
814261564 983378184 622267958
587634550 673263712 74023223
156024869 156025049 589720497
723276259 723276640 934464597
681642562 982559117 815510745
474330644 474331113 644974727
380853827 380853986 876220850
83106278 219858055 911652491
559789927 593897209 271652000
505337541 736422376 759638769
200644127 317828122 180052556
99224111 99224328 327738995
503754104 692838686 819175660
91674384 226199372 148059573
437732815 492702552 949257678
978063638 978063939 200834204
491382888 687938640 644126515
358407697 358408033 731123960
162751150 897827010 22276953
583270602 583270679 424181919
126007411 126007550 165720592
602917283 602917439 737703860
199583240 199583524 652998166
441189056 441189325 371807294
783453802 783453976 683263533
111232185 190928201 219029607
872842591 872843012 728840612
800273237 800273590 667691541
441348667 907378866 355377085
710113782 710113887 27863589
267728304 470010841 165814784
138364945 138365152 940308752
747261102 747261355 140519837
660718614 951219359 863389548
793915993 793916012 609428224
310017682 753229820 153056533
781427704 910521330 204889322
769477803 769478133 447500343
283168120 491308679 112799072
675004430 675004878 665344053
554393858 554394129 451607653
823515571 823515753 526394279
112519063 112519392 825075530
238785944 238786359 985055119
295967967 295968019 573302713
500358583 709955961 37908619
467541484 771793658 730927489
139941602 139941847 279217478
83208257 83208751 793013044
328177224 328177477 814251124
537229257 537229392 40585990
901479016 946010160 597975381
516801975 767152250 975597170
77245092 573733010 745474720
174555866 174555958 151077059
423653838 887923002 798247922
728972006 728972082 215700800
329271380 329271846 709509614
401952346 401952822 883372487
452526686 514877632 851263671
758715855 967423908 306696820
657816962 973761223 128737678
602832978 602833041 247608455
192843380 298506929 649687739
353017594 969963034 664593212
490564452 929238726 271813275
828015788 828016060 165081826
363304002 543605612 417419939
779783390 779783631 508964788
671190936 759557436 118115221
265492594 265493043 759013940
475857261 547983257 825487253
752817539 906293944 4357376
956578741 964259294 905711871
996127194 996334892 818269950
390986937 390987432 93446053
283794358 283794394 672328887
270228208 270228306 544863021
410431705 574596803 84498972
82917375 343074426 813142656
683702472 932223263 709940419
970413845 972543142 740971250
571080361 571080576 219578
93508376 665383978 472446615
758476237 758476676 221435690
532831602 532832002 649201361
22150682 22150686 279281541
947130854 947130908 576903886
304962466 952163796 830875836
565856878 565857190 247871681
531451261 597606225 765840442
345064657 345064937 326350625
358916033 358916467 359204519
201892265 201892414 722545616
163709974 163710230 970490427
753471632 904142678 604759908
785593211 785593358 569278968
123016837 475695026 773363851
208082277 918523977 679338312
840842527 840842777 394319662
858878632 940641893 843151153
553108382 626843991 87202786
966158276 967636593 81276176
684825306 684825584 18361286
899925530 899925947 50534756
948520784 984176927 114427069
321411070 321411300 438941621
623483998 623484360 572917730
854951399 854951593 548834965
645192941 697818537 302901907
250877683 402099527 450584698
76460479 76460842 844810294
173376940 337031940 911393405
981882549 988378969 150001642
381126683 381127067 777426899
365403560 365403878 161830642
960190407 960190745 691235996
523469325 523469564 704659509
939159441 939159771 27124513
43210526 43210805 297855957
180403006 743583974 79257421
829181223 829181544 941494485
366075068 465211881 928710145
245368187 245368259 5391585
789984356 789984794 935846619
37953835 72628335 893144325
706124567 948029245 570519830
725666311 725666639 546656056
203520946 203521287 755206726
505358119 505358454 190980967
443607969 443607987 861956948
824148462 824148749 644164408
37921933 37922280 111262417
690378151 841997217 177893837
749398669 749398753 117593535
566641624 848814789 413194573
713185674 713185840 306609009
21550378 21550474 933572059
659752267 847658606 702422393
361079206 361079634 152935204
229203778 452349235 735849045
41666307 41666767 386075820
800462459 871244479 22406149
13129952 13130291 372526224
143130232 649437608 172713319
234648655 749479811 675781079
669635371 669635630 986961410
646541174 646541507 535999481
292085725 307410819 98541514
676291181 836344327 182178374
301741290 301741686 234382017
163133164 657842292 212525182
909916484 955988735 778698187
846424202 972689162 20002383
499943141 945602550 323837987
863037328 884629389 383465979
115716807 133049952 472013809
747234254 747234276 68026673
16169482 16169938 703248634
185745810 185746013 125579544
51488285 51488657 755304325
854786773 878326372 437447983
309471153 421018012 95232069
705534789 893903799 392029479
223958824 783638768 980610754
518167612 930833679 507858002
301771213 333121388 39781630
872747106 921695887 83898663
956584804 956584938 675926848
160918033 160918502 553561993
134254264 134254702 772382656
312274478 654369571 346684719
267543478 524760833 656717522
681066114 694182432 756383031
982820161 982820343 388162317
291727713 401706934 720583300
693035614 960653158 504990937
804407772 822119431 324228465
856902545 856902827 139566369
782901166 782901611 167687865
633056753 805339815 240135589
274324126 318051183 622470096
263593512 494459746 128365409
697190513 834842938 138493650
114157799 114158067 715216388
256815742 879412938 622694383
376164609 376164631 844485982
297927160 585217151 682203547
158176495 791598535 29058395
169379885 571933282 427085134
624045097 749402144 33430398
207485535 403642964 276710149
284910618 284910791 303708689
109059880 892726118 500892665
512587520 512587999 323793029
870380094 870380126 686777959
752434316 752434347 823720589
873855892 873855906 8054659
655549519 655549617 465017890
734875044 734875235 704523205
266798010 870112802 923428593
637904893 637905163 168628692
347227340 347227606 248357782
404851093 404851452 133876667
371336994 434975366 591670327
137398633 945947874 739190547
13053989 13054471 477838970
409873917 693202583 283915592
101225414 285933092 43048576
742821290 742821660 566960914
406346835 846609497 502138627
823831265 903459078 54356992
142933720 142933903 287069878
868158511 983510250 154330660
817424642 817424882 788347473
556968149 556968509 705844809
203765231 203765402 347097363
566215376 566215833 103783525
517270450 517270767 980181822
665747149 665747462 263215863
210184551 210184644 788987260
918374242 918374585 298162561
265912258 929186130 192152521
343149058 785083351 129067637
105598319 105598488 20518390
895901124 936091908 748862533
136529540 136529845 327745844
166483574 635080278 683180897
142533677 541264982 483125374
577552381 577552623 424369334
717216651 835452559 891751088
27241268 434328660 540417092
874662260 891561677 145626854
698596595 698596981 223659297
813204406 963337245 669610068
736249091 872124394 222531784
986915827 986915885 144595528
781517876 781518137 836730776
340761304 340761327 869346213
696231019 750875686 629336151
301709015 827039973 834140510
385900695 385901184 404189350
179749322 179749655 551112405
873306957 873306998 837510920
680327396 991259681 149775225
874386987 949643754 366569629
578669001 665260790 175704599
135703958 432929633 455854106
353783583 538775818 2370365
329214090 329214366 312789745
338034711 338035188 968545999
794066698 794067012 537168787
233595586 488758910 651763874
619484102 844510497 424970016
762462514 762462810 8799047
713969584 912842323 23991748
793310369 793310815 211709079
54574895 54575387 995326198
883105393 980187264 546265496
245052481 646203507 391285149
771604549 939782600 910354103
858881668 907778796 632170442
537492176 537492392 557809860
645128038 645128078 939990580
906790128 906790168 852621638
554058370 883121660 576446331
107958585 107958835 366880929
355992357 355992405 732023934
845744638 845744727 725862195
311188162 343109775 390894609
59931003 237432521 921894960
85205308 719315413 694815913
523808830 523809109 56572559
407390313 648611455 34261550
592260573 592260866 617524723
766336002 766336451 654326076
347325553 347326034 208668549
155740362 977057037 211322788
16895151 885621268 499788998
647971101 708531486 603232157
664583863 664583932 874220902
648593149 648593606 104145216
53497922 53498134 739573613
770678104 826610188 744288707
528080982 712537189 497091367
116692572 434277615 412308729
832628668 832629157 724478469
474066478 656465097 481258899
304809593 629627383 663990524
514788098 514788383 885989881
657006317 657006449 183922024
606981999 653843348 344471975
148738884 636757067 892611352
356557672 390740483 81014123
988987436 992461489 710106701
596574340 596574637 832257505
188124860 188125096 848896045
684440944 684441381 262850678
482237929 482238330 84940717
855618236 855618268 812737077
623995320 623995731 995351431
612140463 620673146 776922688
698808363 734684875 290120737
269844600 269844808 26925208
300009752 687157836 665266958
303117385 472667307 104139213
668003784 754674344 301858702
979502752 980692373 40408140
341432132 842674610 626927258
695006907 695007399 338220727
207825581 960478373 239272636
742329042 855386965 775080748
149980106 149980148 103505163
939478229 952137061 893988165
352868184 352868478 13614857
436164180 455866429 990760276
40119034 566825655 89018204
631678027 849450985 114814117
37711586 604312284 239614985
861519087 926226482 230657424
989161579 989161586 716917878
207191075 470033957 239351756
324835453 324835466 434035572
351587368 945844062 585244765
658388165 846742276 380530683
969926573 969926909 189639490
828131277 969621084 346599947
763282204 763282564 364277617
554254571 554254761 920371554
954963603 963341729 811432239
828710088 828710451 775467547
12434298 758346860 184829549
22417576 22417704 244936616
401810337 903399521 836090048
901310195 989271922 46076999
980522982 991839152 904062412
211891453 211891578 412624272
233217144 233217331 879290970
504751072 876325174 87922016
86720223 477379954 952078236
894105969 975715486 857960520
729239205 947440392 312989848
413711049 413711086 97388214
852158377 852158663 909285974
589707108 589707250 637599991
913688623 913689038 409979339
256524263 494164466 666486985
123702628 123702753 807955374
563787756 563787985 7910495
683564746 804311045 424989163
41014902 41015179 162602227
814820964 890870927 652623670
766849280 793629768 114458570
347663359 347663797 59585026
440910931 440911263 160866964
16366288 16366400 287197341
483584219 483584713 929618019
559010949 630832428 217637046
207101616 238855832 409872231
274347434 391669331 265483251
986885883 988039814 400380828
930963167 930963570 229370290
852687820 852687839 537629113
676775540 972394502 48195851
897313632 956091347 233507018
144209341 144209365 105443714
362704419 949837830 747135202
626171538 626171691 799576051
683623396 683623820 257117196
87443146 87443547 287766651
716728518 716728656 297145404
141090390 141090576 317108340
44065044 44065323 687815392
840351833 961734214 760856073
755247997 764818289 636217457
886423295 886423712 910037105
81295531 650701111 420808949
266265578 866215534 430993325
826050469 826050477 851405944
885784861 993728827 597277109
5805045 5805437 359932122
112017192 112017378 361220448
192439849 232841696 407452611
475315695 789968040 83822932
894412098 901626867 603124025
206862927 206863173 982992078
695530072 695530096 126351106
735437310 962225351 28071197
433993172 433993186 648809148
614638124 614638538 734767766
256717069 411668360 291114551
987059614 987060032 94764706
255169199 394431815 105558529
697171075 697171240 325968089
630069366 635230154 930530545
938529481 938529736 985098192
259372541 259372777 687995811
374278016 374278309 414379146
137898331 584937359 705043280
293051445 825078905 291074336
230023539 503240088 461859941
919514084 958313222 263699161
85447837 661369757 143062698
683768939 744540253 321833353
963474754 963475226 148739725
350247846 890874044 471658250
981748665 986716993 450494057
239889988 239890060 689091224
811191456 811191606 902551112
904913106 904913525 825868995
287186049 851150308 126300218
639849692 682931675 287652260
128778615 469306966 985907277
363370956 363371337 879657294
102544966 464744322 770284067
697859787 831896398 32467486
167970042 167970297 439388179
179020530 544299737 708655134
254380888 800242941 277736834
123541445 123541794 655541126
415872599 590760942 489445114
652614234 739762160 586988844
207314305 207314320 248399499
313063717 807926703 40575563
825484871 825485007 644494728
149839091 149839530 323661675
379377833 917515382 639268867
244114868 276641946 109100379
678702846 848081571 346441719
272682924 272683310 652170887
356751474 356751619 524399676
793951021 793951256 684737362
950595436 985905820 1228649
476774129 708682079 755484647
632482694 632482787 851262296
184617956 184618219 905945415
763129597 851573452 187396491
74497353 74497381 306887696
148197265 581980511 268063017
651497512 651497633 935361612
688821934 688822374 178109150
277342808 977631369 515644959
275088744 965173860 935830947
87808612 984718000 130693037
314386030 314386061 823744742
459761270 661468821 90103075
41292023 246081542 157309747
596642729 596642908 652619361
330847515 330847749 856762640
938176765 938176889 104556908
404320968 786002279 718923931
181845072 181845343 796755917
851847840 988746499 962884209
135905755 828177920 475195631
364080472 364080866 167089733
863757712 948130942 278587552
273820649 273820935 265453307
95152549 95152891 845822190
396101647 396101708 772482153
228631058 228631173 676078771
390293870 390294363 43011543
281954054 281954275 518959082
179676914 179677032 945443474
277151737 277152162 248011440
976104493 976104687 399708613
591986782 591987272 700154982
974932760 974932939 970618775
126317124 363152600 483699699
701879314 701879728 60923108
206358956 484291425 668588577
72114679 72115155 601925328
678507209 678507252 503776914
258373591 258374013 596283418
979830556 985383877 188755356
498753364 498753756 277224648
415508970 590663533 332218313
878388618 878388719 914090618
45128931 83075872 924311229
242245757 242246094 717961516
277585283 422182934 404900621
70965297 918015974 460450384
15361111 15361237 494645177
733635954 733635981 631671033
221977219 221977345 981006367
43868347 43868453 623830976
759183665 921808141 906050812
260493896 260494016 202962487
799979616 889461822 147623987
420770795 599488076 631802518
578682881 578683368 66260359
172083661 390492812 429857724
81655263 615392444 834381396
696408967 757194964 26541353
892578539 977982852 545429841
145867631 197626166 105628163
600262423 810455194 370368342
899208189 899208206 33657478
319710226 319710586 617830149
929977862 987199887 73281550
692696249 692696687 18960482
228497379 701264333 880415792
713325014 713325443 157027681
716721275 869480663 643541090
736767817 736768166 955299421
946746122 966829697 110208408
425538485 819270590 146262230
181159451 674779132 278586370
578605823 578606309 81515239
210206201 819680611 667819057
