113
711900815 711901291 72326220
263050323 994208071 238872230
6527689 537973877 943429112
622115642 622116097 614746284
568561978 969297171 447973581
900034585 955768404 132754602
702489482 944374979 502953604
57661824 560729011 560568599
571371985 671037181 168381389
78975688 915755311 842216856
75109610 75109623 885309029
623452505 623452889 480263893
611061092 864194106 907403914
65972338 65972515 19905371
383553150 464986033 389826266
556836325 716089759 650751085
905221259 965762581 259661765
85268777 85268791 147863483
905209901 961405477 976527161
975199655 975200022 104928021
411412663 972255476 770473423
583523051 583523382 424990945
961009261 986326563 422173932
584054553 584054765 627900841
179791552 767637780 958927519
819884567 819884927 805336144
119268460 212208721 921110192
623759777 623760034 569113787
541310018 870994212 406918129
662620327 893577305 122561129
117650495 117650821 810075125
713825404 713825826 787330935
225892512 225892672 686803831
529547774 992923818 2401408
408429107 766330802 945461259
776281086 892315352 745604757
432704897 432704979 570423685
482055764 658953268 463896673
553229704 667060022 173496849
161483627 161483962 190458523
269376986 768868405 854892608
447758640 656291775 347740565
54768891 675440782 828945589
830581047 830581372 375947041
74198488 214878027 867682165
548360940 548361277 162805806
995976640 995976721 5564853
97429801 97430172 597335912
298149491 331371600 25532963
441076352 879139994 477132037
550709951 651696245 106081257
860826953 860827179 567056623
465564886 916085450 382527157
143607804 952305041 427013786
151375082 977468384 176347376
196261592 990629012 12007845
664213269 970476426 154411986
289711494 487767915 725765517
785752301 785752517 946000374
63192002 482243467 984572471
704096215 704096356 606739515
673525302 673525529 143679996
752070308 890178028 178381884
659821451 757638633 489672183
25397448 25397500 5837785
327743275 522147671 322707336
51359316 51359410 523830618
552901707 844045213 714115323
320244635 538482412 818012294
177067855 443292868 71100879
22966317 22966665 63022355
399474277 399474611 404286882
719324906 719325391 897898837
323811121 323811307 24257879
220907505 955193837 479303518
346134366 346134729 285350626
161681484 723228324 270520990
254740080 254740088 557450508
679584620 679584897 27641967
318490168 731643756 322808115
368485504 398397941 551673831
551249863 799309846 661402263
955880002 955880123 209452404
434870854 434871351 583268364
252800424 252800842 375579468
411658352 442210277 315397887
896417548 896417938 586933480
560867762 820429649 804576208
759362455 759362700 153629419
255406150 255406350 32984429
519240148 519240499 933987166
264834081 264834116 664513530
473492985 473493302 756543294
909458281 909458506 731772349
973815258 978283757 77212760
757106674 757106698 709762414
1456303 1456513 672158238
669884391 669884603 123647867
823833932 823834428 74080491
695367536 801140121 73260325
850777543 891326329 885868650
535974006 537415412 53460790
788338921 797422441 374276822
291504457 291504575 509240892
876806594 876806615 420852513
259398482 329643752 144210330
965474179 990824869 774166788
604581846 707632413 371933545
87498049 87498206 530579952
874818322 874818719 847298491
670557250 670557636 189114033
31282365 697977740 349330089
570825205 771444610 257313973
