0 3 5 31
1 5 31 127
2 3 5 127
3 3 13 37
4 3 5 107
5 3 83 109
6 3 5 101
7 3 41 83
8 3 5 59
9 3 19 53
10 3 11 29
11 3 5 109
12 5 7 19
13 3 13 61
14 3 13 29
15 5 13 61
16 3 5 131
17 3 41 83
18 3 37 47
19 3 5 29
20 3 5 59
21 3 19 23
22 3 13 37
23 3 23 53
24 3 13 71
25 3 29 89
26 3 5 97
27 3 5 7
28 3 5 37
29 3 5 47
30 5 13 59
31 3 5 47
32 3 5 59
33 3 41 107
34 3 11 29
35 3 5 47
36 3 11 61
37 3 5 107
38 3 5 59
39 3 17 101
40 3 5 127
41 3 5 23
42 3 5 101
43 5 11 59
44 3 5 53
45 3 23 47
46 5 13 83
47 3 7 73
48 5 13 43
49 3 17 41
50 3 7 43
51 3 5 11
52 3 17 103
53 3 5 79
54 3 5 113
55 3 5 53
56 3 37 67
57 3 5 41
58 3 5 11
59 3 13 113
60 3 5 101
61 3 11 109
62 3 5 53
63 3 11 37
64 3 5 37
65 3 5 17
66 3 5 89
67 3 5 41
68 3 19 113
69 3 11 47
70 3 13 41
71 3 5 29
72 3 47 61
73 3 5 101
74 3 31 113
75 3 7 127
76 3 11 29
77 3 5 97
78 3 17 19
79 3 11 131
80 5 11 59
81 3 11 97
82 3 5 61
83 3 13 103
84 3 5 61
85 3 5 103
86 3 13 127
87 3 5 79
88 3 19 23
89 3 17 67
90 3 5 11
91 3 17 37
92 3 37 101
93 3 5 37
94 5 17 79
95 3 61 113
96 5 7 53
97 3 19 47
98 3 5 29
99 3 5 41
100 3 19 79
101 3 5 7
102 3 11 29
103 3 5 41
104 3 5 79
105 3 5 89
106 3 5 11
107 3 29 131
108 3 17 31
109 3 13 31
110 3 67 109
111 3 5 19
112 3 5 23
113 3 5 11
114 5 7 37
115 3 5 97
116 3 13 23
117 3 29 89
118 3 5 59
119 3 5 109
120 5 7 23
121 3 13 89
122 3 7 107
123 3 13 127
124 3 11 73
125 3 23 101
126 3 5 53
127 3 11 101
128 3 13 107
129 3 13 29
130 5 13 23
131 5 17 19
132 3 11 127
133 5 13 17
134 3 13 109
135 3 61 73
136 3 5 79
137 3 17 23
138 3 11 61
139 3 7 73
140 3 5 97
141 3 5 17
142 3 5 89
143 3 83 127
144 3 5 13
145 3 71 131
146 3 31 107
147 3 5 31
148 3 5 41
149 3 5 67
150 3 5 31
151 3 17 59
152 3 5 43
153 3 5 7
154 3 5 13
155 3 13 103
156 3 41 61
157 5 7 23
158 3 23 43
159 3 5 109
160 3 13 59
161 3 5 83
162 3 5 97
163 3 43 71
164 3 41 53
165 3 103 107
166 3 5 13
167 3 97 113
168 3 5 41
169 5 11 47
170 3 11 101
171 3 13 59
172 3 11 43
173 3 5 101
174 3 13 61
175 3 37 61
176 5 13 19
177 3 17 97
178 3 5 13
179 3 5 31
180 5 11 73
181 3 37 131
182 5 7 131
183 3 5 79
184 3 5 109
185 3 5 23
186 5 13 83
187 3 5 107
188 3 5 113
189 3 13 101
190 3 7 83
191 3 5 7
192 3 5 41
193 5 11 29
194 3 43 83
195 3 5 59
196 3 5 17
197 3 53 101
198 3 5 97
199 3 13 127
200 3 29 97
201 3 5 79
202 3 5 13
203 3 7 11
204 3 7 89
205 3 5 29
206 3 5 61
207 3 5 73
208 3 5 43
209 3 89 113
210 3 5 107
211 3 5 131
212 5 41 79
213 3 5 7
214 3 17 89
215 3 5 61
216 3 67 79
217 5 11 113
218 3 11 113
219 3 5 79
220 3 5 31
221 3 13 97
222 3 19 37
223 3 13 107
224 3 5 17
225 3 7 37
226 5 7 61
227 3 5 29
228 3 5 11
229 3 19 101
230 3 5 47
231 3 5 23
232 3 11 67
233 3 37 61
234 3 5 61
235 3 13 59
236 3 11 83
237 3 5 59
238 3 11 43
239 3 17 61
240 3 11 97
241 3 37 101
242 3 5 109
243 3 5 13
244 3 5 19
245 3 5 107
246 3 5 61
247 5 13 109
248 3 61 79
249 3 11 53
250 3 5 113
251 3 13 127
252 3 5 47
253 3 13 29
254 3 11 47
255 3 5 13
256 3 31 127
257 3 13 89
258 3 11 31
259 3 17 109
260 3 23 41
261 3 11 43
262 3 107 131
263 3 13 17
264 5 7 103
265 3 5 67
266 3 5 7
267 3 11 43
268 3 13 101
269 3 5 29
270 3 37 47
271 3 5 31
272 3 5 73
273 3 5 23
274 3 11 107
275 3 5 73
276 3 13 109
277 3 7 103
278 3 5 37
279 3 31 113
280 3 5 97
281 5 11 101
282 3 7 101
283 3 5 109
284 3 13 23
285 3 11 79
286 3 5 47
287 3 13 29
288 3 5 97
289 3 5 43
290 3 13 31
291 3 7 11
292 3 47 83
293 3 23 131
294 3 31 101
295 3 5 47
296 3 13 83
297 3 5 7
298 3 13 113
299 3 19 83
300 3 5 31
301 3 89 101
302 3 13 37
303 5 11 103
304 3 29 53
305 3 13 89
306 3 37 41
307 3 5 73
308 3 13 41
309 3 5 37
310 3 5 131
311 3 19 47
312 3 37 101
313 3 13 67
314 3 7 103
315 3 5 97
316 3 5 29
317 3 29 83
318 3 37 41
319 3 37 41
320 3 13 23
321 3 37 127
322 3 5 29
323 3 5 47
324 3 17 23
325 3 5 13
326 3 5 131
327 3 5 29
328 3 11 53
329 3 5 101
330 3 5 127
331 5 19 73
332 3 5 131
333 5 17 31
334 3 5 11
335 5 11 107
336 3 31 101
337 3 23 89
338 3 17 59
339 3 5 67
340 3 17 43
341 3 19 43
342 3 5 17
343 3 13 127
344 3 5 71
345 3 29 79
346 3 5 103
347 3 5 43
348 3 5 17
349 3 5 61
350 3 13 79
351 3 13 47
352 5 7 41
353 3 5 89
354 5 17 43
355 3 31 131
356 3 5 23
357 3 5 103
358 3 5 23
359 3 5 19
360 3 37 53
361 5 13 37
362 3 11 13
363 3 5 47
364 3 19 23
365 3 5 47
366 3 5 29
367 3 5 13
368 3 5 31
369 3 7 13
370 3 5 11
371 3 41 71
372 3 5 11
373 3 5 13
374 5 7 37
375 3 5 29
376 3 5 31
377 5 11 31
378 3 17 113
379 3 11 67
380 3 5 7
381 3 5 131
382 3 31 59
383 3 5 83
384 3 17 53
385 3 29 103
386 3 19 37
387 3 5 109
388 3 5 131
389 3 11 61
390 3 11 31
391 3 29 73
392 3 13 113
393 5 11 41
394 3 17 131
395 3 29 107
396 3 11 83
397 3 5 43
398 3 5 23
399 3 5 113
400 3 11 43
401 3 5 11
402 3 5 131
403 3 5 23
404 3 7 11
405 3 5 79
406 3 31 67
407 3 13 109
408 3 5 89
409 3 5 89
410 3 19 41
411 3 5 61
412 3 5 73
413 3 5 41
414 3 5 37
415 3 5 43
416 3 5 13
417 3 5 13
418 3 5 53
419 3 47 131
420 5 7 61
421 3 43 59
422 3 61 97
423 3 29 89
424 3 29 71
425 3 5 17
426 3 5 37
427 3 5 97
428 3 5 101
429 3 5 7
430 3 37 97
431 3 5 59
432 3 23 67
433 3 13 113
434 3 5 59
435 3 59 131
436 3 5 71
437 3 5 19
438 3 11 41
439 3 5 29
440 3 7 109
441 3 5 109
442 3 31 37
443 3 5 37
444 3 79 103
445 7 13 41
446 3 61 113
447 3 103 109
448 3 23 53
449 3 109 131
450 3 5 41
451 3 5 73
452 3 13 73
453 3 5 37
454 3 5 53
455 3 5 67
456 5 29 103
457 3 5 73
458 3 5 59
459 3 5 73
460 3 31 41
461 5 11 13
462 3 7 29
463 3 5 43
464 3 37 47
465 3 19 73
466 3 5 67
467 5 7 131
468 3 5 19
469 3 13 37
470 3 5 41
471 3 5 113
472 5 7 131
473 3 5 73
474 3 5 31
475 3 5 53
476 3 71 97
477 3 5 17
478 3 11 101
479 3 83 109
480 3 5 31
481 3 67 109
482 3 7 29
483 3 5 11
484 3 11 13
485 3 17 89
486 3 17 127
487 3 61 67
488 3 13 107
489 3 5 43
490 3 17 67
491 3 5 83
492 3 5 37
493 3 5 31
494 3 19 109
495 3 101 113
496 3 13 61
497 3 13 101
498 3 11 71
499 3 5 53
500 3 13 17
501 5 11 31
502 3 67 109
503 3 5 131
504 3 5 31
505 3 7 17
506 3 43 67
507 3 13 113
508 3 5 23
509 3 11 73
510 3 29 101
511 3 5 23
