1024 3 101 131
1025 3 13 79
1026 3 5 19
1027 3 5 83
1028 5 7 73
1029 3 29 97
1030 3 5 53
1031 3 5 7
1032 3 5 13
1033 3 5 11
1034 3 11 13
1035 3 5 41
1036 3 5 11
1037 3 13 59
1038 3 5 17
1039 3 5 29
1040 3 13 19
1041 5 7 83
1042 3 5 79
1043 3 7 79
1044 3 5 67
1045 3 19 37
1046 3 23 43
1047 3 5 113
1048 5 7 67
1049 3 13 131
1050 3 13 97
1051 3 5 11
1052 3 41 97
1053 3 5 109
1054 3 31 83
1055 3 31 97
1056 3 5 61
1057 3 11 41
1058 3 17 89
1059 3 5 59
1060 5 13 89
1061 3 5 31
1062 3 13 61
1063 3 5 41
1064 3 5 41
1065 3 5 53
1066 3 19 67
1067 3 5 127
1068 3 5 53
1069 3 5 43
1070 3 47 67
1071 3 5 103
1072 3 5 131
1073 3 13 97
1074 3 5 53
1075 3 5 89
1076 3 13 79
1077 3 23 71
1078 3 13 19
1079 3 19 101
1080 3 17 79
1081 3 5 43
1082 5 11 19
1083 3 5 79
1084 3 5 7
1085 3 5 79
1086 3 5 19
1087 3 13 67
1088 3 47 73
1089 3 23 83
1090 3 5 37
1091 3 5 43
1092 3 47 127
1093 3 7 29
1094 3 17 43
1095 3 5 97
1096 3 5 89
1097 3 43 89
1098 3 23 29
1099 3 13 89
1100 3 5 13
1101 3 7 41
1102 3 29 37
1103 3 79 101
1104 3 17 109
1105 3 37 67
1106 3 5 61
1107 3 5 37
1108 5 11 79
1109 3 5 79
1110 3 53 103
1111 3 13 43
1112 5 19 59
1113 3 7 59
1114 3 11 31
1115 3 5 43
1116 3 5 43
1117 3 71 131
1118 3 11 71
1119 3 13 53
1120 3 29 37
1121 3 5 7
1122 3 5 7
1123 3 11 101
1124 3 103 127
1125 3 19 97
1126 3 17 67
1127 3 5 59
1128 3 17 23
1129 3 11 83
1130 3 11 59
1131 3 5 109
1132 3 31 101
1133 5 17 19
1134 3 5 23
1135 3 13 43
1136 3 5 43
1137 3 5 29
1138 3 5 103
1139 3 5 47
1140 3 5 97
1141 5 7 31
1142 3 11 113
1143 3 5 11
1144 3 5 83
1145 3 29 79
1146 3 5 19
1147 3 13 131
1148 3 5 61
1149 3 17 53
1150 3 5 19
1151 3 5 113
1152 3 31 127
1153 3 53 59
1154 3 23 89
1155 3 5 23
1156 3 5 83
1157 3 103 109
1158 3 17 79
1159 3 17 23
1160 3 5 47
1161 3 19 131
1162 3 5 13
1163 3 5 31
1164 3 5 131
1165 3 13 101
1166 3 5 7
1167 3 19 131
1168 3 13 29
1169 3 11 71
1170 3 5 71
1171 3 5 103
1172 3 17 131
1173 3 13 37
1174 3 29 41
1175 3 5 47
1176 3 37 113
1177 3 29 103
1178 3 5 89
1179 3 5 19
1180 3 29 107
1181 3 13 89
1182 3 17 73
1183 3 11 41
1184 3 37 113
1185 3 5 41
1186 3 5 107
1187 3 5 113
1188 3 7 71
1189 3 5 13
1190 3 5 61
1191 3 13 17
1192 5 7 89
1193 3 37 83
1194 3 13 61
1195 3 17 103
1196 3 5 107
1197 3 23 61
1198 3 5 61
1199 3 5 29
1200 3 113 131
1201 3 5 113
1202 3 5 19
1203 3 5 23
1204 3 5 127
1205 3 67 109
1206 5 17 23
1207 3 11 109
1208 3 23 53
1209 3 5 19
1210 3 73 107
1211 3 5 23
1212 3 11 23
1213 3 73 107
1214 5 7 41
1215 3 13 113
1216 3 23 53
1217 3 5 113
1218 3 5 127
1219 3 13 53
1220 3 37 53
1221 3 13 67
1222 3 17 131
1223 3 17 107
1224 3 29 59
1225 3 11 29
1226 3 23 31
1227 3 19 29
1228 3 97 109
1229 3 5 13
1230 3 11 13
1231 3 5 71
1232 3 5 7
1233 3 5 109
1234 3 19 53
1235 3 13 19
1236 3 19 103
1237 3 17 31
1238 3 37 83
1239 5 41 79
1240 3 5 73
1241 3 5 17
1242 3 11 47
1243 3 31 113
1244 3 5 97
1245 3 5 29
1246 3 67 103
1247 3 13 37
1248 3 13 113
1249 5 7 47
1250 3 5 83
1251 3 31 103
1252 3 23 37
1253 3 5 23
1254 3 11 59
1255 3 5 101
1256 3 5 53
1257 3 11 37
1258 3 23 71
1259 3 5 37
1260 3 11 67
1261 3 11 101
1262 3 11 127
1263 3 59 73
1264 5 23 79
1265 3 29 41
1266 3 19 101
1267 3 5 89
1268 3 5 17
1269 3 5 19
1270 3 5 47
1271 3 29 31
1272 5 7 17
1273 3 5 101
1274 3 67 73
1275 3 41 71
1276 3 5 109
1277 3 5 13
1278 3 5 109
1279 3 29 107
1280 3 11 59
1281 5 11 19
1282 3 11 13
1283 3 101 131
1284 3 5 19
1285 3 5 113
1286 3 19 97
1287 3 13 83
1288 3 17 107
1289 3 41 71
1290 3 5 107
1291 3 5 113
1292 3 73 113
1293 3 5 7
1294 3 5 71
1295 5 11 13
1296 3 7 19
1297 3 7 13
1298 3 13 61
1299 5 29 47
1300 5 7 53
1301 3 97 103
1302 3 5 71
1303 3 5 11
1304 3 37 59
1305 3 5 17
1306 3 5 11
1307 3 29 103
1308 3 29 41
1309 3 5 107
1310 3 31 61
1311 3 5 71
1312 3 5 47
1313 3 37 47
1314 3 79 89
1315 3 5 19
1316 3 29 61
1317 3 5 29
1318 5 7 31
1319 3 23 101
1320 3 13 41
1321 3 71 89
1322 3 5 11
1323 5 13 107
1324 3 43 67
1325 3 5 37
1326 3 5 53
1327 3 19 59
1328 3 5 131
1329 3 13 17
1330 3 5 127
1331 3 101 127
1332 3 5 19
1333 3 7 43
1334 3 5 43
1335 3 5 59
1336 3 13 37
1337 5 17 79
1338 3 13 79
1339 3 13 47
1340 3 13 17
1341 3 5 101
1342 3 17 101
1343 3 5 47
1344 3 5 23
1345 3 5 47
1346 3 13 67
1347 3 13 43
1348 3 5 43
1349 3 5 11
1350 3 19 37
1351 3 5 19
1352 3 37 71
1353 3 5 7
1354 3 5 71
1355 3 5 53
1356 5 7 41
1357 5 7 67
1358 3 13 37
1359 3 5 107
1360 3 11 107
1361 3 5 31
1362 3 5 67
1363 5 29 83
1364 3 5 11
1365 3 41 79
1366 3 5 67
1367 3 11 23
1368 3 5 79
1369 3 5 31
1370 3 5 79
1371 3 7 131
1372 3 53 89
1373 3 5 13
1374 3 17 47
1375 3 13 103
1376 3 5 67
1377 3 79 83
1378 5 7 67
1379 3 19 101
1380 3 5 67
1381 3 13 23
1382 3 11 89
1383 3 5 23
1384 3 19 103
1385 3 19 37
1386 3 13 89
1387 3 17 101
1388 3 5 17
1389 3 5 7
1390 3 43 109
1391 3 5 17
1392 3 11 19
1393 3 17 19
1394 3 5 13
1395 3 11 67
1396 3 17 73
1397 5 7 103
1398 3 17 83
1399 3 5 23
1400 3 97 101
1401 3 43 131
1402 3 41 43
1403 3 37 61
1404 3 41 97
1405 3 11 43
1406 3 5 37
1407 3 13 19
1408 3 113 131
1409 3 61 113
1410 3 17 103
1411 3 43 103
1412 3 7 41
1413 3 5 23
1414 3 13 101
1415 3 5 79
1416 3 5 31
1417 3 5 41
1418 3 5 17
1419 5 17 43
1420 3 17 53
1421 3 71 79
1422 3 5 113
1423 3 13 71
1424 3 5 59
1425 3 5 29
1426 3 5 7
1427 3 79 131
1428 3 19 53
1429 3 5 37
1430 3 5 19
1431 3 19 131
1432 3 5 127
1433 3 5 31
1434 3 31 113
1435 3 5 109
1436 3 5 13
1437 3 5 29
1438 3 13 41
1439 3 11 83
1440 3 11 127
1441 3 5 127
1442 3 5 23
1443 3 5 67
1444 3 11 113
1445 3 5 61
1446 3 5 19
1447 3 5 131
1448 3 5 107
1449 3 17 59
1450 3 13 31
1451 3 43 73
1452 3 37 127
1453 3 23 113
1454 3 43 127
1455 3 5 37
1456 3 19 113
1457 3 5 37
1458 3 41 101
1459 3 11 83
1460 3 11 37
1461 5 7 37
1462 3 13 61
1463 3 5 13
1464 3 31 113
1465 3 5 131
1466 3 19 67
1467 3 37 71
1468 3 5 19
1469 3 13 127
1470 3 5 29
1471 3 5 31
1472 5 11 17
1473 3 5 89
1474 3 5 43
1475 5 11 17
1476 3 7 61
1477 3 31 97
1478 3 5 31
1479 3 5 101
1480 3 17 83
1481 5 37 67
1482 3 29 73
1483 3 31 103
1484 3 5 43
1485 3 5 83
1486 3 11 43
1487 3 11 29
1488 3 5 7
1489 3 17 67
1490 3 53 107
1491 3 5 53
1492 3 5 11
1493 3 7 31
1494 3 11 23
1495 5 13 17
1496 3 5 11
1497 3 13 127
1498 3 13 37
1499 3 5 43
1500 3 11 61
1501 3 43 83
1502 5 7 113
1503 3 59 71
1504 3 5 67
1505 3 11 131
1506 3 5 37
1507 3 5 13
1508 3 5 61
1509 3 7 107
1510 3 5 47
1511 3 5 19
1512 3 13 43
1513 3 5 127
1514 3 7 41
1515 3 5 71
1516 3 13 109
1517 3 5 83
1518 3 37 53
1519 3 61 97
1520 3 5 71
1521 5 13 29
1522 3 13 71
1523 3 47 67
1524 3 7 103
1525 3 13 41
1526 5 11 31
1527 3 5 19
1528 3 31 97
1529 3 5 53
1530 3 5 89
1531 3 5 29
1532 3 5 89
1533 3 11 71
1534 3 13 37
1535 3 29 73
