1536 3 29 59
1537 3 11 67
1538 3 11 127
1539 3 19 43
1540 3 5 73
1541 5 17 71
1542 3 5 47
1543 3 5 59
1544 3 17 59
1545 3 59 107
1546 3 11 131
1547 3 19 113
1548 3 23 41
1549 3 13 29
1550 3 5 43
1551 5 83 97
1552 3 5 23
1553 3 37 101
1554 3 5 17
1555 3 17 59
1556 3 41 73
1557 3 5 61
1558 3 7 53
1559 3 11 61
1560 3 67 131
1561 5 11 67
1562 3 11 113
1563 3 13 43
1564 3 71 73
1565 3 5 103
1566 3 5 17
1567 3 41 61
1568 3 37 73
1569 3 5 29
1570 3 5 73
1571 3 97 127
1572 5 37 131
1573 3 5 97
1574 3 5 61
1575 3 5 11
1576 3 53 71
1577 3 11 31
1578 3 31 131
1579 3 89 107
1580 3 5 97
1581 3 5 83
1582 3 5 23
1583 3 41 109
1584 3 5 19
1585 3 5 23
1586 3 53 83
1587 3 13 29
1588 3 5 19
1589 3 5 107
1590 3 5 29
1591 3 5 83
1592 3 13 37
1593 3 23 73
1594 3 5 19
1595 5 19 79
1596 3 5 17
1597 3 5 47
1598 3 43 103
1599 3 5 13
1600 3 7 23
1601 3 7 13
1602 3 5 73
1603 3 37 79
1604 3 5 23
1605 3 5 29
1606 3 5 23
1607 5 7 31
1608 3 5 59
1609 3 11 107
1610 3 13 43
1611 5 13 19
1612 3 5 79
1613 3 5 127
1614 3 5 11
1615 3 5 43
1616 3 5 89
1617 3 31 61
1618 3 97 113
1619 3 5 19
1620 5 7 107
1621 3 13 97
1622 3 5 109
1623 3 19 127
1624 3 5 31
1625 3 5 19
1626 3 5 103
1627 5 11 103
1628 3 5 97
1629 3 5 89
1630 3 13 61
1631 3 7 67
1632 3 5 41
1633 3 5 37
1634 3 17 37
1635 3 5 73
1636 3 7 109
1637 3 5 71
1638 3 31 73
1639 3 43 109
1640 3 61 127
1641 3 5 17
1642 3 5 13
1643 3 5 83
1644 3 5 59
1645 3 5 13
1646 5 7 89
1647 3 5 13
1648 3 5 19
1649 3 5 83
1650 3 11 29
1651 3 23 101
1652 3 13 97
1653 3 5 13
1654 3 5 11
1655 5 7 131
1656 3 29 67
1657 3 5 97
1658 3 5 71
1659 3 17 19
1660 3 59 101
1661 5 37 53
1662 3 29 97
1663 3 5 79
1664 5 19 97
1665 3 7 113
1666 5 13 101
1667 3 13 127
1668 3 5 19
1669 3 29 67
1670 3 5 53
1671 3 23 31
1672 3 11 113
1673 3 5 83
1674 3 41 59
1675 3 29 103
1676 3 5 71
1677 3 29 41
1678 3 5 83
1679 3 5 47
1680 3 17 23
1681 3 5 79
1682 3 5 103
1683 3 17 73
1684 3 67 101
1685 3 13 131
1686 3 11 71
1687 3 7 101
1688 3 19 23
1689 3 13 107
1690 3 11 97
1691 3 11 47
1692 3 13 79
1693 5 13 17
1694 3 5 67
1695 3 5 97
1696 3 5 61
1697 3 13 67
1698 3 5 23
1699 3 11 67
1700 5 7 13
1701 5 11 29
1702 3 17 73
1703 3 5 13
1704 3 19 103
1705 3 5 19
1706 3 11 53
1707 3 5 7
1708 5 7 103
1709 3 5 41
1710 3 11 103
1711 3 5 13
1712 3 7 41
1713 3 13 73
1714 3 53 97
1715 3 101 107
1716 3 17 131
1717 3 7 29
1718 3 19 37
1719 3 5 53
1720 3 43 109
1721 3 5 107
1722 3 41 97
1723 3 5 97
1724 3 5 47
1725 3 17 79
1726 3 41 109
1727 3 5 71
1728 3 47 61
1729 3 5 23
1730 3 103 113
1731 3 5 37
1732 3 7 41
1733 3 61 109
1734 3 11 101
1735 3 5 73
1736 3 5 97
1737 3 7 53
1738 3 5 23
1739 3 5 41
1740 3 5 73
1741 3 5 97
1742 3 7 43
1743 3 13 23
1744 3 7 83
1745 3 61 73
1746 3 7 101
1747 3 11 41
1748 3 73 83
1749 3 19 127
1750 5 7 59
1751 3 11 73
1752 3 5 61
1753 3 5 31
1754 3 17 23
1755 3 5 73
1756 3 5 41
1757 5 13 131
1758 3 13 109
1759 3 59 61
1760 3 5 113
1761 3 11 31
1762 3 5 29
1763 5 11 13
1764 3 13 71
1765 3 17 103
1766 3 53 101
1767 3 5 59
1768 3 5 61
1769 5 7 61
1770 3 61 71
1771 3 5 19
1772 3 5 17
1773 3 31 47
1774 3 5 61
1775 3 5 109
1776 3 17 97
1777 5 11 103
1778 3 5 11
1779 3 5 43
1780 3 13 109
1781 3 5 11
1782 3 11 13
1783 3 5 13
1784 3 13 97
1785 3 5 53
1786 3 11 67
1787 3 5 113
1788 3 13 37
1789 3 5 89
1790 3 5 19
1791 3 5 53
1792 3 11 53
1793 3 5 29
1794 3 29 71
1795 3 5 13
1796 3 11 67
1797 3 5 101
1798 3 17 103
1799 3 5 7
1800 3 19 113
1801 3 5 11
1802 3 5 131
1803 3 5 127
1804 3 5 41
1805 3 11 127
1806 3 53 79
1807 3 5 43
1808 5 7 13
1809 3 5 59
1810 3 5 73
1811 3 17 83
1812 3 29 101
1813 3 103 127
1814 3 5 7
1815 3 59 67
1816 3 5 101
1817 3 13 107
1818 5 7 19
1819 3 5 67
1820 3 5 79
1821 3 5 7
1822 3 5 43
1823 3 13 83
1824 3 5 113
1825 3 5 61
1826 3 5 131
1827 3 5 107
1828 3 19 79
1829 3 5 13
1830 3 5 97
1831 3 53 83
1832 3 17 67
1833 3 5 23
1834 3 29 83
1835 3 29 83
1836 3 29 41
1837 3 11 29
1838 3 5 7
1839 3 53 73
1840 5 7 23
1841 3 19 61
1842 3 29 41
1843 5 13 113
1844 3 5 97
1845 3 5 71
1846 3 17 89
1847 3 5 97
1848 3 5 67
1849 3 5 97
1850 3 5 89
1851 3 5 97
1852 3 5 13
1853 5 7 23
1854 3 11 71
1855 3 5 67
1856 3 5 19
1857 3 5 13
1858 3 5 47
1859 3 11 23
1860 3 19 29
1861 3 5 79
1862 5 59 107
1863 3 19 109
1864 3 5 89
1865 3 5 61
1866 3 11 107
1867 3 7 61
1868 3 11 113
1869 3 37 113
1870 3 5 23
1871 3 5 71
1872 3 5 37
1873 3 11 127
1874 3 23 97
1875 3 19 89
1876 5 7 67
1877 3 83 131
1878 3 5 61
1879 3 5 31
1880 3 41 43
1881 3 5 7
1882 5 11 97
1883 3 79 109
1884 5 11 43
1885 3 97 131
1886 3 5 101
1887 3 13 43
1888 3 11 101
1889 3 5 19
1890 5 11 101
1891 3 5 73
1892 3 29 107
1893 3 5 29
1894 3 11 83
1895 3 31 53
1896 3 5 13
1897 3 23 97
1898 3 29 73
1899 3 5 11
1900 3 5 41
1901 3 5 89
1902 5 7 61
1903 3 5 79
1904 3 5 79
1905 3 13 19
1906 3 5 73
1907 3 43 89
1908 3 5 101
1909 5 7 53
1910 3 5 31
1911 3 11 13
1912 3 19 97
1913 3 19 53
1914 5 19 59
1915 3 53 131
1916 5 7 37
1917 3 23 71
1918 3 5 61
1919 3 19 37
1920 3 5 31
1921 3 59 83
1922 3 5 41
1923 3 23 31
1924 3 5 23
1925 3 5 109
1926 3 5 43
1927 3 13 79
1928 3 19 59
1929 3 17 127
1930 3 67 73
1931 3 11 89
1932 3 31 37
1933 5 13 89
1934 3 5 107
1935 5 11 97
1936 3 5 29
1937 3 5 131
1938 3 31 103
1939 5 7 79
1940 3 23 31
1941 3 5 19
1942 3 5 127
1943 3 7 97
1944 3 41 59
1945 3 13 53
1946 3 59 103
1947 3 5 13
1948 3 5 113
1949 3 17 61
1950 3 41 83
1951 3 31 89
1952 3 13 41
1953 3 43 107
1954 3 17 19
1955 3 11 107
1956 3 13 131
1957 3 5 7
1958 3 127 131
1959 3 67 73
1960 3 13 29
1961 3 5 7
1962 3 5 7
1963 3 43 113
1964 3 17 67
1965 3 5 83
1966 3 37 79
1967 3 7 13
1968 3 23 97
1969 3 5 47
1970 3 5 101
1971 3 29 47
1972 3 11 79
1973 3 5 101
1974 3 5 13
1975 3 5 83
1976 3 13 103
1977 3 5 53
1978 3 23 109
1979 3 41 89
1980 3 7 13
1981 5 7 61
1982 3 5 101
1983 3 5 127
1984 3 5 59
1985 3 107 127
1986 3 5 131
1987 3 13 83
1988 3 5 29
1989 3 13 107
1990 3 5 37
1991 3 17 73
1992 3 5 101
1993 3 13 53
1994 3 5 83
1995 3 11 113
1996 3 19 43
1997 3 31 59
1998 3 101 131
1999 3 11 41
2000 3 5 59
2001 3 5 43
2002 3 5 59
2003 5 11 17
2004 3 5 53
2005 3 5 23
2006 3 7 59
2007 3 13 109
2008 3 19 37
2009 3 5 53
2010 5 7 59
2011 3 13 41
2012 3 7 61
2013 3 41 43
2014 5 29 97
2015 3 5 79
2016 3 5 13
2017 3 29 43
2018 3 41 71
2019 3 5 73
2020 3 5 13
2021 3 5 13
2022 3 17 67
2023 3 5 73
2024 3 11 31
2025 3 5 11
2026 3 5 17
2027 3 43 47
2028 3 5 31
2029 3 5 37
2030 3 5 61
2031 3 73 79
2032 3 5 59
2033 5 13 47
2034 3 5 41
2035 3 79 109
2036 3 37 67
2037 3 23 59
2038 3 5 7
2039 3 5 73
2040 3 5 41
2041 3 53 113
2042 3 5 19
2043 3 43 61
2044 3 59 71
2045 3 5 127
2046 3 5 41
2047 3 11 61
