2048 3 43 103
2049 3 7 103
2050 3 5 101
2051 3 5 11
2052 3 11 41
2053 3 5 31
2054 3 5 113
2055 3 5 37
2056 3 47 103
2057 3 5 97
2058 3 5 67
2059 3 11 53
2060 3 11 59
2061 3 5 59
2062 3 5 43
2063 3 13 101
2064 3 59 97
2065 3 13 59
2066 3 13 103
2067 3 5 59
2068 3 43 107
2069 3 5 17
2070 3 13 71
2071 3 13 59
2072 3 5 59
2073 3 5 103
2074 3 5 37
2075 3 5 19
2076 3 17 107
2077 3 5 17
2078 3 31 113
2079 3 11 113
2080 3 5 53
2081 3 5 7
2082 3 5 89
2083 3 5 23
2084 3 23 103
2085 3 5 29
2086 3 5 31
2087 3 5 43
2088 5 11 67
2089 3 29 61
2090 3 7 23
2091 3 5 19
2092 3 5 101
2093 3 5 11
2094 3 11 83
2095 3 5 79
2096 3 17 59
2097 3 5 13
2098 3 5 73
2099 5 7 13
2100 3 5 53
2101 3 11 29
2102 3 19 67
2103 3 11 79
2104 3 11 127
2105 3 5 71
2106 5 11 37
2107 3 5 103
2108 3 31 41
2109 3 5 7
2110 3 5 13
2111 3 5 101
2112 3 61 127
2113 3 13 89
2114 3 31 53
2115 3 13 47
2116 3 17 29
2117 3 5 73
2118 3 37 79
2119 3 23 67
2120 3 29 101
2121 5 7 59
2122 3 5 29
2123 3 13 113
2124 3 13 113
2125 3 7 107
2126 3 5 67
2127 3 13 67
2128 3 29 103
2129 5 19 37
2130 3 11 13
2131 3 5 61
2132 3 29 53
2133 3 5 7
2134 3 47 101
2135 3 5 43
2136 3 5 89
2137 3 11 79
2138 3 29 47
2139 3 5 109
2140 3 5 41
2141 5 11 113
2142 3 5 31
2143 3 5 43
2144 3 5 19
2145 3 17 19
2146 5 29 79
2147 3 5 67
2148 3 73 89
2149 3 13 47
2150 5 7 73
2151 3 7 13
2152 3 19 109
2153 3 13 101
2154 5 7 19
2155 3 19 71
2156 3 5 47
2157 3 5 109
2158 3 13 41
2159 3 19 107
2160 3 5 7
2161 3 7 79
2162 3 61 67
2163 5 7 109
2164 3 11 13
2165 3 5 73
2166 3 5 37
2167 3 5 61
2168 3 29 127
2169 3 17 113
2170 5 11 31
2171 3 13 43
2172 3 13 37
2173 3 13 79
2174 3 67 79
2175 3 29 83
2176 3 5 83
2177 5 17 109
2178 3 13 71
2179 3 13 67
2180 3 11 61
2181 3 5 11
2182 3 5 11
2183 3 5 71
2184 3 5 53
2185 3 5 11
2186 3 13 37
2187 3 5 43
2188 3 5 89
2189 3 5 11
2190 3 13 103
2191 3 61 107
2192 5 13 131
2193 3 5 71
2194 3 5 59
2195 3 13 103
2196 3 13 43
2197 3 13 37
2198 3 5 37
2199 3 5 31
2200 3 11 97
2201 3 5 89
2202 3 5 41
2203 3 19 61
2204 3 5 67
2205 3 53 67
2206 5 7 101
2207 3 89 113
2208 5 11 13
2209 5 7 79
2210 3 43 83
2211 3 13 29
2212 3 5 61
2213 3 5 29
2214 3 5 19
2215 3 13 47
2216 3 5 43
2217 3 19 29
2218 3 5 17
2219 3 31 73
2220 3 5 89
2221 3 5 19
2222 3 23 41
2223 3 5 29
2224 3 61 67
2225 3 13 103
2226 3 29 71
2227 3 17 23
2228 3 23 107
2229 3 13 53
2230 3 19 109
2231 3 31 61
2232 3 5 37
2233 5 19 59
2234 3 5 13
2235 3 23 73
2236 3 5 43
2237 3 5 11
2238 3 11 31
2239 3 19 131
2240 3 61 73
2241 3 5 131
2242 3 5 103
2243 3 19 109
2244 5 17 107
2245 3 5 53
2246 3 37 47
2247 3 7 53
2248 5 23 61
2249 5 7 79
2250 3 5 7
2251 3 19 101
2252 3 37 47
2253 3 5 13
2254 3 5 113
2255 3 13 53
2256 5 7 11
2257 3 19 127
2258 3 5 37
2259 3 83 127
2260 3 5 41
2261 3 17 107
2262 3 13 61
2263 3 5 59
2264 3 5 41
2265 3 31 107
2266 3 7 73
2267 5 7 79
2268 3 5 67
2269 3 5 61
2270 5 19 43
2271 3 13 131
2272 3 5 101
2273 3 5 13
2274 3 11 61
2275 3 17 43
2276 3 5 19
2277 3 13 47
2278 3 23 131
2279 3 97 109
2280 5 17 37
2281 3 5 71
2282 5 7 79
2283 3 5 43
2284 5 7 13
2285 3 5 103
2286 3 5 7
2287 3 67 97
2288 3 71 127
2289 3 5 97
2290 3 23 59
2291 3 5 83
2292 3 5 71
2293 3 13 127
2294 3 17 103
2295 3 5 47
2296 3 67 83
2297 3 11 23
2298 3 5 73
2299 3 5 107
2300 3 5 103
2301 3 31 107
2302 3 41 43
2303 3 5 19
2304 3 7 103
2305 3 5 97
2306 5 17 97
2307 3 37 67
2308 3 41 131
2309 3 11 29
2310 3 5 11
2311 3 5 89
2312 3 23 73
2313 3 103 109
2314 5 7 67
2315 3 5 23
2316 3 19 83
2317 3 37 41
2318 3 5 7
2319 3 37 59
2320 3 13 113
2321 3 11 109
2322 3 5 43
2323 3 53 97
2324 3 5 17
2325 3 5 13
2326 3 11 107
2327 5 17 47
2328 3 13 73
2329 3 5 59
2330 3 11 29
2331 3 7 37
2332 3 5 47
2333 3 11 43
2334 3 13 113
2335 3 41 127
2336 3 11 67
2337 5 7 127
2338 3 37 89
2339 3 13 131
2340 3 23 71
2341 3 5 43
2342 3 5 47
2343 3 67 97
2344 3 13 61
2345 3 5 17
2346 3 13 127
2347 3 31 113
2348 5 13 19
2349 3 5 109
2350 3 13 31
2351 3 7 109
2352 3 5 13
2353 3 7 73
2354 3 13 41
2355 3 7 59
2356 3 31 43
2357 3 11 59
2358 3 5 7
2359 3 5 31
2360 3 23 103
2361 3 5 109
2362 3 13 23
2363 3 5 97
2364 3 5 29
2365 3 5 131
2366 3 17 89
2367 3 5 73
2368 3 5 37
2369 3 7 37
2370 3 13 83
2371 3 5 73
2372 3 5 31
2373 3 5 59
2374 3 5 83
2375 3 7 61
2376 3 5 37
2377 3 5 67
2378 3 17 61
2379 3 19 97
2380 3 5 43
2381 3 5 59
2382 3 5 97
2383 3 5 11
2384 3 5 37
2385 3 5 43
2386 3 5 73
2387 3 5 131
2388 3 37 59
2389 3 13 53
2390 5 7 101
2391 3 7 79
2392 3 5 67
2393 3 31 113
2394 3 5 61
2395 3 5 103
2396 3 41 109
2397 3 5 83
2398 3 7 11
2399 3 11 101
2400 3 29 67
2401 3 41 83
2402 3 71 73
2403 3 5 71
2404 3 89 97
2405 3 5 41
2406 3 29 103
2407 3 5 41
2408 3 5 47
2409 3 19 47
2410 3 5 19
2411 3 23 43
2412 3 5 103
2413 3 5 89
2414 3 11 13
2415 3 13 107
2416 3 5 47
2417 3 5 17
2418 3 29 41
2419 3 13 103
2420 5 11 97
2421 3 29 41
2422 3 7 23
2423 3 5 31
2424 3 13 37
2425 3 5 17
2426 3 17 113
2427 3 73 89
2428 3 13 79
2429 3 5 73
2430 5 13 53
2431 3 5 103
2432 3 5 29
2433 3 11 13
2434 3 29 79
2435 3 5 23
2436 3 5 47
2437 3 43 73
2438 3 89 101
2439 3 31 107
2440 3 13 73
2441 3 7 53
2442 3 17 67
2443 3 5 109
2444 3 31 37
2445 3 5 11
2446 3 41 89
2447 5 13 29
2448 3 13 23
2449 3 61 103
2450 3 5 97
2451 3 5 13
2452 3 5 73
2453 3 5 127
2454 3 5 23
2455 3 13 83
2456 3 23 73
2457 3 31 41
2458 3 13 109
2459 3 29 37
2460 3 17 31
2461 5 11 29
2462 3 5 29
2463 5 7 59
2464 3 29 83
2465 3 23 73
2466 3 13 67
2467 3 31 101
2468 3 13 59
2469 3 5 103
2470 3 13 131
2471 3 23 83
2472 3 5 109
2473 3 41 113
2474 5 7 13
2475 3 37 109
2476 3 31 103
2477 3 13 47
2478 3 5 17
2479 3 67 97
2480 3 31 101
2481 3 7 59
2482 3 23 101
2483 3 13 73
2484 3 11 107
2485 3 5 47
2486 3 5 79
2487 3 5 29
2488 3 5 11
2489 3 31 61
2490 3 5 47
2491 3 5 31
2492 3 5 103
2493 3 31 47
2494 3 7 73
2495 3 23 31
2496 3 5 13
2497 3 61 103
2498 3 5 7
2499 3 5 29
2500 3 17 29
2501 3 5 11
2502 3 5 103
2503 3 5 19
2504 3 5 37
2505 3 19 47
2506 3 5 67
2507 3 59 101
2508 3 59 101
2509 3 5 47
2510 3 5 7
2511 3 5 47
2512 3 37 61
2513 3 5 17
2514 3 5 17
2515 3 5 29
2516 3 5 23
2517 3 83 131
2518 3 5 13
2519 3 13 41
2520 3 13 71
2521 3 5 71
2522 3 5 53
2523 3 23 41
2524 3 5 13
2525 3 23 37
2526 3 19 73
2527 3 13 101
2528 3 11 89
2529 3 47 107
2530 3 43 67
2531 3 13 71
2532 3 13 37
2533 3 5 43
2534 3 13 47
2535 3 5 109
2536 3 13 53
2537 5 13 53
2538 3 5 109
2539 3 7 113
2540 3 5 47
2541 3 5 79
2542 3 5 37
2543 5 17 73
2544 3 11 17
2545 3 5 61
2546 3 13 71
2547 3 61 113
2548 3 29 37
2549 3 23 53
2550 3 5 13
2551 3 17 43
2552 3 5 19
2553 3 5 71
2554 3 11 109
2555 3 5 43
2556 3 7 97
2557 3 11 41
2558 3 29 127
2559 3 5 13
