2560 3 5 71
2561 3 5 103
2562 3 31 41
2563 3 11 53
2564 3 5 31
2565 3 7 73
2566 3 7 131
2567 3 17 19
2568 3 17 47
2569 3 5 113
2570 3 5 41
2571 3 5 97
2572 3 5 11
2573 3 71 107
2574 3 13 19
2575 3 5 127
2576 3 37 109
2577 3 19 101
2578 3 13 127
2579 3 7 83
2580 3 5 127
2581 3 17 19
2582 3 5 131
2583 3 29 41
2584 3 59 97
2585 3 5 17
2586 3 7 109
2587 5 11 41
2588 3 5 103
2589 3 5 31
2590 3 5 41
2591 3 5 109
2592 3 5 113
2593 3 5 13
2594 3 13 127
2595 3 19 101
2596 3 5 37
2597 3 23 61
2598 3 5 61
2599 3 5 43
2600 3 43 109
2601 3 5 13
2602 3 5 23
2603 3 5 61
2604 3 5 83
2605 3 5 47
2606 3 5 7
2607 3 47 53
2608 3 31 107
2609 3 17 113
2610 3 61 67
2611 3 23 29
2612 3 5 71
2613 3 5 127
2614 5 13 89
2615 3 11 109
2616 3 29 67
2617 3 5 23
2618 3 5 127
2619 3 5 103
2620 3 23 43
2621 3 5 43
2622 3 7 31
2623 3 11 83
2624 3 7 107
2625 3 13 97
2626 3 5 13
2627 3 5 43
2628 3 5 71
2629 3 13 23
2630 3 7 73
2631 3 59 83
2632 3 5 43
2633 3 73 109
2634 3 17 47
2635 3 5 71
2636 3 13 43
2637 3 23 53
2638 3 17 29
2639 3 5 41
2640 3 5 83
2641 3 5 23
2642 3 29 79
2643 3 13 79
2644 5 19 127
2645 3 5 83
2646 3 17 103
2647 3 5 11
2648 3 5 89
2649 3 11 83
2650 3 5 127
2651 3 5 37
2652 5 11 37
2653 3 5 13
2654 3 19 97
2655 3 19 79
2656 3 5 67
2657 3 5 37
2658 3 17 53
2659 3 5 61
2660 3 43 83
2661 3 5 47
2662 3 5 13
2663 3 5 107
2664 3 5 97
2665 3 5 131
2666 5 13 113
2667 3 5 107
2668 3 5 29
2669 3 5 61
2670 3 5 107
2671 3 5 131
2672 3 13 67
2673 3 5 37
2674 3 47 103
2675 3 79 89
2676 3 61 113
2677 3 5 97
2678 3 5 29
2679 3 5 29
2680 5 7 23
2681 3 5 19
2682 3 5 13
2683 3 29 61
2684 3 5 107
2685 3 17 53
2686 3 19 103
2687 3 19 101
2688 3 5 103
2689 3 5 31
2690 3 5 23
2691 3 5 7
2692 3 13 79
2693 3 5 109
2694 3 5 17
2695 3 11 17
2696 3 97 107
2697 5 11 47
2698 3 5 43
2699 3 5 107
2700 3 13 113
2701 3 23 59
2702 3 29 89
2703 5 11 19
2704 3 5 67
2705 3 19 53
2706 3 13 23
2707 5 13 101
2708 3 5 89
2709 3 29 53
2710 3 11 43
2711 3 13 47
2712 3 5 23
2713 3 41 71
2714 3 5 61
2715 3 5 113
2716 3 5 13
2717 3 5 101
2718 3 13 67
2719 3 5 11
2720 3 13 61
2721 3 11 29
2722 3 11 29
2723 3 5 131
2724 3 5 53
2725 3 73 131
2726 3 5 19
2727 3 5 59
2728 3 5 73
2729 3 59 67
2730 3 31 107
2731 3 29 53
2732 3 5 31
2733 3 13 113
2734 3 37 43
2735 3 5 13
2736 3 43 127
2737 3 5 61
2738 3 7 83
2739 3 5 13
2740 3 43 101
2741 3 13 29
2742 3 5 31
2743 3 17 37
2744 3 5 101
2745 5 11 53
2746 3 7 67
2747 3 67 127
2748 3 7 131
2749 3 11 37
2750 3 7 67
2751 3 5 83
2752 3 37 97
2753 5 13 59
2754 3 11 113
2755 3 29 41
2756 3 5 71
2757 3 5 13
2758 3 31 103
2759 3 11 17
2760 3 5 7
2761 3 29 59
2762 3 13 17
2763 3 5 19
2764 3 61 107
2765 3 13 71
2766 3 5 19
2767 3 5 71
2768 3 7 131
2769 3 23 73
2770 5 7 47
2771 3 29 67
2772 3 5 47
2773 3 5 17
2774 3 19 107
2775 3 17 53
2776 3 11 79
2777 5 7 31
2778 3 17 37
2779 3 5 47
2780 3 5 13
2781 3 5 101
2782 3 7 41
2783 3 7 17
2784 5 7 53
2785 3 5 71
2786 5 11 73
2787 3 13 17
2788 3 13 29
2789 3 5 37
2790 3 5 37
2791 5 11 89
2792 3 5 37
2793 3 13 41
2794 3 5 23
2795 3 17 29
2796 3 5 97
2797 3 7 131
2798 3 5 79
2799 3 5 19
2800 3 5 97
2801 3 5 47
2802 3 31 47
2803 3 13 47
2804 5 7 113
2805 3 5 83
2806 3 5 83
2807 3 13 73
2808 3 13 109
2809 3 5 109
2810 3 13 113
2811 3 23 89
2812 3 11 97
2813 3 17 113
2814 3 43 97
2815 3 13 43
2816 3 5 17
2817 3 5 29
2818 3 5 23
2819 3 5 53
2820 3 17 53
2821 3 5 131
2822 3 61 89
2823 3 5 43
2824 3 5 61
2825 3 5 31
2826 3 13 73
2827 3 5 13
2828 3 17 59
2829 3 7 17
2830 3 5 29
2831 3 11 47
2832 3 5 109
2833 3 13 79
2834 3 5 47
2835 3 5 31
2836 5 11 83
2837 3 5 41
2838 3 13 127
2839 5 7 37
2840 3 5 11
2841 3 5 83
2842 3 11 73
2843 3 79 89
2844 3 5 37
2845 3 5 67
2846 3 5 131
2847 3 23 37
2848 3 17 101
2849 3 23 109
2850 3 11 67
2851 3 23 83
2852 3 29 101
2853 3 5 11
2854 3 7 31
2855 3 5 103
2856 3 5 43
2857 3 5 71
2858 3 5 11
2859 3 7 53
2860 3 5 23
2861 3 7 79
2862 3 5 41
2863 3 5 107
2864 3 19 31
2865 3 13 101
2866 3 53 113
2867 3 5 43
2868 3 71 73
2869 3 41 109
2870 3 13 29
2871 3 5 43
2872 3 113 131
2873 3 31 79
2874 3 5 11
2875 3 29 31
2876 3 5 7
2877 3 37 41
2878 3 37 67
2879 3 53 131
2880 3 7 83
2881 3 5 59
2882 3 47 79
2883 3 53 61
2884 3 7 127
2885 3 5 13
2886 3 5 43
2887 3 53 83
2888 3 11 101
2889 3 11 101
2890 3 17 67
2891 3 5 53
2892 3 23 43
2893 3 5 11
2894 3 29 61
2895 3 17 19
2896 3 29 53
2897 3 5 17
2898 3 19 73
2899 3 5 73
2900 3 17 37
2901 3 5 73
2902 3 31 109
2903 3 53 61
2904 3 5 41
2905 3 5 41
2906 3 5 67
2907 3 11 83
2908 3 5 79
2909 5 17 103
2910 3 5 23
2911 3 73 131
2912 3 79 107
2913 3 5 53
2914 3 13 79
2915 3 11 131
2916 3 11 41
2917 3 13 101
2918 3 5 61
2919 3 13 43
2920 3 23 41
2921 5 11 127
2922 3 5 109
2923 3 13 53
2924 3 17 53
2925 3 13 89
2926 3 5 71
2927 3 5 89
2928 3 5 29
2929 3 101 109
2930 3 13 79
2931 3 5 19
2932 3 5 31
2933 5 11 13
2934 3 23 107
2935 3 5 43
2936 5 13 41
2937 3 31 41
2938 3 5 113
2939 3 11 127
2940 3 5 23
2941 3 5 13
2942 3 5 37
2943 3 13 79
2944 3 5 53
2945 3 5 13
2946 3 13 47
2947 3 13 17
2948 3 79 101
2949 3 23 29
2950 5 7 103
2951 5 13 101
2952 3 31 131
2953 3 31 131
2954 3 5 31
2955 3 5 89
2956 3 5 43
2957 3 13 97
2958 3 5 37
2959 3 31 37
2960 3 61 73
2961 3 13 19
2962 3 5 29
2963 5 7 47
2964 3 19 59
2965 3 5 19
2966 3 59 97
2967 3 11 83
2968 3 83 89
2969 3 41 113
2970 3 5 37
2971 3 5 19
2972 5 31 89
2973 3 23 83
2974 3 5 29
2975 3 43 107
2976 3 43 61
2977 3 5 107
2978 3 5 89
2979 3 11 31
2980 3 13 31
2981 3 5 61
2982 3 5 43
2983 3 13 89
2984 3 31 71
2985 3 5 127
2986 3 17 59
2987 3 5 37
2988 3 7 37
2989 3 41 103
2990 3 5 79
2991 3 5 53
2992 3 29 103
2993 3 89 97
2994 3 5 7
2995 3 5 29
2996 3 5 113
2997 5 13 71
2998 3 5 113
2999 3 5 109
3000 3 5 41
3001 3 13 103
3002 3 7 67
3003 3 7 67
3004 3 5 29
3005 3 5 13
3006 3 5 101
3007 3 31 67
3008 3 11 37
3009 3 5 7
3010 3 5 23
3011 3 23 29
3012 3 13 59
3013 3 13 17
3014 3 5 79
3015 3 5 37
3016 3 11 59
3017 3 61 101
3018 3 11 13
3019 3 5 61
3020 3 29 53
3021 3 13 29
3022 3 19 47
3023 5 11 83
3024 3 5 31
3025 3 11 13
3026 5 7 67
3027 5 19 89
3028 3 53 101
3029 3 5 43
3030 3 5 61
3031 3 5 101
3032 3 5 73
3033 3 7 11
3034 3 13 31
3035 3 41 131
3036 3 11 29
3037 5 11 61
3038 3 5 41
3039 3 41 83
3040 3 5 67
3041 5 7 17
3042 3 5 29
3043 3 11 103
3044 3 79 101
3045 3 5 23
3046 3 19 109
3047 3 5 67
3048 3 13 71
3049 3 31 83
3050 3 29 53
3051 3 5 107
3052 3 5 13
3053 3 17 37
3054 3 5 43
3055 3 11 31
3056 3 19 101
3057 5 7 41
3058 3 71 83
3059 3 17 67
3060 3 5 127
3061 3 5 71
3062 3 97 103
3063 3 19 71
3064 5 13 37
3065 3 5 41
3066 3 5 53
3067 3 5 127
3068 3 5 59
3069 3 5 17
3070 3 13 89
3071 3 29 73
