3072 3 11 31
3073 3 5 101
3074 3 31 43
3075 3 5 7
3076 3 5 19
3077 3 5 11
3078 3 53 89
3079 3 5 79
3080 3 5 19
3081 3 17 83
3082 3 23 109
3083 5 7 43
3084 3 5 19
3085 3 5 13
3086 3 101 103
3087 5 11 73
3088 3 5 71
3089 3 13 79
3090 3 5 13
3091 3 17 53
3092 3 11 17
3093 3 101 109
3094 3 5 29
3095 3 17 23
3096 3 29 103
3097 3 7 41
3098 5 7 83
3099 3 5 23
3100 3 11 103
3101 3 5 37
3102 3 19 41
3103 3 29 109
3104 3 29 53
3105 3 53 97
3106 3 7 41
3107 3 5 41
3108 3 13 29
3109 3 5 17
3110 3 19 109
3111 3 13 61
3112 3 13 53
3113 3 5 73
3114 3 79 89
3115 5 7 37
3116 3 5 131
3117 3 101 109
3118 3 7 29
3119 3 5 13
3120 3 5 13
3121 3 5 53
3122 3 37 83
3123 5 7 109
3124 3 5 7
3125 3 5 61
3126 3 5 71
3127 3 5 11
3128 3 5 73
3129 3 13 89
3130 3 13 61
3131 3 11 53
3132 3 5 13
3133 5 13 23
3134 3 17 53
3135 3 17 53
3136 3 17 71
3137 3 13 17
3138 3 7 11
3139 3 5 59
3140 3 11 71
3141 3 7 67
3142 5 7 127
3143 3 5 11
3144 3 5 17
3145 3 43 61
3146 3 5 11
3147 3 5 101
3148 3 5 113
3149 3 19 107
3150 3 59 83
3151 3 17 43
3152 3 5 127
3153 3 13 103
3154 3 29 41
3155 3 5 7
3156 3 37 47
3157 3 13 97
3158 3 17 109
3159 5 13 83
3160 3 31 37
3161 3 61 71
3162 3 23 107
3163 3 13 37
3164 5 11 113
3165 3 5 73
3166 3 5 19
3167 3 5 13
3168 3 59 103
3169 3 11 37
3170 3 5 103
3171 3 61 101
3172 3 31 53
3173 3 37 59
3174 5 31 131
3175 3 5 101
3176 3 7 59
3177 3 5 71
3178 3 5 29
3179 3 5 73
3180 3 7 17
3181 3 5 103
3182 3 43 47
3183 5 13 61
3184 3 7 101
3185 3 11 79
3186 3 83 89
3187 3 5 53
3188 3 5 13
3189 3 17 73
3190 3 13 19
3191 3 11 47
3192 3 31 101
3193 3 97 131
3194 3 5 103
3195 3 13 101
3196 3 13 29
3197 3 23 29
3198 5 19 89
3199 3 5 89
3200 3 7 103
3201 3 59 103
3202 3 23 37
3203 3 5 101
3204 3 59 83
3205 3 5 31
3206 5 23 101
3207 3 13 53
3208 3 5 29
3209 3 37 53
3210 3 41 61
3211 5 7 37
3212 5 7 37
3213 3 19 29
3214 3 5 29
3215 3 5 107
3216 3 19 31
3217 3 5 109
3218 3 5 19
3219 3 17 67
3220 3 7 107
3221 3 13 17
3222 3 67 101
3223 3 5 131
3224 3 17 127
3225 3 23 31
3226 3 13 107
3227 3 47 67
3228 3 5 107
3229 3 73 127
3230 3 5 97
3231 3 5 67
3232 3 19 37
3233 5 11 107
3234 3 5 17
3235 3 19 127
3236 5 11 47
3237 3 61 103
3238 3 11 19
3239 3 5 71
3240 3 19 83
3241 3 73 101
3242 3 11 53
3243 3 23 59
3244 3 5 73
3245 3 67 107
3246 3 5 97
3247 3 13 53
3248 3 17 127
3249 3 37 131
3250 3 7 11
3251 3 43 73
3252 3 5 31
3253 3 5 97
3254 5 7 53
3255 5 13 29
3256 5 7 43
3257 3 5 23
3258 3 5 29
3259 3 5 127
3260 3 17 107
3261 3 19 101
3262 3 5 47
3263 3 17 23
3264 3 5 43
3265 3 5 29
3266 3 73 109
3267 3 5 79
3268 3 5 89
3269 3 5 17
3270 3 67 83
3271 3 5 13
3272 3 5 37
3273 3 11 109
3274 3 5 79
3275 3 61 67
3276 3 5 31
3277 5 13 31
3278 3 17 89
3279 3 5 67
3280 3 7 67
3281 3 5 41
3282 3 19 83
3283 3 19 61
3284 3 5 29
3285 3 17 97
3286 3 41 53
3287 3 5 73
3288 3 5 13
3289 3 13 107
3290 3 5 37
3291 3 59 61
3292 3 47 61
3293 5 11 13
3294 3 5 73
3295 3 13 29
3296 3 5 7
3297 3 5 113
3298 3 7 23
3299 3 5 89
3300 3 37 43
3301 5 11 13
3302 3 5 127
3303 3 13 71
3304 3 5 73
3305 3 5 113
3306 3 5 41
3307 3 59 97
3308 3 11 67
3309 3 67 107
3310 3 43 127
3311 3 13 59
3312 3 11 73
3313 3 5 29
3314 3 5 83
3315 3 7 97
3316 3 19 43
3317 3 5 73
3318 3 11 109
3319 3 5 53
3320 3 5 19
3321 3 13 101
3322 3 5 83
3323 3 23 67
3324 5 11 61
3325 3 5 47
3326 3 7 41
3327 3 7 47
3328 3 13 53
3329 3 5 89
3330 3 17 83
3331 3 89 113
3332 3 61 67
3333 3 5 67
3334 3 5 29
3335 3 89 97
3336 3 7 113
3337 3 5 101
3338 3 61 97
3339 3 5 11
3340 5 13 73
3341 3 5 113
3342 3 5 113
3343 3 23 73
3344 3 5 89
3345 3 5 19
3346 3 5 71
3347 3 13 29
3348 5 13 71
3349 3 17 107
3350 3 5 71
3351 3 5 13
3352 5 13 127
3353 5 7 11
3354 3 5 29
3355 3 13 29
3356 3 5 17
3357 3 5 7
3358 3 5 41
3359 3 13 37
3360 3 59 97
3361 3 5 13
3362 3 17 79
3363 3 5 23
3364 3 13 113
3365 3 5 71
3366 3 13 73
3367 3 29 61
3368 3 19 29
3369 3 5 89
3370 3 11 79
3371 3 103 107
3372 3 7 31
3373 3 19 23
3374 3 5 131
3375 3 19 127
3376 3 79 107
3377 3 5 13
3378 3 7 73
3379 3 13 107
3380 3 5 59
3381 3 89 131
3382 3 11 103
3383 3 41 47
3384 3 13 47
3385 3 31 59
3386 3 41 59
3387 3 23 113
3388 3 41 113
3389 3 11 17
3390 5 7 73
3391 3 5 41
3392 3 5 71
3393 3 5 109
3394 3 5 89
3395 3 37 73
3396 3 5 53
3397 3 5 23
3398 3 19 67
3399 5 59 127
3400 3 19 71
3401 3 11 13
3402 3 5 7
3403 3 71 79
3404 3 71 73
3405 3 5 17
3406 3 107 113
3407 3 41 101
3408 3 13 29
3409 3 5 101
3410 3 13 61
3411 3 7 41
3412 3 37 83
3413 3 19 127
3414 3 13 23
3415 3 13 61
3416 3 41 107
3417 3 31 79
3418 3 5 101
3419 3 19 73
3420 3 37 131
3421 3 19 71
3422 3 5 29
3423 3 53 101
3424 3 5 59
3425 3 19 113
3426 3 5 41
3427 3 5 67
3428 3 5 17
3429 3 37 83
3430 3 29 73
3431 3 5 23
3432 3 5 61
3433 3 37 43
3434 3 17 127
3435 3 61 103
3436 3 13 59
3437 3 5 61
3438 3 41 47
3439 3 43 73
3440 3 11 71
3441 3 29 47
3442 3 5 113
3443 3 13 19
3444 3 23 47
3445 3 13 107
3446 3 73 109
3447 3 5 31
3448 3 5 103
3449 3 11 13
3450 3 5 17
3451 3 5 67
3452 3 37 113
3453 3 53 107
3454 3 5 97
3455 3 11 43
3456 3 5 83
3457 3 13 67
3458 3 5 11
3459 5 17 23
3460 3 5 47
3461 3 13 79
3462 3 37 109
3463 3 13 97
3464 3 5 83
3465 3 11 31
3466 3 5 113
3467 3 7 23
3468 5 7 43
3469 3 23 43
3470 3 5 29
3471 3 13 103
3472 3 5 7
3473 3 13 19
3474 3 5 113
3475 3 5 43
3476 3 5 71
3477 3 5 19
3478 5 7 41
3479 3 5 29
3480 3 5 127
3481 3 5 53
3482 3 5 83
3483 3 5 23
3484 3 37 41
3485 3 19 41
3486 3 5 7
3487 3 11 71
3488 5 7 101
3489 3 11 127
3490 3 5 67
3491 3 11 71
3492 3 5 59
3493 3 29 37
3494 3 11 17
3495 3 5 23
3496 3 5 7
3497 3 19 83
3498 3 5 83
3499 3 11 97
3500 5 11 71
3501 3 17 131
3502 3 5 127
3503 3 5 29
3504 3 5 113
3505 3 11 59
3506 3 5 73
3507 3 5 103
3508 3 5 103
3509 3 103 131
3510 5 13 113
3511 3 5 59
3512 3 5 59
3513 5 13 71
3514 3 5 13
3515 3 5 29
3516 3 31 61
3517 3 5 7
3518 3 23 103
3519 3 23 89
3520 3 7 19
3521 3 31 101
3522 3 5 53
3523 3 13 37
3524 3 5 7
3525 3 59 109
3526 3 5 37
3527 3 5 67
3528 3 5 47
3529 3 13 23
3530 5 7 131
3531 3 5 13
3532 3 5 61
3533 3 5 19
3534 3 29 59
3535 3 5 79
3536 3 53 83
3537 3 53 73
3538 3 5 47
3539 3 71 109
3540 3 5 19
3541 5 7 79
3542 3 5 101
3543 3 13 79
3544 3 5 89
3545 3 31 59
3546 3 5 113
3547 3 5 31
3548 3 5 31
3549 3 5 73
3550 3 5 29
3551 3 5 97
3552 5 31 37
3553 3 53 71
3554 3 19 29
3555 3 61 89
3556 3 5 61
3557 3 5 71
3558 3 5 37
3559 3 31 37
3560 3 47 127
3561 3 11 89
3562 3 5 61
3563 3 5 53
3564 3 11 61
3565 3 5 113
3566 3 5 107
3567 3 5 7
3568 3 29 107
3569 3 5 103
3570 3 5 7
3571 5 7 53
3572 3 17 131
3573 3 19 31
3574 3 7 73
3575 3 11 131
3576 3 5 7
3577 3 31 97
3578 3 5 17
3579 3 19 131
3580 3 11 43
3581 3 5 127
3582 3 5 43
3583 3 5 53
