3584 3 5 61
3585 3 5 43
3586 3 5 47
3587 5 7 37
3588 3 19 47
3589 3 73 103
3590 3 5 53
3591 3 13 79
3592 3 5 103
3593 3 13 101
3594 3 17 67
3595 3 7 11
3596 3 5 17
3597 3 37 67
3598 3 11 71
3599 3 59 107
3600 3 11 41
3601 5 7 89
3602 3 13 73
3603 3 43 61
3604 3 11 13
3605 5 13 71
3606 3 19 53
3607 3 5 37
3608 3 43 89
3609 3 5 11
3610 3 5 131
3611 3 47 109
3612 3 5 11
3613 3 19 73
3614 3 47 109
3615 3 5 41
3616 3 13 107
3617 3 43 103
3618 3 5 37
3619 3 19 43
3620 5 13 71
3621 3 11 67
3622 3 5 59
3623 3 5 113
3624 3 29 101
3625 3 47 67
3626 3 11 53
3627 3 31 113
3628 3 29 59
3629 5 13 59
3630 3 7 61
3631 3 11 61
3632 3 11 23
3633 3 5 31
3634 3 7 11
3635 3 17 47
3636 3 37 79
3637 3 11 29
3638 3 5 37
3639 3 13 53
3640 3 5 89
3641 3 5 59
3642 5 7 67
3643 3 41 131
3644 3 5 11
3645 3 5 73
3646 3 11 23
3647 3 37 101
3648 3 19 97
3649 3 53 83
3650 3 5 23
3651 3 5 43
3652 3 5 53
3653 3 13 67
3654 3 61 71
3655 3 5 131
3656 3 59 67
3657 3 17 101
3658 3 5 41
3659 3 5 61
3660 3 37 103
3661 3 7 13
3662 3 5 19
3663 3 5 23
3664 3 5 19
3665 3 7 107
3666 5 13 131
3667 3 13 67
3668 3 5 7
3669 5 7 29
3670 3 17 79
3671 3 23 97
3672 3 5 31
3673 3 7 43
3674 3 23 113
3675 3 7 23
3676 3 11 13
3677 3 5 89
3678 3 5 43
3679 3 5 47
3680 3 23 37
3681 5 7 59
3682 3 5 31
3683 3 5 103
3684 3 5 113
3685 3 11 67
3686 3 5 47
3687 3 5 11
3688 3 5 103
3689 3 5 17
3690 3 5 29
3691 3 5 43
3692 3 5 41
3693 3 5 89
3694 3 5 13
3695 3 59 83
3696 3 31 89
3697 3 5 23
3698 3 5 59
3699 3 37 113
3700 3 31 41
3701 3 5 101
3702 3 5 89
3703 5 7 13
3704 5 7 17
3705 3 61 71
3706 5 7 17
3707 3 19 83
3708 3 5 29
3709 3 41 43
3710 3 5 31
3711 3 5 47
3712 3 5 43
3713 3 23 53
3714 3 13 37
3715 3 5 73
3716 3 37 47
3717 3 5 13
3718 3 19 67
3719 3 5 79
3720 3 5 31
3721 3 37 71
3722 3 5 101
3723 3 5 107
3724 3 5 79
3725 3 7 13
3726 3 5 43
3727 5 17 19
3728 3 11 13
3729 3 5 47
3730 3 5 29
3731 3 5 23
3732 3 61 109
3733 3 5 59
3734 3 61 107
3735 3 5 31
3736 3 31 103
3737 3 23 109
3738 3 29 43
3739 3 11 113
3740 3 19 67
3741 3 5 43
3742 3 53 127
3743 3 5 41
3744 3 5 23
3745 3 5 73
3746 5 7 23
3747 3 5 7
3748 3 29 109
3749 3 5 7
3750 3 5 61
3751 3 13 71
3752 3 59 107
3753 3 5 13
3754 3 5 23
3755 3 103 131
3756 3 5 41
3757 3 5 89
3758 3 11 103
3759 3 5 7
3760 3 5 103
3761 3 5 13
3762 3 61 97
3763 3 17 79
3764 3 13 37
3765 3 13 109
3766 5 11 17
3767 3 5 53
3768 3 13 103
3769 3 11 43
3770 3 5 59
3771 3 11 59
3772 3 5 79
3773 3 5 11
3774 3 5 109
3775 3 5 13
3776 3 109 113
3777 3 5 43
3778 3 11 61
3779 3 7 41
3780 3 7 31
3781 5 13 61
3782 3 5 7
3783 3 5 59
3784 3 11 73
3785 3 5 131
3786 3 23 103
3787 3 61 97
3788 3 5 67
3789 3 109 127
3790 3 5 23
3791 3 7 109
3792 3 13 53
3793 3 5 19
3794 3 13 37
3795 3 11 43
3796 3 19 23
3797 3 5 7
3798 3 41 67
3799 3 13 53
3800 3 13 61
3801 3 5 29
3802 3 5 67
3803 3 31 113
3804 3 5 43
3805 3 47 59
3806 3 11 127
3807 3 7 17
3808 3 5 47
3809 3 11 47
3810 3 11 73
3811 3 5 101
3812 3 5 101
3813 3 5 53
3814 3 7 37
3815 3 5 31
3816 5 13 43
3817 3 11 47
3818 3 5 103
3819 3 5 103
3820 3 5 11
3821 3 5 19
3822 3 5 43
3823 3 5 37
3824 3 13 53
3825 3 5 7
3826 3 5 11
3827 3 5 61
3828 3 127 131
3829 3 5 41
3830 3 109 127
3831 3 5 67
3832 3 13 59
3833 3 5 67
3834 3 5 53
3835 3 31 61
3836 3 59 71
3837 3 5 11
3838 3 29 31
3839 3 13 59
3840 3 7 103
3841 3 5 67
3842 3 31 107
3843 3 41 109
3844 3 5 113
3845 3 5 73
3846 3 5 59
3847 3 5 47
3848 3 5 17
3849 3 5 17
3850 3 5 11
3851 3 11 61
3852 3 13 89
3853 3 29 113
3854 3 5 47
3855 3 5 79
3856 3 5 79
3857 3 13 103
3858 3 29 43
3859 3 17 89
3860 3 17 107
3861 3 5 23
3862 3 13 97
3863 5 11 101
3864 3 13 83
3865 3 19 61
3866 3 13 83
3867 3 13 29
3868 5 11 71
3869 3 29 83
3870 3 5 79
3871 3 5 7
3872 3 19 59
3873 3 13 109
3874 3 23 79
3875 3 5 127
3876 3 43 47
3877 3 5 53
3878 3 41 79
3879 3 11 113
3880 3 5 103
3881 3 7 79
3882 3 5 103
3883 3 5 73
3884 3 5 47
3885 3 31 43
3886 5 11 71
3887 3 5 61
3888 3 5 41
3889 3 5 53
3890 3 31 61
3891 3 11 17
3892 3 5 67
3893 3 53 97
3894 3 7 37
3895 3 5 67
3896 3 5 23
3897 3 13 59
3898 3 97 103
3899 3 17 31
3900 3 5 29
3901 5 19 23
3902 3 47 113
3903 3 5 97
3904 3 13 37
3905 3 5 53
3906 3 5 101
3907 3 17 59
3908 3 113 131
3909 3 5 101
3910 3 5 107
3911 3 13 19
3912 3 11 23
3913 3 13 29
3914 3 11 103
3915 3 29 127
3916 3 53 61
3917 3 5 97
3918 3 17 37
3919 3 7 101
3920 3 5 13
3921 3 13 59
3922 3 31 103
3923 3 5 53
3924 3 11 13
3925 3 53 127
3926 3 5 103
3927 3 41 59
3928 3 5 37
3929 3 5 23
3930 3 13 131
3931 5 11 13
3932 3 23 73
3933 3 5 17
3934 3 29 103
3935 3 5 131
3936 3 73 101
3937 3 67 83
3938 3 5 47
3939 3 17 53
3940 3 71 131
3941 3 17 61
3942 3 37 89
3943 3 5 29
3944 3 41 101
3945 3 17 23
3946 3 5 59
3947 3 5 19
3948 3 13 89
3949 5 11 67
3950 3 29 109
3951 3 5 59
3952 3 67 79
3953 3 5 47
3954 5 7 19
3955 3 5 11
3956 3 67 79
3957 3 13 31
3958 3 5 13
3959 3 5 73
3960 5 13 19
3961 3 47 53
3962 3 5 31
3963 5 7 19
3964 3 5 7
3965 3 5 37
3966 3 5 127
3967 3 7 113
3968 3 5 127
3969 5 7 79
3970 3 7 29
3971 3 5 61
3972 3 41 97
3973 3 41 61
3974 3 7 29
3975 3 5 109
3976 3 31 127
3977 3 17 19
3978 3 7 53
3979 3 37 103
3980 3 17 23
3981 3 5 83
3982 3 5 37
3983 3 5 13
3984 3 5 103
3985 3 11 13
3986 5 7 13
3987 3 5 13
3988 3 29 41
3989 3 5 67
3990 3 5 29
3991 3 17 113
3992 3 5 43
3993 3 13 31
3994 3 11 13
3995 5 7 109
3996 3 5 127
3997 5 17 103
3998 3 5 127
3999 3 13 37
4000 3 5 79
4001 3 29 109
4002 3 19 37
4003 3 13 41
4004 3 5 23
4005 3 53 83
4006 3 5 101
4007 3 11 37
4008 3 11 79
4009 3 71 73
4010 3 23 109
4011 3 13 89
4012 3 31 131
4013 3 23 29
4014 3 37 109
4015 3 5 11
4016 3 7 79
4017 3 5 83
4018 3 13 29
4019 3 5 13
4020 3 5 43
4021 3 5 13
4022 3 13 101
4023 3 5 7
4024 3 5 13
4025 3 5 13
4026 3 5 61
4027 3 19 61
4028 3 13 41
4029 3 13 97
4030 3 5 31
4031 3 29 73
4032 3 5 97
4033 3 5 23
4034 3 17 23
4035 5 11 29
4036 3 127 131
4037 5 17 43
4038 3 5 109
4039 3 13 103
4040 3 5 31
4041 3 41 131
4042 3 5 59
4043 3 5 13
4044 3 13 101
4045 3 5 83
4046 3 5 67
4047 3 13 103
4048 3 11 47
4049 3 19 103
4050 3 5 103
4051 3 13 101
4052 3 29 101
4053 3 41 43
4054 3 11 59
4055 3 5 41
4056 3 5 43
4057 3 5 53
4058 3 43 97
4059 3 5 79
4060 3 31 59
4061 3 43 73
4062 3 11 107
4063 3 5 19
4064 3 5 127
4065 3 11 29
4066 3 5 43
4067 3 5 113
4068 3 19 67
4069 3 5 107
4070 3 5 17
4071 5 11 79
4072 5 7 11
4073 3 5 19
4074 3 11 43
4075 3 5 127
4076 3 7 13
4077 3 101 127
4078 3 53 61
4079 5 7 107
4080 3 5 17
4081 3 11 37
4082 3 13 73
4083 3 5 37
4084 3 5 47
4085 3 11 61
4086 3 61 131
4087 3 5 61
4088 3 5 47
4089 3 5 11
4090 3 11 127
4091 3 19 83
4092 5 7 89
4093 3 11 61
4094 3 11 89
4095 5 11 41
