512 3 17 31
513 3 5 37
514 3 41 43
515 3 5 61
516 3 13 97
517 5 11 17
518 3 5 23
519 3 5 13
520 3 5 17
521 3 5 17
522 3 5 73
523 3 5 13
524 3 5 7
525 3 5 47
526 5 13 103
527 3 5 97
528 3 13 37
529 3 41 53
530 3 5 67
531 3 73 113
532 3 11 73
533 3 5 113
534 3 5 101
535 3 17 37
536 3 19 107
537 3 13 101
538 3 5 83
539 3 29 37
540 3 59 103
541 3 5 53
542 3 5 113
543 3 5 59
544 3 17 23
545 3 5 109
546 3 17 83
547 3 13 29
548 3 31 101
549 3 13 59
550 3 5 113
551 5 11 37
552 3 5 61
553 5 17 83
554 3 67 97
555 3 17 37
556 3 5 19
557 3 13 41
558 3 29 73
559 3 5 13
560 5 7 13
561 3 5 67
562 3 13 103
563 5 11 103
564 3 41 107
565 3 7 41
566 3 5 53
567 3 5 11
568 3 5 59
569 3 5 7
570 3 59 67
571 3 23 71
572 3 5 61
573 5 11 29
574 3 13 31
575 3 13 67
576 3 5 43
577 5 7 47
578 3 5 79
579 3 17 41
580 3 5 7
581 3 23 53
582 3 79 127
583 3 11 53
584 3 71 101
585 3 31 103
586 5 11 17
587 3 5 17
588 3 67 83
589 3 23 41
590 3 11 13
591 3 13 59
592 3 13 71
593 3 5 83
594 3 5 109
595 3 29 47
596 3 37 83
597 3 11 17
598 3 13 31
599 3 5 13
600 3 17 29
601 3 11 23
602 3 5 83
603 3 5 97
604 5 7 17
605 5 17 71
606 3 5 127
607 3 5 13
608 3 5 59
609 3 31 127
610 3 13 67
611 3 5 89
612 3 19 131
613 3 11 101
614 3 5 19
615 3 5 53
616 5 7 89
617 3 5 7
618 3 7 43
619 3 17 31
620 3 73 83
621 3 5 97
622 3 17 59
623 3 5 23
624 5 13 73
625 5 7 41
626 5 13 107
627 3 5 11
628 3 5 101
629 3 73 131
630 3 37 83
631 3 7 103
632 3 11 23
633 5 7 89
634 3 13 59
635 3 5 61
636 3 13 17
637 3 5 41
638 3 5 43
639 3 5 103
640 3 5 7
641 3 5 71
642 5 17 109
643 3 5 37
644 3 5 67
645 3 11 47
646 3 5 19
647 3 5 79
648 3 5 97
649 5 11 73
650 3 5 67
651 3 41 47
652 3 83 97
653 3 5 109
654 3 37 101
655 3 47 127
656 3 5 131
657 3 17 31
658 3 41 43
659 3 5 31
660 3 109 127
661 3 5 61
662 3 7 109
663 3 53 59
664 3 19 23
665 5 11 61
666 3 23 109
667 3 13 17
668 3 17 29
669 3 5 127
670 3 13 59
671 3 59 73
672 5 7 83
673 3 5 13
674 3 5 67
675 3 5 23
676 3 29 43
677 5 11 101
678 3 17 71
679 3 5 31
680 3 17 109
681 3 5 29
682 3 5 59
683 3 5 17
684 3 5 37
685 3 107 131
686 3 13 37
687 3 5 59
688 3 11 41
689 3 5 13
690 3 37 101
691 3 29 113
692 3 5 41
693 3 41 107
694 5 13 17
695 3 31 113
696 3 5 127
697 3 5 23
698 3 37 113
699 3 5 59
700 5 11 113
701 3 5 29
702 3 5 31
703 3 11 59
704 5 11 101
705 3 13 47
706 3 19 79
707 3 13 73
708 5 11 61
709 3 5 11
710 3 5 43
711 3 5 127
712 3 37 113
713 3 5 107
714 3 5 7
715 3 67 89
716 3 5 113
717 3 47 73
718 3 5 41
719 3 13 61
720 3 5 79
721 3 53 113
722 3 43 101
723 3 5 73
724 3 31 41
725 5 13 67
726 3 5 29
727 3 11 61
728 3 5 59
729 3 5 131
730 3 5 11
731 3 5 97
732 3 7 59
733 3 17 31
734 3 5 23
735 3 11 31
736 3 83 127
737 3 5 23
738 3 29 73
739 3 5 53
740 3 31 83
741 3 5 19
742 3 13 19
743 3 13 103
744 3 5 13
745 3 17 89
746 3 7 29
747 3 41 131
748 3 5 89
749 3 5 131
750 3 13 47
751 3 5 127
752 3 23 59
753 3 13 29
754 3 29 37
755 3 5 53
756 3 5 23
757 5 7 73
758 3 5 89
759 3 5 67
760 3 5 41
761 3 5 61
762 3 13 101
763 3 41 127
764 3 11 103
765 3 5 71
766 3 5 79
767 3 13 47
768 3 11 41
769 3 31 61
770 3 61 73
771 3 79 89
772 3 11 31
773 3 5 17
774 3 5 73
775 3 41 47
776 3 13 113
777 3 17 53
778 3 31 79
779 3 5 43
780 3 5 7
781 3 5 73
782 3 5 71
783 3 31 101
784 3 11 101
785 3 5 41
786 3 5 89
787 3 5 29
788 3 11 109
789 3 7 103
790 3 31 127
791 5 13 17
792 3 37 41
793 3 5 43
794 3 5 67
795 3 5 53
796 3 17 23
797 3 5 7
798 3 7 67
799 3 5 17
800 5 11 37
801 3 5 13
802 5 11 79
803 3 83 101
804 3 37 47
805 3 83 107
806 3 11 97
807 3 5 41
808 3 23 103
809 5 11 19
810 3 5 79
811 3 7 107
812 3 5 19
813 3 37 113
814 3 13 103
815 3 11 41
816 3 5 29
817 3 19 31
818 3 61 101
819 3 107 131
820 3 5 17
821 3 19 113
822 3 79 109
823 3 5 53
824 3 11 13
825 3 11 13
826 3 13 97
827 3 11 89
828 3 13 113
829 3 67 103
830 3 59 103
831 3 5 7
832 3 5 73
833 3 29 97
834 3 13 113
835 3 17 53
836 5 29 73
837 3 17 41
838 3 13 29
839 3 13 71
840 3 13 17
841 3 5 31
842 3 5 47
843 3 61 101
844 3 7 37
845 3 59 97
846 3 83 127
847 3 5 11
848 3 11 31
849 3 13 37
850 3 5 23
851 3 5 73
852 3 29 83
853 3 13 43
854 3 5 59
855 3 5 23
856 5 13 19
857 3 5 7
858 3 5 71
859 3 5 13
860 3 11 47
861 3 11 29
862 3 5 59
863 5 7 29
864 3 17 71
865 3 5 19
866 3 13 67
867 5 11 131
868 3 11 47
869 3 7 61
870 3 5 47
871 3 17 19
872 3 5 109
873 3 11 131
874 3 5 37
875 3 13 127
876 3 31 61
877 3 5 13
878 3 5 37
879 3 53 67
880 3 5 61
881 3 23 79
882 3 23 59
883 3 5 47
884 3 5 67
885 3 5 53
886 3 5 131
887 3 11 29
888 3 83 113
889 3 5 53
890 3 5 79
891 3 11 43
892 5 13 101
893 3 5 37
894 3 5 29
895 3 5 31
896 3 29 37
897 3 31 89
898 5 13 61
899 3 23 83
900 5 13 127
901 3 11 41
902 3 5 47
903 5 7 89
904 3 5 13
905 3 29 107
906 3 19 59
907 3 61 71
908 3 19 47
909 3 41 127
910 3 5 29
911 3 13 67
912 3 11 13
913 3 5 53
914 3 5 11
915 3 5 41
916 3 5 23
917 3 5 43
918 3 61 113
919 3 71 101
920 3 13 29
921 5 7 29
922 3 5 67
923 3 5 29
924 3 5 109
925 3 29 97
926 3 5 23
927 3 5 41
928 5 19 97
929 3 13 19
930 3 5 131
931 3 43 131
932 3 41 43
933 3 7 107
934 3 5 113
935 3 5 79
936 3 19 127
937 3 5 31
938 3 5 13
939 3 23 89
940 3 29 107
941 5 7 79
942 3 5 17
943 3 13 61
944 3 31 97
945 3 5 107
946 3 5 61
947 3 5 7
948 3 19 71
949 3 29 101
950 3 5 73
951 3 13 61
952 3 5 17
953 3 23 109
954 3 17 79
955 5 11 19
956 3 23 131
957 5 11 53
958 3 71 89
959 3 5 127
960 3 5 17
961 3 5 37
962 3 43 71
963 3 5 59
964 3 7 101
965 3 5 109
966 3 5 83
967 3 5 97
968 3 5 13
969 3 5 7
970 5 41 43
971 3 5 11
972 3 5 43
973 3 5 109
974 5 23 73
975 3 5 41
976 3 13 97
977 3 5 79
978 3 23 67
979 3 5 79
980 3 5 89
981 5 13 47
982 3 11 13
983 3 29 101
984 3 5 59
985 3 5 71
986 3 13 71
987 3 37 83
988 3 41 131
989 3 19 67
990 3 11 73
991 3 13 67
992 3 13 19
993 3 53 89
994 3 5 19
995 3 17 43
996 3 5 23
997 5 7 83
998 3 5 11
999 3 29 83
1000 5 19 41
1001 3 19 97
1002 3 13 89
1003 3 5 13
1004 3 5 61
1005 3 5 59
1006 3 59 79
1007 3 29 103
1008 3 5 103
1009 3 19 131
1010 5 7 11
1011 3 97 101
1012 3 5 37
1013 3 7 17
1014 3 5 13
1015 3 11 61
1016 3 61 127
1017 3 5 7
1018 3 37 47
1019 3 47 59
1020 3 29 79
1021 3 37 67
1022 3 5 37
1023 3 13 113
